Instancia:  instances/ms_100_5.txt
# Parámetros de la instancia
Número de haplotipos: 100
Número de genotipos: 50
Cantidad de sitios polimórficos: 5
Haplotipos:
[0, 0, 0, 0, 0]
[0, 0, 1, 0, 0]
[0, 0, 0, 0, 0]
[0, 1, 0, 1, 0]
[0, 0, 1, 0, 0]
[0, 0, 1, 0, 0]
[0, 0, 0, 0, 0]
[0, 0, 0, 0, 0]
[0, 1, 0, 0, 0]
[0, 1, 0, 0, 0]
[0, 1, 0, 0, 0]
[0, 1, 0, 0, 0]
[0, 1, 0, 0, 0]
[0, 0, 0, 0, 0]
[0, 1, 0, 0, 0]
[0, 0, 0, 0, 0]
[0, 1, 0, 0, 0]
[0, 0, 0, 0, 0]
[0, 0, 0, 0, 0]
[0, 1, 0, 0, 0]
[0, 0, 0, 0, 0]
[0, 1, 0, 0, 0]
[0, 1, 0, 0, 0]
[0, 0, 1, 0, 0]
[0, 1, 0, 0, 0]
[0, 0, 0, 0, 0]
[0, 1, 0, 0, 0]
[0, 0, 0, 0, 0]
[0, 0, 0, 0, 0]
[0, 0, 0, 0, 0]
[0, 0, 0, 0, 0]
[0, 0, 0, 0, 0]
[0, 1, 0, 0, 0]
[1, 1, 0, 0, 0]
[0, 1, 0, 0, 0]
[0, 0, 0, 0, 0]
[0, 1, 0, 0, 0]
[0, 0, 0, 0, 0]
[0, 1, 0, 0, 0]
[0, 1, 0, 0, 0]
[0, 1, 0, 0, 0]
[0, 1, 0, 0, 0]
[0, 0, 0, 0, 0]
[0, 0, 1, 0, 0]
[0, 1, 0, 0, 0]
[0, 0, 1, 0, 0]
[0, 1, 0, 0, 0]
[0, 1, 0, 0, 0]
[0, 1, 0, 0, 0]
[0, 1, 0, 0, 0]
[0, 1, 0, 0, 1]
[0, 1, 0, 0, 0]
[0, 1, 0, 0, 0]
[0, 0, 0, 0, 0]
[0, 0, 0, 0, 0]
[0, 0, 0, 0, 0]
[0, 1, 0, 0, 0]
[0, 1, 0, 0, 0]
[0, 1, 0, 0, 0]
[0, 0, 0, 0, 0]
[0, 1, 0, 0, 0]
[0, 0, 0, 0, 0]
[0, 1, 0, 0, 0]
[0, 0, 0, 0, 0]
[0, 1, 0, 0, 0]
[0, 1, 0, 0, 0]
[0, 1, 0, 0, 0]
[0, 0, 0, 0, 0]
[0, 1, 0, 0, 0]
[0, 1, 0, 0, 0]
[0, 1, 0, 0, 0]
[0, 0, 0, 0, 0]
[0, 1, 0, 0, 0]
[0, 1, 0, 0, 0]
[0, 0, 1, 0, 0]
[0, 0, 0, 0, 0]
[0, 0, 0, 0, 0]
[0, 1, 0, 0, 0]
[0, 1, 0, 0, 0]
[0, 1, 0, 0, 0]
[0, 1, 0, 0, 0]
[0, 1, 0, 0, 0]
[0, 1, 0, 0, 0]
[0, 1, 0, 0, 0]
[0, 1, 0, 0, 0]
[0, 1, 0, 0, 0]
[0, 1, 0, 0, 0]
[0, 0, 0, 0, 0]
[0, 1, 0, 0, 0]
[0, 0, 0, 0, 0]
[0, 0, 1, 0, 0]
[0, 1, 0, 0, 0]
[0, 0, 0, 0, 0]
[0, 1, 0, 0, 0]
[0, 1, 0, 0, 0]
[0, 1, 0, 0, 0]
[0, 0, 1, 0, 0]
[0, 0, 1, 0, 0]
[0, 1, 0, 0, 0]
[0, 1, 0, 0, 0]
Genotipos:
[0, 0, 2, 0, 0]
[0, 2, 0, 2, 0]
[0, 0, 1, 0, 0]
[0, 0, 0, 0, 0]
[0, 1, 0, 0, 0]
[0, 1, 0, 0, 0]
[0, 2, 0, 0, 0]
[0, 2, 0, 0, 0]
[0, 2, 0, 0, 0]
[0, 2, 0, 0, 0]
[0, 2, 0, 0, 0]
[0, 2, 2, 0, 0]
[0, 2, 0, 0, 0]
[0, 2, 0, 0, 0]
[0, 0, 0, 0, 0]
[0, 0, 0, 0, 0]
[2, 1, 0, 0, 0]
[0, 2, 0, 0, 0]
[0, 2, 0, 0, 0]
[0, 1, 0, 0, 0]
[0, 1, 0, 0, 0]
[0, 0, 2, 0, 0]
[0, 2, 2, 0, 0]
[0, 1, 0, 0, 0]
[0, 1, 0, 0, 0]
[0, 1, 0, 0, 2]
[0, 2, 0, 0, 0]
[0, 0, 0, 0, 0]
[0, 1, 0, 0, 0]
[0, 2, 0, 0, 0]
[0, 2, 0, 0, 0]
[0, 2, 0, 0, 0]
[0, 1, 0, 0, 0]
[0, 2, 0, 0, 0]
[0, 1, 0, 0, 0]
[0, 2, 0, 0, 0]
[0, 1, 0, 0, 0]
[0, 0, 2, 0, 0]
[0, 2, 0, 0, 0]
[0, 1, 0, 0, 0]
[0, 1, 0, 0, 0]
[0, 1, 0, 0, 0]
[0, 1, 0, 0, 0]
[0, 2, 0, 0, 0]
[0, 2, 0, 0, 0]
[0, 2, 2, 0, 0]
[0, 2, 0, 0, 0]
[0, 1, 0, 0, 0]
[0, 0, 1, 0, 0]
[0, 1, 0, 0, 0]
Solving...
######
instances/ms_100_5.txt,0,50,5,0,0.32750800000000035,3006840,223137
