Instancia:  instances/ms_12_9.txt
# Parámetros de la instancia
Número de haplotipos: 12
Número de genotipos: 6
Cantidad de sitios polimórficos: 9
Haplotipos:
[0, 1, 0, 0, 1, 1, 0, 1, 0]
[0, 1, 0, 0, 1, 0, 0, 1, 1]
[0, 1, 0, 0, 1, 0, 0, 1, 0]
[0, 1, 0, 0, 1, 0, 0, 1, 1]
[0, 1, 0, 0, 1, 0, 0, 1, 0]
[1, 0, 0, 0, 0, 0, 1, 0, 0]
[0, 1, 0, 1, 1, 0, 0, 1, 0]
[0, 1, 0, 0, 1, 0, 0, 1, 0]
[0, 1, 0, 0, 1, 0, 0, 1, 0]
[0, 1, 0, 1, 1, 0, 0, 1, 0]
[0, 1, 0, 0, 1, 0, 0, 1, 0]
[0, 1, 1, 0, 1, 0, 0, 1, 0]
Genotipos:
[0, 1, 0, 0, 1, 2, 0, 1, 2]
[0, 1, 0, 0, 1, 0, 0, 1, 2]
[2, 2, 0, 0, 2, 0, 2, 2, 0]
[0, 1, 0, 2, 1, 0, 0, 1, 0]
[0, 1, 0, 2, 1, 0, 0, 1, 0]
[0, 1, 2, 0, 1, 0, 0, 1, 0]
Solving...
######
instances/ms_12_9.txt,0,6,9,0,0.0029490000000000002,7140,9234
