Instancia:  instances/ms_12_13.txt
# Parámetros de la instancia
Número de haplotipos: 12
Número de genotipos: 6
Cantidad de sitios polimórficos: 13
Haplotipos:
[0, 0, 0, 1, 0, 1, 0, 0, 0, 1, 0, 1, 0]
[0, 0, 1, 0, 1, 0, 0, 0, 1, 0, 0, 0, 1]
[0, 0, 0, 0, 0, 1, 1, 1, 0, 1, 0, 1, 0]
[0, 0, 0, 0, 0, 1, 0, 1, 0, 1, 0, 1, 0]
[0, 0, 0, 0, 0, 1, 0, 0, 0, 1, 0, 1, 0]
[0, 0, 0, 0, 0, 1, 0, 1, 0, 1, 0, 1, 0]
[0, 0, 0, 0, 0, 1, 0, 1, 0, 1, 0, 1, 0]
[1, 1, 0, 0, 0, 1, 0, 0, 0, 1, 1, 1, 0]
[1, 0, 0, 0, 0, 1, 0, 0, 0, 1, 1, 1, 0]
[1, 0, 0, 0, 0, 1, 0, 0, 0, 1, 1, 1, 0]
[0, 0, 0, 0, 0, 1, 0, 1, 0, 1, 0, 1, 0]
[0, 0, 0, 0, 0, 1, 0, 1, 0, 1, 0, 1, 0]
Genotipos:
[0, 0, 2, 2, 2, 2, 0, 0, 2, 2, 0, 2, 2]
[0, 0, 0, 0, 0, 1, 2, 1, 0, 1, 0, 1, 0]
[0, 0, 0, 0, 0, 1, 0, 2, 0, 1, 0, 1, 0]
[2, 2, 0, 0, 0, 1, 0, 2, 0, 1, 2, 1, 0]
[1, 0, 0, 0, 0, 1, 0, 0, 0, 1, 1, 1, 0]
[0, 0, 0, 0, 0, 1, 0, 1, 0, 1, 0, 1, 0]
Solving...
######
instances/ms_12_13.txt,0,6,13,0,0.002883,9216,15974
