Instancia:  instances/ms_12_10.txt
# Parámetros de la instancia
Número de haplotipos: 12
Número de genotipos: 6
Cantidad de sitios polimórficos: 10
Haplotipos:
[0, 0, 1, 0, 0, 0, 0, 0, 0, 1]
[1, 0, 0, 0, 1, 0, 0, 0, 0, 0]
[1, 0, 0, 1, 1, 0, 0, 0, 0, 0]
[1, 0, 0, 0, 1, 0, 0, 0, 1, 0]
[1, 0, 0, 0, 1, 0, 1, 0, 0, 0]
[1, 0, 0, 1, 1, 0, 0, 0, 0, 0]
[1, 0, 0, 0, 1, 0, 0, 0, 0, 0]
[0, 1, 0, 0, 0, 1, 0, 1, 0, 0]
[1, 0, 0, 1, 1, 0, 0, 0, 0, 0]
[1, 0, 0, 0, 1, 0, 0, 0, 1, 0]
[1, 0, 0, 0, 1, 0, 0, 0, 0, 0]
[1, 0, 0, 0, 1, 0, 0, 0, 0, 0]
Genotipos:
[2, 0, 2, 0, 2, 0, 0, 0, 0, 2]
[1, 0, 0, 2, 1, 0, 0, 0, 2, 0]
[1, 0, 0, 2, 1, 0, 2, 0, 0, 0]
[2, 2, 0, 0, 2, 2, 0, 2, 0, 0]
[1, 0, 0, 2, 1, 0, 0, 0, 2, 0]
[1, 0, 0, 0, 1, 0, 0, 0, 0, 0]
Solving...
######
instances/ms_12_10.txt,0,6,10,0,0.0016319999999999946,7932,13640
