Instancia:  instances/ms_10_10.txt
# Parámetros de la instancia
Número de haplotipos: 10
Número de genotipos: 5
Cantidad de sitios polimórficos: 10
Haplotipos:
[1, 1, 1, 0, 0, 0, 1, 0, 0, 0]
[1, 1, 1, 0, 0, 0, 1, 0, 0, 0]
[1, 0, 1, 0, 0, 1, 0, 0, 0, 0]
[1, 0, 1, 0, 0, 0, 0, 1, 1, 0]
[1, 0, 1, 0, 0, 0, 0, 1, 0, 0]
[1, 1, 1, 0, 0, 0, 1, 0, 0, 0]
[1, 0, 1, 0, 1, 1, 0, 0, 0, 0]
[1, 0, 1, 0, 0, 1, 0, 0, 0, 0]
[1, 0, 1, 0, 0, 1, 0, 0, 0, 0]
[0, 0, 0, 1, 0, 0, 0, 0, 0, 1]
Genotipos:
[1, 1, 1, 0, 0, 0, 1, 0, 0, 0]
[1, 0, 1, 0, 0, 2, 0, 2, 2, 0]
[1, 2, 1, 0, 0, 0, 2, 2, 0, 0]
[1, 0, 1, 0, 2, 1, 0, 0, 0, 0]
[2, 0, 2, 2, 0, 2, 0, 0, 0, 2]
Solving...
######
instances/ms_10_10.txt,0,5,10,0,0.0021519999999999977,5294,9928
