Instancia:  instances/ms_12_14.txt
# Parámetros de la instancia
Número de haplotipos: 12
Número de genotipos: 6
Cantidad de sitios polimórficos: 14
Haplotipos:
[0, 0, 1, 1, 0, 0, 1, 1, 0, 1, 1, 1, 0, 0]
[1, 0, 0, 0, 0, 1, 0, 0, 0, 0, 0, 0, 0, 1]
[0, 0, 1, 0, 0, 0, 1, 1, 1, 1, 1, 0, 0, 0]
[1, 0, 0, 0, 0, 1, 0, 0, 0, 0, 0, 0, 0, 1]
[0, 1, 1, 0, 1, 0, 1, 1, 0, 1, 1, 0, 0, 0]
[1, 0, 0, 0, 0, 1, 0, 0, 0, 0, 0, 0, 0, 1]
[0, 0, 1, 1, 0, 0, 1, 1, 0, 1, 1, 0, 0, 0]
[1, 0, 0, 0, 0, 1, 0, 0, 0, 0, 0, 0, 0, 1]
[0, 0, 1, 0, 0, 0, 1, 1, 1, 1, 1, 0, 0, 0]
[1, 0, 0, 0, 0, 1, 0, 0, 0, 0, 0, 0, 0, 1]
[0, 0, 1, 1, 0, 0, 1, 1, 0, 1, 1, 0, 1, 0]
[1, 0, 0, 0, 0, 1, 0, 0, 0, 0, 0, 0, 0, 1]
Genotipos:
[2, 0, 2, 2, 0, 2, 2, 2, 0, 2, 2, 2, 0, 2]
[2, 0, 2, 0, 0, 2, 2, 2, 2, 2, 2, 0, 0, 2]
[2, 2, 2, 0, 2, 2, 2, 2, 0, 2, 2, 0, 0, 2]
[2, 0, 2, 2, 0, 2, 2, 2, 0, 2, 2, 0, 0, 2]
[2, 0, 2, 0, 0, 2, 2, 2, 2, 2, 2, 0, 0, 2]
[2, 0, 2, 2, 0, 2, 2, 2, 0, 2, 2, 0, 2, 2]
Solving...
######
instances/ms_12_14.txt,0,6,14,0,0.007961,13284,72584
