Instancia:  instances/ms_16_14.txt
# Parámetros de la instancia
Número de haplotipos: 16
Número de genotipos: 8
Cantidad de sitios polimórficos: 14
Haplotipos:
[0, 0, 0, 0, 0, 1, 0, 0, 0, 0, 1, 0, 1, 0]
[0, 0, 0, 0, 0, 1, 0, 0, 0, 0, 1, 0, 0, 1]
[1, 1, 1, 0, 1, 0, 0, 0, 0, 1, 0, 1, 0, 0]
[0, 0, 0, 0, 0, 0, 0, 1, 1, 0, 0, 1, 0, 0]
[1, 0, 1, 0, 0, 0, 0, 0, 0, 0, 0, 1, 0, 0]
[1, 0, 1, 0, 0, 0, 0, 0, 0, 0, 0, 1, 0, 0]
[0, 0, 0, 0, 0, 0, 0, 1, 1, 0, 0, 1, 0, 0]
[1, 0, 1, 0, 0, 0, 0, 0, 0, 0, 0, 1, 0, 0]
[1, 0, 1, 0, 0, 0, 0, 0, 0, 0, 0, 1, 0, 0]
[0, 0, 0, 0, 0, 0, 0, 1, 0, 0, 0, 1, 0, 0]
[0, 0, 0, 0, 0, 1, 1, 0, 0, 0, 1, 0, 0, 0]
[1, 0, 1, 0, 0, 0, 0, 0, 0, 0, 0, 1, 0, 0]
[1, 0, 1, 0, 0, 0, 0, 0, 0, 0, 0, 1, 0, 0]
[0, 0, 0, 0, 0, 0, 0, 1, 0, 0, 0, 1, 0, 0]
[1, 1, 1, 0, 1, 0, 0, 0, 0, 0, 0, 1, 0, 0]
[1, 0, 1, 1, 0, 0, 0, 0, 0, 0, 0, 1, 0, 0]
Genotipos:
[0, 0, 0, 0, 0, 1, 0, 0, 0, 0, 1, 0, 2, 2]
[2, 2, 2, 0, 2, 0, 0, 2, 2, 2, 0, 1, 0, 0]
[1, 0, 1, 0, 0, 0, 0, 0, 0, 0, 0, 1, 0, 0]
[2, 0, 2, 0, 0, 0, 0, 2, 2, 0, 0, 1, 0, 0]
[2, 0, 2, 0, 0, 0, 0, 2, 0, 0, 0, 1, 0, 0]
[2, 0, 2, 0, 0, 2, 2, 0, 0, 0, 2, 2, 0, 0]
[2, 0, 2, 0, 0, 0, 0, 2, 0, 0, 0, 1, 0, 0]
[1, 2, 1, 2, 2, 0, 0, 0, 0, 0, 0, 1, 0, 0]
Solving...
######
instances/ms_16_14.txt,0,8,14,0,0.011151999999999995,25120,60610
