Instancia:  instances/ms_14_6.txt
# Parámetros de la instancia
Número de haplotipos: 14
Número de genotipos: 7
Cantidad de sitios polimórficos: 6
Haplotipos:
[0, 0, 0, 1, 1, 0]
[0, 1, 0, 0, 0, 0]
[0, 0, 0, 0, 0, 0]
[0, 0, 0, 0, 0, 0]
[0, 0, 0, 0, 0, 0]
[0, 0, 0, 0, 0, 0]
[0, 0, 0, 0, 0, 0]
[0, 0, 1, 0, 0, 0]
[0, 0, 0, 0, 0, 0]
[0, 0, 0, 0, 0, 1]
[0, 0, 0, 1, 1, 0]
[0, 0, 0, 0, 0, 0]
[1, 0, 0, 0, 0, 0]
[0, 0, 1, 0, 0, 0]
Genotipos:
[0, 2, 0, 2, 2, 0]
[0, 0, 0, 0, 0, 0]
[0, 0, 0, 0, 0, 0]
[0, 0, 2, 0, 0, 0]
[0, 0, 0, 0, 0, 2]
[0, 0, 0, 2, 2, 0]
[2, 0, 2, 0, 0, 0]
Solving...
######
instances/ms_14_6.txt,0,7,6,0,0.002060000000000003,8148,6180
