Instancia:  instances/ms_12_11.txt
# Parámetros de la instancia
Número de haplotipos: 12
Número de genotipos: 6
Cantidad de sitios polimórficos: 11
Haplotipos:
[0, 0, 0, 0, 0, 1, 0, 0, 0, 0, 0]
[0, 0, 0, 0, 0, 1, 0, 0, 0, 0, 0]
[1, 1, 1, 0, 0, 0, 1, 0, 0, 0, 1]
[0, 0, 0, 0, 0, 1, 0, 0, 0, 0, 0]
[0, 1, 1, 0, 0, 0, 1, 0, 1, 1, 0]
[0, 0, 0, 0, 1, 1, 0, 0, 0, 0, 0]
[1, 1, 1, 0, 0, 0, 1, 0, 0, 0, 1]
[0, 1, 1, 0, 0, 0, 1, 0, 1, 1, 0]
[0, 0, 0, 0, 1, 1, 0, 0, 0, 0, 0]
[0, 0, 0, 0, 1, 1, 0, 0, 0, 0, 0]
[0, 0, 0, 0, 0, 1, 0, 0, 0, 0, 0]
[0, 1, 1, 1, 0, 0, 1, 1, 1, 1, 0]
Genotipos:
[0, 0, 0, 0, 0, 1, 0, 0, 0, 0, 0]
[2, 2, 2, 0, 0, 2, 2, 0, 0, 0, 2]
[0, 2, 2, 0, 2, 2, 2, 0, 2, 2, 0]
[2, 1, 1, 0, 0, 0, 1, 0, 2, 2, 2]
[0, 0, 0, 0, 1, 1, 0, 0, 0, 0, 0]
[0, 2, 2, 2, 0, 2, 2, 2, 2, 2, 0]
Solving...
######
instances/ms_12_11.txt,0,6,11,0,0.0032220000000000026,9228,25816
