Instancia:  instances/ms_16_12.txt
# Parámetros de la instancia
Número de haplotipos: 16
Número de genotipos: 8
Cantidad de sitios polimórficos: 12
Haplotipos:
[0, 0, 0, 0, 1, 0, 0, 1, 0, 1, 0, 1]
[1, 0, 0, 0, 0, 0, 0, 1, 0, 0, 1, 1]
[0, 0, 0, 0, 1, 0, 0, 1, 0, 1, 0, 1]
[0, 1, 0, 0, 0, 1, 1, 0, 1, 0, 0, 0]
[0, 1, 0, 0, 0, 1, 1, 0, 1, 0, 0, 0]
[0, 1, 0, 0, 0, 1, 1, 0, 1, 0, 0, 0]
[0, 0, 0, 1, 1, 0, 0, 1, 0, 0, 0, 1]
[0, 1, 0, 0, 0, 1, 1, 0, 1, 0, 0, 0]
[0, 0, 0, 0, 1, 0, 0, 1, 0, 0, 0, 1]
[0, 0, 0, 0, 0, 0, 1, 0, 0, 0, 0, 0]
[1, 0, 0, 0, 0, 0, 0, 1, 0, 0, 1, 1]
[0, 1, 0, 0, 0, 1, 1, 0, 1, 0, 0, 0]
[0, 0, 0, 0, 1, 0, 0, 1, 0, 1, 0, 1]
[0, 1, 1, 0, 0, 1, 1, 0, 1, 0, 0, 0]
[0, 1, 0, 0, 0, 1, 1, 0, 1, 0, 0, 0]
[0, 0, 0, 0, 1, 0, 0, 1, 0, 0, 0, 1]
Genotipos:
[2, 0, 0, 0, 2, 0, 0, 1, 0, 2, 2, 1]
[0, 2, 0, 0, 2, 2, 2, 2, 2, 2, 0, 2]
[0, 1, 0, 0, 0, 1, 1, 0, 1, 0, 0, 0]
[0, 2, 0, 2, 2, 2, 2, 2, 2, 0, 0, 2]
[0, 0, 0, 0, 2, 0, 2, 2, 0, 0, 0, 2]
[2, 2, 0, 0, 0, 2, 2, 2, 2, 0, 2, 2]
[0, 2, 2, 0, 2, 2, 2, 2, 2, 2, 0, 2]
[0, 2, 0, 0, 2, 2, 2, 2, 2, 0, 0, 2]
Solving...
######
instances/ms_16_12.txt,0,8,12,0,0.013832,25840,90630
