Instancia:  instances/ms_16_6.txt
# Parámetros de la instancia
Número de haplotipos: 16
Número de genotipos: 8
Cantidad de sitios polimórficos: 6
Haplotipos:
[0, 0, 0, 0, 1, 0]
[0, 0, 0, 0, 0, 0]
[0, 0, 0, 0, 0, 0]
[0, 0, 0, 0, 0, 0]
[1, 0, 0, 0, 0, 0]
[0, 0, 0, 0, 0, 0]
[0, 0, 0, 0, 0, 0]
[0, 0, 0, 0, 0, 0]
[0, 0, 1, 0, 0, 1]
[0, 0, 0, 0, 1, 0]
[0, 0, 0, 0, 0, 0]
[0, 0, 0, 1, 1, 0]
[0, 1, 0, 0, 0, 0]
[0, 0, 0, 0, 0, 0]
[0, 0, 0, 0, 0, 0]
[0, 0, 0, 0, 0, 0]
Genotipos:
[0, 0, 0, 0, 2, 0]
[0, 0, 0, 0, 0, 0]
[2, 0, 0, 0, 0, 0]
[0, 0, 0, 0, 0, 0]
[0, 0, 2, 0, 2, 2]
[0, 0, 0, 2, 2, 0]
[0, 2, 0, 0, 0, 0]
[0, 0, 0, 0, 0, 0]
Solving...
######
instances/ms_16_6.txt,0,8,6,0,0.0018750000000000017,14000,7970
