Instancia:  instances/ms_16_16.txt
# Parámetros de la instancia
Número de haplotipos: 16
Número de genotipos: 8
Cantidad de sitios polimórficos: 16
Haplotipos:
[1, 1, 0, 1, 1, 0, 1, 0, 0, 0, 0, 0, 1, 1, 0, 0]
[1, 0, 1, 1, 1, 0, 0, 0, 0, 0, 0, 0, 0, 1, 0, 0]
[1, 1, 0, 1, 1, 0, 1, 0, 0, 0, 0, 0, 0, 1, 0, 0]
[1, 0, 1, 1, 1, 0, 0, 0, 0, 0, 0, 0, 0, 1, 1, 0]
[1, 1, 0, 1, 1, 0, 1, 0, 0, 0, 0, 0, 0, 1, 0, 0]
[1, 0, 1, 1, 1, 0, 0, 0, 0, 0, 0, 0, 0, 1, 0, 0]
[0, 0, 0, 0, 0, 1, 0, 1, 1, 1, 1, 1, 0, 0, 0, 0]
[1, 1, 0, 1, 1, 0, 1, 0, 0, 0, 0, 0, 0, 1, 0, 0]
[1, 0, 1, 1, 1, 0, 0, 0, 0, 0, 0, 0, 0, 1, 0, 1]
[1, 1, 0, 1, 1, 0, 1, 0, 0, 0, 0, 0, 0, 1, 0, 0]
[1, 1, 0, 1, 1, 0, 1, 0, 0, 0, 0, 0, 0, 1, 0, 0]
[1, 0, 1, 1, 1, 0, 0, 0, 0, 0, 0, 0, 0, 1, 0, 0]
[1, 0, 1, 1, 1, 0, 0, 0, 0, 0, 0, 0, 0, 1, 0, 0]
[1, 0, 1, 1, 1, 0, 0, 0, 0, 0, 0, 0, 0, 1, 1, 0]
[1, 0, 1, 1, 1, 0, 0, 0, 0, 0, 0, 0, 0, 1, 0, 0]
[1, 0, 1, 1, 1, 0, 0, 0, 0, 0, 0, 0, 0, 1, 1, 0]
Genotipos:
[1, 2, 2, 1, 1, 0, 2, 0, 0, 0, 0, 0, 2, 1, 0, 0]
[1, 2, 2, 1, 1, 0, 2, 0, 0, 0, 0, 0, 0, 1, 2, 0]
[1, 2, 2, 1, 1, 0, 2, 0, 0, 0, 0, 0, 0, 1, 0, 0]
[2, 2, 0, 2, 2, 2, 2, 2, 2, 2, 2, 2, 0, 2, 0, 0]
[1, 2, 2, 1, 1, 0, 2, 0, 0, 0, 0, 0, 0, 1, 0, 2]
[1, 2, 2, 1, 1, 0, 2, 0, 0, 0, 0, 0, 0, 1, 0, 0]
[1, 0, 1, 1, 1, 0, 0, 0, 0, 0, 0, 0, 0, 1, 2, 0]
[1, 0, 1, 1, 1, 0, 0, 0, 0, 0, 0, 0, 0, 1, 2, 0]
Solving...
######
instances/ms_16_16.txt,0,8,16,0,0.016308000000000007,27760,77160
