Instancia:  instances/ms_100_11.txt
# Parámetros de la instancia
Número de haplotipos: 100
Número de genotipos: 50
Cantidad de sitios polimórficos: 11
Haplotipos:
[0, 0, 0, 0, 0, 0, 0, 0, 0, 0, 1]
[0, 0, 0, 0, 0, 0, 0, 0, 0, 0, 1]
[1, 0, 0, 0, 0, 0, 0, 0, 0, 0, 1]
[1, 0, 0, 0, 0, 0, 0, 1, 0, 0, 1]
[0, 0, 0, 0, 0, 0, 0, 0, 0, 0, 1]
[0, 0, 0, 1, 0, 0, 0, 0, 1, 0, 0]
[1, 0, 0, 0, 0, 0, 0, 1, 0, 0, 1]
[0, 1, 0, 0, 0, 0, 0, 0, 1, 0, 0]
[0, 0, 0, 1, 0, 0, 0, 0, 1, 0, 0]
[0, 0, 0, 0, 0, 0, 0, 0, 1, 0, 0]
[1, 0, 0, 0, 0, 0, 0, 0, 0, 0, 1]
[0, 1, 0, 0, 0, 1, 0, 0, 1, 0, 0]
[0, 0, 0, 0, 0, 0, 0, 0, 0, 0, 1]
[0, 0, 0, 0, 0, 0, 0, 0, 0, 0, 1]
[0, 1, 0, 0, 0, 0, 0, 0, 1, 0, 0]
[0, 0, 0, 0, 0, 0, 0, 0, 0, 0, 1]
[0, 0, 0, 0, 0, 0, 0, 0, 0, 0, 1]
[0, 0, 0, 0, 0, 0, 1, 0, 0, 0, 1]
[0, 0, 0, 0, 0, 0, 0, 0, 1, 0, 0]
[0, 0, 1, 0, 0, 0, 0, 0, 1, 0, 0]
[1, 0, 0, 0, 0, 0, 0, 0, 0, 0, 1]
[1, 0, 0, 0, 0, 0, 0, 0, 0, 0, 1]
[0, 0, 0, 0, 0, 0, 0, 0, 1, 0, 0]
[0, 0, 0, 0, 0, 0, 0, 0, 0, 0, 1]
[0, 1, 0, 0, 0, 0, 0, 0, 1, 0, 0]
[0, 0, 0, 0, 0, 0, 1, 0, 0, 0, 1]
[1, 0, 0, 0, 0, 0, 0, 1, 0, 0, 1]
[0, 0, 0, 0, 0, 0, 0, 0, 0, 0, 1]
[0, 0, 0, 0, 0, 0, 0, 0, 0, 0, 1]
[0, 0, 0, 0, 0, 0, 0, 0, 1, 0, 0]
[0, 0, 0, 0, 0, 0, 0, 0, 0, 0, 1]
[0, 0, 0, 0, 0, 0, 0, 0, 0, 0, 1]
[0, 0, 0, 0, 0, 0, 0, 0, 1, 0, 0]
[0, 0, 0, 0, 0, 0, 0, 0, 1, 0, 0]
[0, 0, 0, 1, 0, 0, 0, 0, 1, 0, 0]
[0, 0, 0, 0, 0, 0, 0, 0, 0, 0, 1]
[0, 0, 0, 0, 0, 0, 0, 0, 0, 0, 1]
[0, 0, 0, 0, 0, 0, 0, 0, 1, 0, 0]
[0, 0, 0, 0, 0, 0, 0, 0, 1, 0, 0]
[1, 0, 0, 0, 0, 0, 0, 1, 0, 0, 1]
[1, 0, 0, 0, 0, 0, 0, 0, 0, 0, 1]
[0, 0, 0, 0, 0, 0, 0, 0, 0, 0, 1]
[0, 0, 0, 0, 0, 0, 0, 0, 0, 0, 1]
[0, 0, 0, 0, 0, 0, 0, 0, 1, 0, 0]
[0, 1, 0, 0, 0, 0, 0, 0, 1, 0, 0]
[0, 0, 0, 0, 0, 0, 0, 0, 0, 0, 1]
[0, 0, 0, 0, 0, 0, 0, 0, 0, 0, 1]
[1, 0, 0, 0, 0, 0, 0, 0, 0, 0, 1]
[0, 0, 0, 0, 0, 0, 0, 0, 0, 0, 1]
[1, 0, 0, 0, 0, 0, 0, 0, 0, 0, 1]
[0, 0, 0, 0, 0, 0, 0, 0, 0, 0, 1]
[0, 1, 0, 0, 0, 0, 0, 0, 1, 0, 0]
[1, 0, 0, 0, 0, 0, 0, 0, 0, 0, 1]
[0, 0, 0, 0, 0, 0, 0, 0, 0, 0, 1]
[0, 0, 0, 0, 0, 0, 0, 0, 0, 0, 1]
[0, 0, 0, 0, 0, 0, 0, 0, 0, 0, 1]
[0, 0, 0, 0, 0, 0, 0, 0, 0, 0, 1]
[1, 0, 0, 0, 0, 0, 0, 0, 0, 0, 1]
[1, 0, 0, 0, 0, 0, 0, 1, 0, 0, 1]
[1, 0, 0, 0, 0, 0, 0, 0, 0, 0, 1]
[0, 0, 0, 0, 0, 0, 0, 0, 0, 0, 1]
[0, 0, 0, 1, 0, 0, 0, 0, 1, 0, 0]
[1, 0, 0, 0, 0, 0, 0, 0, 0, 0, 1]
[0, 0, 0, 0, 0, 0, 0, 0, 1, 0, 0]
[0, 0, 0, 1, 0, 0, 0, 0, 1, 1, 0]
[0, 0, 0, 0, 0, 0, 0, 0, 0, 0, 1]
[1, 0, 0, 0, 0, 0, 0, 0, 0, 0, 1]
[0, 0, 0, 0, 0, 0, 0, 0, 0, 0, 1]
[0, 1, 0, 0, 0, 0, 0, 0, 1, 0, 0]
[1, 0, 0, 0, 0, 0, 0, 0, 0, 0, 1]
[1, 0, 0, 0, 0, 0, 0, 0, 0, 0, 1]
[0, 0, 0, 0, 0, 0, 0, 0, 0, 0, 1]
[1, 0, 0, 0, 0, 0, 0, 0, 0, 0, 1]
[0, 0, 0, 0, 0, 0, 0, 0, 0, 0, 1]
[1, 0, 0, 0, 0, 0, 0, 0, 0, 0, 1]
[0, 0, 0, 0, 0, 0, 0, 0, 0, 0, 1]
[0, 0, 0, 0, 0, 0, 0, 0, 0, 0, 1]
[0, 0, 0, 0, 0, 0, 0, 0, 0, 0, 1]
[0, 0, 0, 0, 0, 0, 0, 0, 0, 0, 1]
[0, 0, 0, 0, 0, 0, 1, 0, 0, 0, 1]
[0, 0, 0, 0, 0, 0, 0, 0, 0, 0, 1]
[0, 0, 0, 0, 0, 0, 1, 0, 0, 0, 1]
[0, 0, 0, 0, 0, 0, 0, 0, 1, 0, 0]
[0, 0, 0, 0, 0, 0, 0, 0, 0, 0, 1]
[0, 0, 0, 0, 1, 0, 0, 0, 0, 0, 1]
[0, 0, 0, 0, 0, 0, 0, 0, 1, 0, 0]
[0, 0, 0, 0, 0, 0, 0, 0, 0, 0, 1]
[0, 0, 0, 0, 0, 0, 0, 0, 1, 0, 0]
[0, 0, 0, 0, 0, 0, 0, 0, 0, 0, 1]
[0, 0, 0, 0, 0, 0, 0, 0, 0, 0, 1]
[0, 0, 0, 0, 0, 0, 0, 0, 1, 0, 0]
[0, 0, 0, 0, 0, 0, 0, 0, 0, 0, 1]
[0, 0, 0, 0, 0, 0, 0, 0, 0, 0, 1]
[0, 0, 0, 0, 0, 0, 0, 0, 0, 0, 1]
[0, 0, 0, 0, 0, 0, 1, 0, 0, 0, 1]
[0, 0, 0, 0, 0, 0, 0, 0, 0, 0, 1]
[1, 0, 0, 0, 0, 0, 0, 0, 0, 0, 1]
[0, 0, 0, 0, 0, 0, 0, 0, 0, 0, 1]
[0, 0, 0, 0, 0, 0, 0, 0, 0, 0, 1]
[0, 0, 0, 0, 0, 0, 0, 0, 0, 0, 1]
Genotipos:
[0, 0, 0, 0, 0, 0, 0, 0, 0, 0, 1]
[1, 0, 0, 0, 0, 0, 0, 2, 0, 0, 1]
[0, 0, 0, 2, 0, 0, 0, 0, 2, 0, 2]
[2, 2, 0, 0, 0, 0, 0, 2, 2, 0, 2]
[0, 0, 0, 2, 0, 0, 0, 0, 1, 0, 0]
[2, 2, 0, 0, 0, 2, 0, 0, 2, 0, 2]
[0, 0, 0, 0, 0, 0, 0, 0, 0, 0, 1]
[0, 2, 0, 0, 0, 0, 0, 0, 2, 0, 2]
[0, 0, 0, 0, 0, 0, 2, 0, 0, 0, 1]
[0, 0, 2, 0, 0, 0, 0, 0, 1, 0, 0]
[1, 0, 0, 0, 0, 0, 0, 0, 0, 0, 1]
[0, 0, 0, 0, 0, 0, 0, 0, 2, 0, 2]
[0, 2, 0, 0, 0, 0, 2, 0, 2, 0, 2]
[2, 0, 0, 0, 0, 0, 0, 2, 0, 0, 1]
[0, 0, 0, 0, 0, 0, 0, 0, 2, 0, 2]
[0, 0, 0, 0, 0, 0, 0, 0, 0, 0, 1]
[0, 0, 0, 0, 0, 0, 0, 0, 1, 0, 0]
[0, 0, 0, 2, 0, 0, 0, 0, 2, 0, 2]
[0, 0, 0, 0, 0, 0, 0, 0, 2, 0, 2]
[2, 0, 0, 0, 0, 0, 0, 2, 2, 0, 2]
[2, 0, 0, 0, 0, 0, 0, 0, 0, 0, 1]
[0, 0, 0, 0, 0, 0, 0, 0, 2, 0, 2]
[0, 2, 0, 0, 0, 0, 0, 0, 2, 0, 2]
[2, 0, 0, 0, 0, 0, 0, 0, 0, 0, 1]
[2, 0, 0, 0, 0, 0, 0, 0, 0, 0, 1]
[0, 2, 0, 0, 0, 0, 0, 0, 2, 0, 2]
[2, 0, 0, 0, 0, 0, 0, 0, 0, 0, 1]
[0, 0, 0, 0, 0, 0, 0, 0, 0, 0, 1]
[2, 0, 0, 0, 0, 0, 0, 0, 0, 0, 1]
[1, 0, 0, 0, 0, 0, 0, 2, 0, 0, 1]
[0, 0, 0, 2, 0, 0, 0, 0, 2, 0, 2]
[2, 0, 0, 0, 0, 0, 0, 0, 2, 0, 2]
[0, 0, 0, 2, 0, 0, 0, 0, 2, 2, 2]
[2, 0, 0, 0, 0, 0, 0, 0, 0, 0, 1]
[2, 2, 0, 0, 0, 0, 0, 0, 2, 0, 2]
[2, 0, 0, 0, 0, 0, 0, 0, 0, 0, 1]
[2, 0, 0, 0, 0, 0, 0, 0, 0, 0, 1]
[2, 0, 0, 0, 0, 0, 0, 0, 0, 0, 1]
[0, 0, 0, 0, 0, 0, 0, 0, 0, 0, 1]
[0, 0, 0, 0, 0, 0, 2, 0, 0, 0, 1]
[0, 0, 0, 0, 0, 0, 2, 0, 0, 0, 1]
[0, 0, 0, 0, 0, 0, 0, 0, 2, 0, 2]
[0, 0, 0, 0, 2, 0, 0, 0, 2, 0, 2]
[0, 0, 0, 0, 0, 0, 0, 0, 2, 0, 2]
[0, 0, 0, 0, 0, 0, 0, 0, 0, 0, 1]
[0, 0, 0, 0, 0, 0, 0, 0, 2, 0, 2]
[0, 0, 0, 0, 0, 0, 0, 0, 0, 0, 1]
[0, 0, 0, 0, 0, 0, 2, 0, 0, 0, 1]
[2, 0, 0, 0, 0, 0, 0, 0, 0, 0, 1]
[0, 0, 0, 0, 0, 0, 0, 0, 0, 0, 1]
Solving...
######
instances/ms_100_11.txt,0,50,11,0,1.9219769999999998,3432080,1273587
