Instancia:  instances/ms_16_11.txt
# Parámetros de la instancia
Número de haplotipos: 16
Número de genotipos: 8
Cantidad de sitios polimórficos: 11
Haplotipos:
[1, 1, 1, 0, 1, 0, 0, 0, 0, 0, 1]
[0, 1, 1, 0, 0, 0, 0, 0, 0, 0, 1]
[0, 1, 0, 0, 0, 0, 0, 0, 0, 0, 1]
[0, 1, 0, 0, 0, 0, 0, 0, 0, 0, 1]
[0, 1, 1, 0, 1, 0, 0, 0, 0, 0, 1]
[0, 0, 0, 1, 0, 1, 1, 0, 1, 1, 0]
[0, 1, 0, 0, 0, 0, 0, 0, 0, 0, 1]
[0, 1, 1, 0, 1, 0, 0, 0, 0, 0, 1]
[0, 1, 0, 0, 0, 0, 0, 0, 0, 0, 1]
[1, 1, 1, 0, 1, 0, 0, 0, 0, 0, 1]
[0, 1, 0, 0, 0, 0, 0, 0, 0, 0, 1]
[0, 1, 0, 0, 0, 0, 0, 0, 0, 0, 1]
[1, 1, 1, 0, 1, 0, 0, 0, 0, 0, 1]
[0, 1, 1, 0, 0, 0, 0, 1, 0, 0, 1]
[0, 1, 0, 0, 0, 0, 0, 0, 0, 0, 1]
[0, 1, 0, 0, 0, 0, 0, 0, 0, 0, 1]
Genotipos:
[2, 1, 1, 0, 2, 0, 0, 0, 0, 0, 1]
[0, 1, 0, 0, 0, 0, 0, 0, 0, 0, 1]
[0, 2, 2, 2, 2, 2, 2, 0, 2, 2, 2]
[0, 1, 2, 0, 2, 0, 0, 0, 0, 0, 1]
[2, 1, 2, 0, 2, 0, 0, 0, 0, 0, 1]
[0, 1, 0, 0, 0, 0, 0, 0, 0, 0, 1]
[2, 1, 1, 0, 2, 0, 0, 2, 0, 0, 1]
[0, 1, 0, 0, 0, 0, 0, 0, 0, 0, 1]
Solving...
######
instances/ms_16_11.txt,0,8,11,0,0.007942000000000012,20740,31925
