Instancia:  instances/ms_10_9.txt
# Parámetros de la instancia
Número de haplotipos: 10
Número de genotipos: 5
Cantidad de sitios polimórficos: 9
Haplotipos:
[1, 0, 0, 1, 0, 0, 0, 0, 0]
[1, 0, 0, 1, 0, 0, 0, 0, 0]
[0, 1, 0, 0, 1, 0, 0, 0, 0]
[0, 0, 1, 0, 0, 0, 0, 1, 0]
[0, 1, 0, 0, 1, 1, 0, 0, 0]
[0, 0, 1, 0, 0, 0, 0, 0, 1]
[1, 0, 0, 1, 0, 0, 0, 0, 0]
[0, 0, 1, 0, 0, 0, 0, 0, 1]
[0, 0, 1, 0, 0, 0, 0, 1, 0]
[1, 0, 0, 1, 0, 0, 1, 0, 0]
Genotipos:
[1, 0, 0, 1, 0, 0, 0, 0, 0]
[0, 2, 2, 0, 2, 0, 0, 2, 0]
[0, 2, 2, 0, 2, 2, 0, 0, 2]
[2, 0, 2, 2, 0, 0, 0, 0, 2]
[2, 0, 2, 2, 0, 0, 2, 2, 0]
Solving...
######
instances/ms_10_9.txt,0,5,9,0,0.0012510000000000021,5406,13072
