Instancia:  instances/ms_14_9.txt
# Parámetros de la instancia
Número de haplotipos: 14
Número de genotipos: 7
Cantidad de sitios polimórficos: 9
Haplotipos:
[0, 0, 0, 0, 1, 1, 0, 0, 0]
[1, 0, 0, 0, 0, 0, 0, 0, 0]
[1, 0, 0, 0, 0, 0, 0, 0, 0]
[0, 0, 0, 0, 1, 0, 0, 0, 0]
[0, 0, 0, 0, 1, 0, 0, 0, 1]
[1, 1, 0, 0, 0, 0, 0, 0, 0]
[0, 0, 0, 0, 1, 0, 0, 0, 0]
[0, 0, 0, 0, 1, 1, 0, 0, 0]
[1, 0, 0, 0, 0, 0, 0, 0, 0]
[0, 0, 0, 0, 1, 0, 0, 0, 0]
[0, 0, 0, 0, 0, 0, 1, 1, 0]
[1, 0, 0, 0, 0, 0, 0, 0, 0]
[0, 0, 1, 0, 1, 0, 0, 0, 0]
[1, 0, 0, 1, 0, 0, 0, 0, 0]
Genotipos:
[2, 0, 0, 0, 2, 2, 0, 0, 0]
[2, 0, 0, 0, 2, 0, 0, 0, 0]
[2, 2, 0, 0, 2, 0, 0, 0, 2]
[0, 0, 0, 0, 1, 2, 0, 0, 0]
[2, 0, 0, 0, 2, 0, 0, 0, 0]
[2, 0, 0, 0, 0, 0, 2, 2, 0]
[2, 0, 2, 2, 2, 0, 0, 0, 0]
Solving...
######
instances/ms_14_9.txt,0,7,9,0,0.0027630000000000016,11018,18653
