Instancia:  instances/ms_16_7.txt
# Parámetros de la instancia
Número de haplotipos: 16
Número de genotipos: 8
Cantidad de sitios polimórficos: 7
Haplotipos:
[1, 0, 0, 1, 0, 0, 0]
[0, 0, 1, 0, 0, 0, 1]
[1, 0, 0, 0, 0, 1, 0]
[1, 0, 0, 0, 0, 0, 0]
[1, 0, 0, 1, 1, 0, 0]
[1, 0, 0, 0, 0, 0, 0]
[0, 0, 1, 0, 0, 0, 1]
[0, 0, 1, 0, 0, 0, 1]
[0, 0, 1, 0, 0, 0, 0]
[1, 0, 0, 1, 1, 0, 0]
[1, 0, 0, 0, 0, 0, 0]
[0, 0, 1, 0, 0, 0, 0]
[1, 0, 0, 1, 0, 0, 0]
[1, 1, 0, 1, 0, 0, 0]
[1, 0, 0, 1, 1, 0, 0]
[0, 0, 1, 0, 0, 0, 0]
Genotipos:
[2, 0, 2, 2, 0, 0, 2]
[1, 0, 0, 0, 0, 2, 0]
[1, 0, 0, 2, 2, 0, 0]
[0, 0, 1, 0, 0, 0, 1]
[2, 0, 2, 2, 2, 0, 0]
[2, 0, 2, 0, 0, 0, 0]
[1, 2, 0, 1, 0, 0, 0]
[2, 0, 2, 2, 2, 0, 0]
Solving...
######
instances/ms_16_7.txt,0,8,7,0,0.003769000000000005,16440,19860
