Instancia:  instances/ms_28_6.txt
# Parámetros de la instancia
Número de haplotipos: 28
Número de genotipos: 14
Cantidad de sitios polimórficos: 6
Haplotipos:
[0, 0, 0, 0, 0, 0]
[0, 0, 0, 0, 1, 0]
[1, 0, 1, 0, 0, 0]
[0, 0, 1, 0, 0, 0]
[0, 0, 0, 0, 1, 0]
[0, 0, 1, 0, 0, 0]
[0, 1, 0, 0, 1, 0]
[0, 0, 0, 0, 0, 0]
[0, 0, 0, 0, 0, 0]
[0, 0, 0, 0, 0, 0]
[0, 0, 0, 0, 0, 0]
[0, 1, 0, 0, 1, 0]
[0, 0, 0, 0, 0, 0]
[0, 1, 0, 0, 1, 0]
[0, 0, 1, 0, 0, 0]
[0, 0, 1, 1, 0, 0]
[0, 1, 0, 0, 1, 0]
[0, 0, 0, 0, 0, 0]
[0, 0, 1, 0, 0, 0]
[0, 0, 0, 0, 0, 0]
[0, 0, 1, 0, 0, 0]
[0, 0, 0, 0, 0, 0]
[0, 0, 0, 0, 0, 0]
[0, 0, 0, 0, 0, 1]
[0, 0, 1, 0, 0, 0]
[0, 0, 1, 0, 0, 0]
[0, 0, 1, 0, 0, 0]
[0, 0, 0, 0, 0, 1]
Genotipos:
[0, 0, 0, 0, 2, 0]
[2, 0, 1, 0, 0, 0]
[0, 0, 2, 0, 2, 0]
[0, 2, 0, 0, 2, 0]
[0, 0, 0, 0, 0, 0]
[0, 2, 0, 0, 2, 0]
[0, 2, 0, 0, 2, 0]
[0, 0, 1, 2, 0, 0]
[0, 2, 0, 0, 2, 0]
[0, 0, 2, 0, 0, 0]
[0, 0, 2, 0, 0, 0]
[0, 0, 0, 0, 0, 2]
[0, 0, 1, 0, 0, 0]
[0, 0, 2, 0, 0, 2]
Solving...
######
instances/ms_28_6.txt,0,14,6,0,0.011760000000000003,61020,29790
