Instancia:  instances/ms_28_4.txt
# Parámetros de la instancia
Número de haplotipos: 28
Número de genotipos: 14
Cantidad de sitios polimórficos: 4
Haplotipos:
[0, 0, 0, 0]
[1, 0, 0, 1]
[1, 0, 0, 1]
[1, 0, 0, 1]
[1, 0, 0, 1]
[1, 0, 0, 0]
[1, 0, 0, 1]
[1, 0, 0, 0]
[1, 1, 0, 0]
[0, 0, 0, 0]
[0, 0, 0, 0]
[0, 0, 0, 0]
[1, 0, 0, 1]
[1, 0, 0, 1]
[1, 0, 0, 1]
[1, 0, 0, 1]
[1, 0, 0, 0]
[1, 0, 0, 0]
[1, 0, 0, 1]
[1, 0, 0, 1]
[1, 0, 0, 0]
[1, 0, 0, 1]
[1, 0, 1, 0]
[1, 0, 0, 1]
[1, 0, 0, 0]
[0, 0, 0, 0]
[1, 0, 0, 0]
[1, 0, 0, 1]
Genotipos:
[2, 0, 0, 2]
[1, 0, 0, 1]
[1, 0, 0, 2]
[1, 0, 0, 2]
[2, 2, 0, 0]
[0, 0, 0, 0]
[1, 0, 0, 1]
[1, 0, 0, 1]
[1, 0, 0, 0]
[1, 0, 0, 1]
[1, 0, 0, 2]
[1, 0, 2, 2]
[2, 0, 0, 0]
[1, 0, 0, 2]
Solving...
######
instances/ms_28_4.txt,0,14,4,0,0.004920000000000001,52900,12530
