Instancia:  instances/ms_26_3.txt
# Parámetros de la instancia
Número de haplotipos: 26
Número de genotipos: 13
Cantidad de sitios polimórficos: 3
Haplotipos:
[0, 0, 1]
[0, 0, 0]
[0, 0, 0]
[1, 0, 0]
[0, 0, 0]
[1, 0, 0]
[0, 0, 0]
[1, 0, 0]
[0, 0, 1]
[0, 0, 0]
[1, 0, 0]
[1, 1, 0]
[0, 0, 0]
[1, 0, 0]
[1, 0, 0]
[1, 0, 0]
[0, 0, 1]
[0, 0, 1]
[1, 0, 0]
[0, 0, 0]
[0, 0, 0]
[1, 0, 0]
[0, 0, 0]
[1, 0, 0]
[1, 0, 0]
[0, 0, 0]
Genotipos:
[0, 0, 2]
[2, 0, 0]
[2, 0, 0]
[2, 0, 0]
[0, 0, 2]
[1, 2, 0]
[2, 0, 0]
[1, 0, 0]
[0, 0, 1]
[2, 0, 0]
[2, 0, 0]
[2, 0, 0]
[2, 0, 0]
Solving...
######
instances/ms_26_3.txt,0,13,3,0,0.0005959999999999958,40736,8702
