Instancia:  instances/ms_22_6.txt
# Parámetros de la instancia
Número de haplotipos: 22
Número de genotipos: 11
Cantidad de sitios polimórficos: 6
Haplotipos:
[0, 0, 0, 0, 1, 0]
[0, 0, 0, 0, 0, 0]
[0, 0, 0, 0, 0, 0]
[0, 0, 0, 0, 1, 0]
[0, 0, 0, 0, 0, 0]
[0, 0, 0, 0, 0, 1]
[0, 0, 0, 0, 1, 0]
[0, 0, 0, 0, 1, 0]
[0, 0, 0, 0, 0, 0]
[0, 0, 0, 0, 0, 0]
[0, 0, 0, 0, 0, 0]
[0, 0, 1, 0, 0, 0]
[0, 0, 0, 0, 0, 0]
[1, 0, 0, 0, 0, 0]
[0, 0, 0, 0, 0, 0]
[0, 0, 0, 1, 0, 0]
[0, 0, 0, 1, 0, 0]
[0, 0, 0, 0, 1, 0]
[0, 0, 0, 0, 0, 0]
[1, 0, 0, 0, 0, 0]
[0, 0, 0, 0, 0, 0]
[0, 1, 0, 0, 0, 0]
Genotipos:
[0, 0, 0, 0, 2, 0]
[0, 0, 0, 0, 2, 0]
[0, 0, 0, 0, 0, 2]
[0, 0, 0, 0, 1, 0]
[0, 0, 0, 0, 0, 0]
[0, 0, 2, 0, 0, 0]
[2, 0, 0, 0, 0, 0]
[0, 0, 0, 2, 0, 0]
[0, 0, 0, 2, 2, 0]
[2, 0, 0, 0, 0, 0]
[0, 2, 0, 0, 0, 0]
Solving...
######
instances/ms_22_6.txt,0,11,6,0,0.007925999999999992,32126,13688
