Instancia:  instances/ms_20_6.txt
# Parámetros de la instancia
Número de haplotipos: 20
Número de genotipos: 10
Cantidad de sitios polimórficos: 6
Haplotipos:
[1, 0, 0, 0, 0, 1]
[0, 1, 0, 0, 0, 0]
[1, 0, 0, 0, 0, 0]
[0, 0, 0, 1, 0, 0]
[0, 0, 0, 1, 1, 0]
[1, 0, 0, 0, 0, 1]
[1, 0, 0, 0, 0, 1]
[0, 0, 0, 1, 1, 0]
[0, 0, 0, 1, 0, 0]
[1, 0, 0, 0, 0, 1]
[1, 0, 0, 0, 0, 1]
[1, 0, 0, 0, 0, 1]
[1, 0, 0, 0, 0, 1]
[1, 0, 0, 0, 0, 0]
[0, 0, 0, 1, 0, 0]
[1, 0, 0, 0, 0, 1]
[0, 0, 1, 1, 0, 0]
[0, 1, 0, 0, 0, 0]
[0, 0, 0, 1, 0, 0]
[1, 0, 0, 0, 0, 1]
Genotipos:
[2, 2, 0, 0, 0, 2]
[2, 0, 0, 2, 0, 0]
[2, 0, 0, 2, 2, 2]
[2, 0, 0, 2, 2, 2]
[2, 0, 0, 2, 0, 2]
[1, 0, 0, 0, 0, 1]
[1, 0, 0, 0, 0, 2]
[2, 0, 0, 2, 0, 2]
[0, 2, 2, 2, 0, 0]
[2, 0, 0, 2, 0, 2]
Solving...
######
instances/ms_20_6.txt,0,10,6,0,0.009877,27744,30540
