Instancia:  instances/ms_24_5.txt
# Parámetros de la instancia
Número de haplotipos: 24
Número de genotipos: 12
Cantidad de sitios polimórficos: 5
Haplotipos:
[0, 1, 1, 1, 0]
[0, 0, 0, 1, 0]
[0, 0, 0, 1, 1]
[0, 0, 0, 1, 1]
[1, 0, 0, 0, 0]
[1, 0, 0, 0, 0]
[0, 0, 0, 1, 0]
[0, 1, 1, 1, 0]
[0, 0, 0, 1, 0]
[1, 0, 0, 0, 0]
[0, 0, 0, 1, 0]
[1, 0, 0, 0, 0]
[0, 0, 0, 1, 0]
[0, 0, 0, 1, 0]
[0, 0, 0, 1, 0]
[0, 0, 0, 1, 0]
[0, 0, 0, 1, 0]
[0, 0, 0, 1, 0]
[0, 0, 0, 1, 0]
[0, 0, 0, 1, 1]
[0, 0, 0, 1, 0]
[0, 0, 0, 1, 1]
[0, 0, 0, 1, 1]
[0, 0, 0, 1, 0]
Genotipos:
[0, 2, 2, 1, 0]
[0, 0, 0, 1, 1]
[1, 0, 0, 0, 0]
[0, 2, 2, 1, 0]
[2, 0, 0, 2, 0]
[2, 0, 0, 2, 0]
[0, 0, 0, 1, 0]
[0, 0, 0, 1, 0]
[0, 0, 0, 1, 0]
[0, 0, 0, 1, 2]
[0, 0, 0, 1, 2]
[0, 0, 0, 1, 2]
Solving...
######
instances/ms_24_5.txt,0,12,5,0,0.004264999999999991,37138,13166
