Instancia:  instances/ms_32_3.txt
# Parámetros de la instancia
Número de haplotipos: 32
Número de genotipos: 16
Cantidad de sitios polimórficos: 3
Haplotipos:
[0, 0, 0]
[1, 0, 1]
[1, 0, 1]
[1, 1, 1]
[1, 1, 1]
[1, 0, 1]
[0, 0, 0]
[1, 1, 1]
[1, 1, 1]
[1, 1, 1]
[1, 1, 1]
[0, 0, 0]
[1, 1, 1]
[1, 0, 1]
[1, 1, 1]
[1, 1, 1]
[1, 0, 1]
[1, 1, 1]
[1, 1, 1]
[0, 0, 0]
[1, 1, 1]
[1, 1, 1]
[1, 0, 1]
[1, 0, 1]
[1, 1, 1]
[0, 0, 0]
[1, 0, 1]
[1, 1, 1]
[1, 1, 1]
[1, 1, 1]
[1, 1, 1]
[0, 0, 0]
Genotipos:
[2, 0, 2]
[1, 2, 1]
[1, 2, 1]
[2, 2, 2]
[1, 1, 1]
[2, 2, 2]
[1, 2, 1]
[1, 1, 1]
[1, 2, 1]
[2, 2, 2]
[1, 1, 1]
[1, 0, 1]
[2, 2, 2]
[1, 2, 1]
[1, 1, 1]
[2, 2, 2]
Solving...
######
instances/ms_32_3.txt,0,16,3,0,0.010320999999999986,92436,25501
