Instancia:  instances/ms_36_4.txt
# Parámetros de la instancia
Número de haplotipos: 36
Número de genotipos: 18
Cantidad de sitios polimórficos: 4
Haplotipos:
[0, 0, 0, 0]
[0, 0, 0, 0]
[1, 0, 0, 0]
[0, 0, 0, 0]
[1, 0, 0, 0]
[1, 0, 0, 0]
[0, 1, 1, 1]
[0, 0, 0, 0]
[0, 0, 0, 0]
[0, 0, 0, 0]
[0, 0, 0, 0]
[1, 0, 0, 0]
[0, 1, 1, 1]
[0, 0, 0, 0]
[0, 0, 0, 0]
[0, 1, 1, 1]
[0, 0, 0, 0]
[0, 0, 0, 0]
[0, 0, 0, 0]
[0, 0, 0, 1]
[0, 0, 0, 0]
[0, 0, 0, 0]
[0, 0, 0, 0]
[1, 0, 0, 0]
[1, 0, 0, 0]
[0, 1, 1, 1]
[0, 0, 1, 1]
[0, 0, 0, 0]
[0, 1, 1, 1]
[1, 0, 0, 0]
[0, 0, 0, 0]
[1, 0, 0, 0]
[1, 0, 0, 0]
[0, 1, 1, 1]
[0, 0, 0, 0]
[1, 0, 0, 0]
Genotipos:
[0, 0, 0, 0]
[2, 0, 0, 0]
[1, 0, 0, 0]
[0, 2, 2, 2]
[0, 0, 0, 0]
[2, 0, 0, 0]
[0, 2, 2, 2]
[0, 2, 2, 2]
[0, 0, 0, 0]
[0, 0, 0, 2]
[0, 0, 0, 0]
[2, 0, 0, 0]
[2, 2, 2, 2]
[0, 0, 2, 2]
[2, 2, 2, 2]
[2, 0, 0, 0]
[2, 2, 2, 2]
[2, 0, 0, 0]
Solving...
######
instances/ms_36_4.txt,0,18,4,0,0.023895000000000003,137624,51574
