Instancia:  instances/ms_34_3.txt
# Parámetros de la instancia
Número de haplotipos: 34
Número de genotipos: 17
Cantidad de sitios polimórficos: 3
Haplotipos:
[1, 1, 1]
[1, 1, 0]
[1, 1, 1]
[1, 1, 1]
[1, 1, 1]
[0, 0, 0]
[1, 1, 0]
[1, 1, 0]
[1, 1, 1]
[0, 0, 0]
[1, 1, 0]
[1, 1, 1]
[1, 1, 0]
[1, 1, 1]
[1, 1, 0]
[1, 1, 1]
[0, 0, 0]
[1, 1, 1]
[0, 0, 0]
[1, 1, 1]
[1, 1, 0]
[1, 1, 0]
[1, 1, 1]
[1, 1, 1]
[1, 1, 0]
[1, 1, 0]
[1, 1, 0]
[1, 1, 0]
[1, 1, 0]
[1, 1, 0]
[1, 1, 0]
[1, 1, 0]
[1, 1, 0]
[1, 1, 0]
Genotipos:
[1, 1, 2]
[1, 1, 1]
[2, 2, 2]
[1, 1, 0]
[2, 2, 2]
[1, 1, 2]
[1, 1, 2]
[1, 1, 2]
[2, 2, 2]
[2, 2, 2]
[1, 1, 0]
[1, 1, 1]
[1, 1, 0]
[1, 1, 0]
[1, 1, 0]
[1, 1, 0]
[1, 1, 0]
Solving...
######
instances/ms_34_3.txt,0,17,3,0,0.009176999999999998,107798,19370
