Instancia:  instances/ms_36_3.txt
# Parámetros de la instancia
Número de haplotipos: 36
Número de genotipos: 18
Cantidad de sitios polimórficos: 3
Haplotipos:
[0, 0, 0]
[1, 0, 0]
[0, 0, 0]
[1, 0, 0]
[0, 0, 0]
[0, 0, 0]
[0, 0, 0]
[1, 0, 0]
[0, 0, 0]
[0, 0, 0]
[0, 0, 0]
[0, 0, 0]
[1, 0, 0]
[0, 0, 0]
[0, 0, 0]
[0, 0, 0]
[0, 0, 0]
[0, 0, 0]
[0, 0, 0]
[0, 0, 1]
[0, 0, 0]
[0, 1, 0]
[0, 0, 0]
[0, 0, 0]
[0, 0, 0]
[0, 0, 0]
[0, 0, 0]
[0, 0, 0]
[0, 0, 0]
[0, 1, 0]
[0, 1, 0]
[0, 0, 0]
[0, 0, 0]
[0, 0, 0]
[0, 0, 0]
[0, 0, 0]
Genotipos:
[2, 0, 0]
[2, 0, 0]
[0, 0, 0]
[2, 0, 0]
[0, 0, 0]
[0, 0, 0]
[2, 0, 0]
[0, 0, 0]
[0, 0, 0]
[0, 0, 2]
[0, 2, 0]
[0, 0, 0]
[0, 0, 0]
[0, 0, 0]
[0, 2, 0]
[0, 2, 0]
[0, 0, 0]
[0, 0, 0]
Solving...
######
instances/ms_36_3.txt,0,18,3,0,0.004227000000000005,123176,10846
