Instancia:  instances/ms_34_4.txt
# Parámetros de la instancia
Número de haplotipos: 34
Número de genotipos: 17
Cantidad de sitios polimórficos: 4
Haplotipos:
[0, 1, 0, 0]
[0, 0, 1, 0]
[1, 0, 0, 1]
[0, 0, 0, 1]
[0, 0, 0, 1]
[0, 0, 1, 0]
[0, 0, 0, 1]
[0, 0, 1, 0]
[0, 0, 1, 0]
[0, 1, 0, 0]
[0, 0, 0, 1]
[0, 1, 0, 0]
[0, 1, 0, 0]
[0, 1, 0, 0]
[0, 0, 0, 1]
[0, 1, 0, 0]
[0, 0, 0, 1]
[0, 1, 0, 0]
[1, 0, 0, 1]
[0, 0, 0, 1]
[0, 1, 0, 0]
[0, 1, 0, 0]
[1, 0, 0, 1]
[0, 1, 0, 0]
[0, 0, 0, 1]
[0, 1, 0, 0]
[0, 1, 0, 0]
[0, 0, 0, 1]
[0, 1, 0, 0]
[1, 0, 0, 1]
[0, 0, 0, 1]
[0, 1, 0, 0]
[0, 1, 0, 0]
[0, 0, 0, 1]
Genotipos:
[0, 2, 2, 0]
[2, 0, 0, 1]
[0, 0, 2, 2]
[0, 0, 2, 2]
[0, 2, 2, 0]
[0, 2, 0, 2]
[0, 1, 0, 0]
[0, 2, 0, 2]
[0, 2, 0, 2]
[2, 0, 0, 1]
[0, 1, 0, 0]
[2, 2, 0, 2]
[0, 2, 0, 2]
[0, 2, 0, 2]
[2, 2, 0, 2]
[0, 2, 0, 2]
[0, 2, 0, 2]
Solving...
######
instances/ms_34_4.txt,0,17,4,0,0.0019999999999999775,118630,49416
