Instancia:  instances/ms_32_4.txt
# Parámetros de la instancia
Número de haplotipos: 32
Número de genotipos: 16
Cantidad de sitios polimórficos: 4
Haplotipos:
[1, 1, 0, 0]
[1, 1, 0, 0]
[0, 0, 1, 1]
[1, 1, 0, 0]
[1, 1, 0, 0]
[1, 1, 0, 0]
[1, 1, 0, 0]
[1, 1, 0, 0]
[0, 0, 0, 0]
[1, 1, 0, 0]
[1, 1, 0, 0]
[1, 1, 0, 0]
[1, 1, 0, 0]
[0, 0, 1, 1]
[0, 0, 1, 1]
[1, 1, 0, 0]
[1, 1, 0, 0]
[1, 1, 0, 0]
[1, 1, 0, 0]
[1, 1, 0, 0]
[1, 1, 0, 0]
[1, 1, 0, 0]
[1, 1, 0, 0]
[1, 1, 0, 0]
[1, 1, 0, 0]
[1, 1, 0, 0]
[1, 1, 0, 0]
[1, 1, 0, 0]
[1, 1, 0, 0]
[1, 1, 0, 0]
[1, 1, 0, 0]
[1, 1, 0, 0]
Genotipos:
[1, 1, 0, 0]
[2, 2, 2, 2]
[1, 1, 0, 0]
[1, 1, 0, 0]
[2, 2, 0, 0]
[1, 1, 0, 0]
[2, 2, 2, 2]
[2, 2, 2, 2]
[1, 1, 0, 0]
[1, 1, 0, 0]
[1, 1, 0, 0]
[1, 1, 0, 0]
[1, 1, 0, 0]
[1, 1, 0, 0]
[1, 1, 0, 0]
[1, 1, 0, 0]
Solving...
######
instances/ms_32_4.txt,0,16,4,0,0.008654999999999996,94916,21091
