Instancia:  instances/ms_32_6.txt
# Parámetros de la instancia
Número de haplotipos: 32
Número de genotipos: 16
Cantidad de sitios polimórficos: 6
Haplotipos:
[0, 0, 0, 0, 0, 1]
[0, 0, 0, 0, 0, 0]
[0, 0, 0, 0, 0, 0]
[0, 0, 0, 0, 0, 0]
[1, 1, 0, 0, 1, 0]
[0, 0, 0, 1, 0, 0]
[0, 0, 0, 0, 0, 0]
[0, 0, 0, 0, 0, 1]
[0, 0, 0, 0, 0, 1]
[0, 0, 0, 0, 0, 0]
[0, 0, 0, 0, 0, 0]
[1, 1, 0, 0, 1, 0]
[1, 1, 1, 0, 1, 0]
[1, 1, 0, 0, 1, 0]
[0, 0, 0, 0, 0, 0]
[0, 0, 0, 0, 0, 0]
[0, 0, 0, 0, 0, 0]
[0, 0, 0, 0, 0, 1]
[1, 1, 0, 0, 1, 0]
[0, 0, 0, 0, 0, 0]
[1, 1, 0, 0, 1, 0]
[0, 0, 0, 0, 0, 0]
[1, 1, 0, 0, 1, 0]
[1, 1, 0, 0, 1, 0]
[0, 0, 0, 0, 0, 0]
[0, 0, 0, 0, 0, 0]
[0, 0, 0, 0, 0, 0]
[0, 0, 0, 0, 0, 1]
[0, 0, 0, 0, 0, 0]
[1, 1, 0, 0, 1, 0]
[0, 0, 0, 0, 0, 0]
[0, 0, 0, 0, 0, 0]
Genotipos:
[0, 0, 0, 0, 0, 2]
[0, 0, 0, 0, 0, 0]
[2, 2, 0, 2, 2, 0]
[0, 0, 0, 0, 0, 2]
[0, 0, 0, 0, 0, 2]
[2, 2, 0, 0, 2, 0]
[1, 1, 2, 0, 1, 0]
[0, 0, 0, 0, 0, 0]
[0, 0, 0, 0, 0, 2]
[2, 2, 0, 0, 2, 0]
[2, 2, 0, 0, 2, 0]
[1, 1, 0, 0, 1, 0]
[0, 0, 0, 0, 0, 0]
[0, 0, 0, 0, 0, 2]
[2, 2, 0, 0, 2, 0]
[0, 0, 0, 0, 0, 0]
Solving...
######
instances/ms_32_6.txt,0,16,6,0,0.023905000000000003,107892,50332
