Instancia:  instances/ms_32_5.txt
# Parámetros de la instancia
Número de haplotipos: 32
Número de genotipos: 16
Cantidad de sitios polimórficos: 5
Haplotipos:
[0, 1, 1, 0, 0]
[0, 1, 1, 0, 0]
[1, 0, 0, 1, 0]
[1, 0, 0, 1, 0]
[0, 1, 1, 0, 0]
[0, 1, 1, 0, 0]
[1, 0, 0, 1, 0]
[1, 0, 0, 1, 0]
[0, 1, 1, 0, 1]
[0, 1, 1, 0, 0]
[1, 0, 0, 1, 0]
[1, 0, 0, 1, 0]
[1, 0, 0, 1, 0]
[1, 0, 0, 1, 0]
[0, 1, 1, 0, 0]
[0, 1, 1, 0, 0]
[1, 0, 0, 1, 0]
[1, 0, 0, 1, 0]
[0, 1, 1, 0, 0]
[0, 1, 1, 0, 0]
[0, 1, 1, 0, 0]
[0, 1, 1, 0, 0]
[1, 0, 0, 1, 0]
[0, 1, 1, 0, 0]
[0, 1, 1, 0, 0]
[1, 0, 0, 1, 0]
[1, 0, 0, 1, 0]
[1, 0, 0, 1, 0]
[0, 1, 1, 0, 0]
[0, 1, 1, 0, 0]
[1, 0, 0, 1, 0]
[0, 1, 1, 0, 0]
Genotipos:
[0, 1, 1, 0, 0]
[1, 0, 0, 1, 0]
[0, 1, 1, 0, 0]
[1, 0, 0, 1, 0]
[0, 1, 1, 0, 2]
[1, 0, 0, 1, 0]
[1, 0, 0, 1, 0]
[0, 1, 1, 0, 0]
[1, 0, 0, 1, 0]
[0, 1, 1, 0, 0]
[0, 1, 1, 0, 0]
[2, 2, 2, 2, 0]
[2, 2, 2, 2, 0]
[1, 0, 0, 1, 0]
[0, 1, 1, 0, 0]
[2, 2, 2, 2, 0]
Solving...
######
instances/ms_32_5.txt,0,16,5,0,0.01125799999999999,99734,27801
