Instancia:  instances/ms_38_16.txt
# Parámetros de la instancia
Número de haplotipos: 38
Número de genotipos: 19
Cantidad de sitios polimórficos: 16
Haplotipos:
[0, 0, 0, 1, 0, 0, 0, 0, 0, 1, 0, 0, 0, 0, 1, 0]
[0, 0, 0, 1, 0, 0, 0, 0, 0, 1, 0, 1, 0, 0, 1, 0]
[0, 0, 0, 1, 0, 0, 0, 1, 1, 1, 0, 0, 0, 0, 0, 0]
[0, 0, 1, 1, 0, 0, 1, 0, 0, 1, 0, 0, 0, 0, 0, 1]
[0, 0, 0, 1, 1, 0, 0, 0, 1, 1, 0, 0, 0, 0, 0, 0]
[0, 0, 0, 1, 0, 0, 0, 1, 1, 1, 0, 0, 0, 0, 0, 0]
[0, 0, 0, 0, 0, 0, 0, 0, 0, 0, 0, 0, 1, 0, 0, 0]
[0, 0, 0, 1, 0, 0, 0, 0, 0, 1, 0, 0, 0, 0, 1, 0]
[0, 0, 0, 1, 0, 0, 0, 0, 0, 1, 0, 0, 0, 0, 1, 0]
[0, 1, 0, 1, 0, 0, 0, 0, 0, 1, 0, 0, 0, 0, 0, 0]
[0, 0, 0, 1, 0, 0, 0, 0, 0, 1, 0, 0, 0, 0, 1, 0]
[0, 0, 0, 1, 0, 0, 0, 1, 1, 1, 0, 0, 0, 0, 0, 0]
[0, 0, 0, 1, 0, 0, 0, 0, 0, 1, 0, 0, 0, 0, 1, 0]
[0, 0, 0, 1, 0, 0, 0, 0, 0, 1, 0, 0, 0, 0, 1, 0]
[0, 0, 0, 1, 0, 0, 0, 1, 1, 1, 0, 0, 0, 0, 0, 0]
[0, 0, 0, 1, 0, 0, 0, 0, 0, 1, 0, 0, 0, 0, 1, 0]
[0, 0, 0, 0, 0, 0, 0, 0, 0, 0, 1, 0, 1, 0, 0, 0]
[0, 0, 0, 1, 0, 0, 0, 1, 1, 1, 0, 0, 0, 0, 0, 0]
[0, 0, 0, 1, 0, 0, 0, 1, 1, 1, 0, 0, 0, 0, 0, 0]
[0, 0, 0, 1, 0, 1, 0, 0, 0, 1, 0, 0, 0, 1, 0, 0]
[0, 0, 0, 1, 0, 0, 0, 1, 1, 1, 0, 0, 0, 0, 0, 0]
[1, 0, 0, 1, 0, 0, 0, 0, 0, 1, 0, 0, 0, 0, 1, 0]
[0, 0, 0, 1, 0, 0, 0, 0, 0, 1, 0, 0, 0, 0, 1, 0]
[0, 0, 0, 0, 0, 0, 0, 0, 0, 0, 1, 0, 1, 0, 0, 0]
[0, 0, 0, 1, 0, 0, 0, 1, 1, 1, 0, 0, 0, 0, 0, 0]
[0, 1, 0, 1, 0, 0, 0, 0, 0, 1, 0, 0, 0, 0, 0, 0]
[0, 0, 0, 1, 0, 0, 0, 0, 0, 1, 0, 1, 0, 0, 1, 0]
[0, 0, 0, 0, 0, 0, 0, 0, 0, 0, 1, 0, 1, 0, 0, 0]
[0, 0, 0, 1, 1, 0, 0, 0, 1, 1, 0, 0, 0, 0, 0, 0]
[0, 0, 0, 1, 0, 0, 0, 0, 0, 1, 0, 0, 0, 0, 1, 0]
[0, 0, 0, 1, 0, 0, 0, 0, 0, 1, 0, 0, 0, 0, 1, 0]
[0, 0, 0, 1, 0, 0, 0, 0, 0, 1, 0, 0, 0, 0, 1, 0]
[0, 0, 0, 1, 0, 0, 0, 1, 1, 1, 0, 0, 0, 0, 0, 0]
[0, 0, 0, 1, 0, 0, 0, 1, 1, 1, 0, 0, 0, 0, 0, 0]
[0, 0, 0, 1, 0, 0, 0, 0, 0, 1, 0, 0, 0, 0, 1, 0]
[0, 0, 0, 1, 0, 0, 0, 0, 0, 1, 0, 0, 0, 0, 0, 0]
[0, 0, 0, 1, 0, 0, 0, 1, 1, 1, 0, 0, 0, 0, 0, 0]
[0, 0, 0, 1, 0, 0, 0, 1, 1, 1, 0, 0, 0, 0, 0, 0]
Genotipos:
[0, 0, 0, 1, 0, 0, 0, 0, 0, 1, 0, 2, 0, 0, 1, 0]
[0, 0, 2, 1, 0, 0, 2, 2, 2, 1, 0, 0, 0, 0, 0, 2]
[0, 0, 0, 1, 2, 0, 0, 2, 1, 1, 0, 0, 0, 0, 0, 0]
[0, 0, 0, 2, 0, 0, 0, 0, 0, 2, 0, 0, 2, 0, 2, 0]
[0, 2, 0, 1, 0, 0, 0, 0, 0, 1, 0, 0, 0, 0, 2, 0]
[0, 0, 0, 1, 0, 0, 0, 2, 2, 1, 0, 0, 0, 0, 2, 0]
[0, 0, 0, 1, 0, 0, 0, 0, 0, 1, 0, 0, 0, 0, 1, 0]
[0, 0, 0, 1, 0, 0, 0, 2, 2, 1, 0, 0, 0, 0, 2, 0]
[0, 0, 0, 2, 0, 0, 0, 2, 2, 2, 2, 0, 2, 0, 0, 0]
[0, 0, 0, 1, 0, 2, 0, 2, 2, 1, 0, 0, 0, 2, 0, 0]
[2, 0, 0, 1, 0, 0, 0, 2, 2, 1, 0, 0, 0, 0, 2, 0]
[0, 0, 0, 2, 0, 0, 0, 0, 0, 2, 2, 0, 2, 0, 2, 0]
[0, 2, 0, 1, 0, 0, 0, 2, 2, 1, 0, 0, 0, 0, 0, 0]
[0, 0, 0, 2, 0, 0, 0, 0, 0, 2, 2, 2, 2, 0, 2, 0]
[0, 0, 0, 1, 2, 0, 0, 0, 2, 1, 0, 0, 0, 0, 2, 0]
[0, 0, 0, 1, 0, 0, 0, 0, 0, 1, 0, 0, 0, 0, 1, 0]
[0, 0, 0, 1, 0, 0, 0, 1, 1, 1, 0, 0, 0, 0, 0, 0]
[0, 0, 0, 1, 0, 0, 0, 0, 0, 1, 0, 0, 0, 0, 2, 0]
[0, 0, 0, 1, 0, 0, 0, 1, 1, 1, 0, 0, 0, 0, 0, 0]
Solving...
######
instances/ms_38_16.txt,0,19,16,0,0.24218299999999998,257474,370622
