Instancia:  instances/ms_42_15.txt
# Parámetros de la instancia
Número de haplotipos: 42
Número de genotipos: 21
Cantidad de sitios polimórficos: 15
Haplotipos:
[0, 1, 1, 0, 0, 0, 0, 0, 0, 1, 0, 0, 0, 0, 0]
[0, 0, 0, 0, 0, 0, 0, 0, 0, 0, 0, 0, 1, 0, 0]
[0, 0, 0, 1, 0, 0, 1, 0, 0, 0, 0, 0, 1, 1, 0]
[0, 0, 0, 0, 0, 0, 0, 0, 0, 1, 0, 0, 0, 0, 0]
[0, 0, 0, 0, 0, 0, 0, 0, 0, 1, 0, 0, 0, 0, 0]
[0, 0, 0, 0, 0, 0, 0, 0, 0, 1, 0, 0, 0, 0, 0]
[0, 0, 0, 0, 0, 1, 0, 0, 0, 0, 0, 0, 1, 0, 0]
[0, 0, 0, 0, 0, 0, 0, 0, 0, 1, 0, 0, 0, 0, 0]
[0, 1, 1, 0, 0, 0, 0, 0, 0, 1, 0, 0, 0, 0, 0]
[0, 0, 0, 0, 0, 0, 0, 0, 0, 0, 0, 0, 1, 0, 0]
[0, 0, 0, 0, 0, 1, 0, 0, 0, 0, 0, 0, 1, 0, 0]
[0, 0, 0, 0, 0, 0, 0, 0, 0, 1, 0, 0, 0, 0, 0]
[1, 0, 0, 0, 1, 0, 0, 1, 0, 0, 0, 1, 0, 0, 1]
[0, 0, 0, 0, 0, 0, 0, 0, 0, 0, 0, 0, 1, 0, 0]
[0, 0, 0, 0, 0, 0, 0, 0, 0, 0, 0, 0, 1, 0, 0]
[0, 0, 0, 1, 0, 0, 1, 0, 0, 0, 0, 0, 1, 1, 0]
[0, 0, 0, 0, 0, 0, 0, 0, 0, 1, 0, 0, 0, 0, 0]
[0, 0, 0, 0, 0, 0, 0, 0, 0, 1, 0, 0, 0, 0, 0]
[1, 0, 0, 0, 1, 0, 0, 1, 0, 0, 0, 1, 0, 0, 1]
[1, 0, 0, 0, 1, 0, 0, 1, 0, 0, 0, 1, 0, 0, 1]
[0, 0, 0, 1, 0, 0, 1, 0, 0, 0, 0, 0, 1, 1, 0]
[0, 0, 0, 1, 0, 0, 1, 0, 0, 0, 0, 0, 1, 1, 0]
[0, 0, 0, 0, 0, 0, 0, 0, 0, 1, 1, 0, 0, 0, 0]
[0, 0, 0, 0, 0, 1, 0, 0, 0, 0, 0, 0, 1, 0, 0]
[0, 0, 0, 0, 0, 0, 0, 0, 0, 0, 0, 0, 1, 0, 0]
[0, 0, 0, 0, 0, 0, 0, 0, 0, 1, 0, 0, 0, 0, 0]
[0, 0, 0, 1, 0, 0, 1, 0, 0, 0, 0, 0, 1, 1, 0]
[0, 0, 0, 1, 0, 0, 1, 0, 0, 0, 0, 0, 1, 1, 0]
[0, 1, 1, 0, 0, 0, 0, 0, 0, 1, 0, 0, 0, 0, 0]
[0, 0, 0, 1, 0, 0, 1, 0, 0, 0, 0, 0, 1, 1, 0]
[0, 0, 0, 0, 0, 1, 0, 0, 0, 0, 0, 0, 1, 0, 0]
[1, 0, 0, 0, 1, 0, 0, 1, 0, 0, 0, 1, 0, 0, 1]
[0, 0, 0, 0, 0, 0, 0, 0, 0, 0, 0, 0, 1, 0, 0]
[0, 0, 0, 0, 0, 0, 0, 0, 0, 1, 0, 0, 0, 0, 0]
[0, 1, 1, 0, 0, 0, 0, 0, 0, 1, 0, 0, 0, 0, 0]
[0, 1, 1, 0, 0, 0, 0, 0, 0, 1, 0, 0, 0, 0, 0]
[0, 0, 0, 0, 0, 0, 0, 0, 0, 1, 0, 0, 0, 0, 0]
[0, 0, 0, 0, 0, 1, 0, 0, 0, 0, 0, 0, 1, 0, 0]
[0, 0, 0, 0, 0, 0, 0, 0, 0, 1, 1, 0, 0, 0, 0]
[0, 0, 0, 0, 0, 0, 0, 0, 0, 0, 0, 0, 1, 0, 0]
[0, 0, 0, 0, 0, 1, 0, 0, 0, 0, 0, 0, 1, 0, 0]
[0, 0, 0, 0, 0, 1, 0, 0, 1, 0, 0, 0, 1, 0, 0]
Genotipos:
[0, 2, 2, 0, 0, 0, 0, 0, 0, 2, 0, 0, 2, 0, 0]
[0, 0, 0, 2, 0, 0, 2, 0, 0, 2, 0, 0, 2, 2, 0]
[0, 0, 0, 0, 0, 0, 0, 0, 0, 1, 0, 0, 0, 0, 0]
[0, 0, 0, 0, 0, 2, 0, 0, 0, 2, 0, 0, 2, 0, 0]
[0, 2, 2, 0, 0, 0, 0, 0, 0, 2, 0, 0, 2, 0, 0]
[0, 0, 0, 0, 0, 2, 0, 0, 0, 2, 0, 0, 2, 0, 0]
[2, 0, 0, 0, 2, 0, 0, 2, 0, 0, 0, 2, 2, 0, 2]
[0, 0, 0, 2, 0, 0, 2, 0, 0, 0, 0, 0, 1, 2, 0]
[0, 0, 0, 0, 0, 0, 0, 0, 0, 1, 0, 0, 0, 0, 0]
[1, 0, 0, 0, 1, 0, 0, 1, 0, 0, 0, 1, 0, 0, 1]
[0, 0, 0, 1, 0, 0, 1, 0, 0, 0, 0, 0, 1, 1, 0]
[0, 0, 0, 0, 0, 2, 0, 0, 0, 2, 2, 0, 2, 0, 0]
[0, 0, 0, 0, 0, 0, 0, 0, 0, 2, 0, 0, 2, 0, 0]
[0, 0, 0, 1, 0, 0, 1, 0, 0, 0, 0, 0, 1, 1, 0]
[0, 2, 2, 2, 0, 0, 2, 0, 0, 2, 0, 0, 2, 2, 0]
[2, 0, 0, 0, 2, 2, 0, 2, 0, 0, 0, 2, 2, 0, 2]
[0, 0, 0, 0, 0, 0, 0, 0, 0, 2, 0, 0, 2, 0, 0]
[0, 1, 1, 0, 0, 0, 0, 0, 0, 1, 0, 0, 0, 0, 0]
[0, 0, 0, 0, 0, 2, 0, 0, 0, 2, 0, 0, 2, 0, 0]
[0, 0, 0, 0, 0, 0, 0, 0, 0, 2, 2, 0, 2, 0, 0]
[0, 0, 0, 0, 0, 1, 0, 0, 2, 0, 0, 0, 1, 0, 0]
Solving...
######
instances/ms_42_15.txt,0,21,15,0,0.30479899999999993,320394,422235
