Instancia:  instances/ms_48_6.txt
# Parámetros de la instancia
Número de haplotipos: 48
Número de genotipos: 24
Cantidad de sitios polimórficos: 6
Haplotipos:
[0, 0, 1, 0, 0, 0]
[0, 0, 0, 0, 1, 1]
[1, 0, 1, 0, 0, 0]
[0, 0, 0, 0, 1, 1]
[0, 0, 0, 0, 0, 0]
[0, 1, 0, 0, 0, 0]
[0, 0, 1, 0, 0, 0]
[0, 0, 0, 0, 0, 0]
[1, 0, 1, 0, 0, 0]
[0, 1, 0, 1, 0, 0]
[0, 1, 0, 1, 0, 0]
[0, 0, 0, 0, 0, 0]
[0, 1, 0, 1, 0, 0]
[0, 1, 0, 0, 0, 0]
[0, 1, 0, 0, 0, 0]
[0, 1, 0, 0, 0, 0]
[0, 0, 1, 0, 0, 0]
[0, 0, 0, 0, 0, 0]
[0, 0, 0, 0, 0, 0]
[1, 0, 1, 0, 0, 0]
[0, 0, 0, 0, 0, 0]
[0, 0, 0, 0, 0, 0]
[0, 1, 0, 0, 0, 0]
[0, 0, 1, 0, 0, 0]
[0, 1, 0, 0, 0, 0]
[1, 0, 1, 0, 0, 0]
[1, 0, 1, 0, 0, 0]
[0, 1, 0, 1, 0, 0]
[0, 1, 0, 0, 0, 0]
[0, 0, 0, 0, 0, 0]
[0, 1, 0, 1, 0, 0]
[0, 0, 0, 0, 0, 0]
[0, 1, 0, 0, 0, 0]
[0, 0, 0, 0, 1, 1]
[0, 0, 1, 0, 0, 0]
[0, 1, 0, 0, 0, 0]
[1, 0, 1, 0, 0, 0]
[0, 1, 0, 1, 0, 0]
[0, 0, 0, 0, 0, 0]
[0, 0, 0, 0, 0, 1]
[0, 1, 0, 1, 0, 0]
[0, 0, 0, 0, 0, 0]
[0, 0, 0, 0, 0, 1]
[0, 0, 0, 0, 0, 0]
[0, 1, 0, 1, 0, 0]
[0, 1, 0, 1, 0, 0]
[0, 0, 0, 0, 1, 1]
[1, 0, 1, 0, 0, 0]
Genotipos:
[0, 0, 2, 0, 2, 2]
[2, 0, 2, 0, 2, 2]
[0, 2, 0, 0, 0, 0]
[0, 0, 2, 0, 0, 0]
[2, 2, 2, 2, 0, 0]
[0, 2, 0, 2, 0, 0]
[0, 1, 0, 2, 0, 0]
[0, 1, 0, 0, 0, 0]
[0, 0, 2, 0, 0, 0]
[2, 0, 2, 0, 0, 0]
[0, 0, 0, 0, 0, 0]
[0, 2, 2, 0, 0, 0]
[2, 2, 2, 0, 0, 0]
[2, 2, 2, 2, 0, 0]
[0, 2, 0, 0, 0, 0]
[0, 2, 0, 2, 0, 0]
[0, 2, 0, 0, 2, 2]
[0, 2, 2, 0, 0, 0]
[2, 2, 2, 2, 0, 0]
[0, 0, 0, 0, 0, 2]
[0, 2, 0, 2, 0, 0]
[0, 0, 0, 0, 0, 2]
[0, 1, 0, 1, 0, 0]
[2, 0, 2, 0, 2, 2]
Solving...
######
instances/ms_48_6.txt,0,24,6,0,0.10192799999999999,332160,162832
