Instancia:  instances/ms_40_6.txt
# Parámetros de la instancia
Número de haplotipos: 40
Número de genotipos: 20
Cantidad de sitios polimórficos: 6
Haplotipos:
[0, 0, 0, 1, 0, 0]
[0, 1, 0, 1, 0, 0]
[0, 0, 1, 0, 0, 1]
[1, 0, 0, 1, 0, 0]
[0, 0, 0, 1, 0, 0]
[0, 1, 0, 1, 0, 0]
[0, 0, 0, 1, 0, 0]
[0, 0, 0, 1, 1, 0]
[0, 0, 1, 0, 0, 1]
[0, 1, 0, 1, 0, 0]
[0, 0, 0, 1, 0, 0]
[0, 0, 0, 1, 0, 0]
[0, 0, 0, 1, 0, 0]
[0, 0, 0, 1, 0, 0]
[0, 0, 1, 0, 0, 1]
[0, 0, 0, 1, 0, 0]
[0, 0, 0, 1, 0, 0]
[0, 0, 0, 1, 0, 0]
[0, 0, 0, 1, 0, 0]
[0, 0, 0, 1, 0, 0]
[0, 0, 0, 1, 0, 0]
[0, 0, 1, 0, 0, 1]
[0, 0, 1, 0, 0, 1]
[0, 1, 0, 1, 0, 0]
[0, 1, 0, 1, 0, 0]
[0, 0, 0, 1, 0, 0]
[0, 0, 0, 1, 0, 0]
[0, 0, 0, 1, 0, 0]
[0, 0, 0, 1, 0, 0]
[0, 0, 0, 1, 0, 0]
[0, 0, 0, 1, 0, 0]
[0, 0, 0, 1, 0, 0]
[0, 0, 0, 1, 0, 0]
[0, 0, 0, 1, 0, 0]
[0, 0, 0, 1, 0, 0]
[0, 0, 0, 1, 0, 0]
[0, 0, 0, 1, 0, 0]
[0, 1, 0, 1, 0, 0]
[0, 0, 0, 1, 0, 0]
[0, 0, 0, 1, 0, 0]
Genotipos:
[0, 2, 0, 1, 0, 0]
[2, 0, 2, 2, 0, 2]
[0, 2, 0, 1, 0, 0]
[0, 0, 0, 1, 2, 0]
[0, 2, 2, 2, 0, 2]
[0, 0, 0, 1, 0, 0]
[0, 0, 0, 1, 0, 0]
[0, 0, 2, 2, 0, 2]
[0, 0, 0, 1, 0, 0]
[0, 0, 0, 1, 0, 0]
[0, 0, 2, 2, 0, 2]
[0, 2, 2, 2, 0, 2]
[0, 2, 0, 1, 0, 0]
[0, 0, 0, 1, 0, 0]
[0, 0, 0, 1, 0, 0]
[0, 0, 0, 1, 0, 0]
[0, 0, 0, 1, 0, 0]
[0, 0, 0, 1, 0, 0]
[0, 2, 0, 1, 0, 0]
[0, 0, 0, 1, 0, 0]
Solving...
######
instances/ms_40_6.txt,0,20,6,0,0.037278000000000006,196048,63764
