Instancia:  instances/ms_44_5.txt
# Parámetros de la instancia
Número de haplotipos: 44
Número de genotipos: 22
Cantidad de sitios polimórficos: 5
Haplotipos:
[0, 0, 0, 0, 0]
[0, 0, 0, 0, 0]
[0, 1, 1, 0, 1]
[0, 0, 0, 0, 0]
[0, 1, 1, 0, 0]
[0, 1, 1, 0, 0]
[0, 1, 1, 0, 0]
[0, 1, 1, 0, 0]
[0, 0, 0, 0, 0]
[0, 0, 0, 0, 0]
[0, 0, 0, 0, 0]
[0, 0, 0, 0, 0]
[0, 0, 0, 0, 0]
[0, 1, 1, 0, 1]
[0, 0, 0, 0, 0]
[0, 0, 0, 0, 0]
[0, 1, 1, 0, 1]
[0, 1, 1, 0, 0]
[0, 1, 1, 0, 0]
[0, 1, 1, 0, 1]
[0, 0, 0, 0, 0]
[0, 0, 0, 0, 0]
[0, 0, 0, 0, 0]
[0, 1, 1, 0, 0]
[0, 1, 1, 0, 0]
[0, 1, 1, 0, 1]
[0, 1, 1, 0, 1]
[0, 0, 0, 0, 0]
[0, 1, 1, 0, 1]
[0, 1, 1, 0, 0]
[0, 1, 1, 1, 1]
[0, 1, 1, 0, 1]
[0, 1, 1, 0, 0]
[0, 0, 0, 0, 0]
[0, 1, 1, 0, 0]
[1, 1, 1, 0, 0]
[0, 0, 0, 0, 0]
[1, 1, 1, 0, 0]
[0, 0, 0, 0, 0]
[0, 0, 0, 0, 0]
[0, 1, 1, 0, 1]
[0, 1, 1, 1, 1]
[0, 1, 1, 0, 0]
[0, 1, 1, 0, 0]
Genotipos:
[0, 0, 0, 0, 0]
[0, 2, 2, 0, 2]
[0, 1, 1, 0, 0]
[0, 1, 1, 0, 0]
[0, 0, 0, 0, 0]
[0, 0, 0, 0, 0]
[0, 2, 2, 0, 2]
[0, 0, 0, 0, 0]
[0, 1, 1, 0, 2]
[0, 1, 1, 0, 2]
[0, 0, 0, 0, 0]
[0, 2, 2, 0, 0]
[0, 1, 1, 0, 2]
[0, 2, 2, 0, 2]
[0, 1, 1, 0, 2]
[0, 1, 1, 2, 1]
[0, 2, 2, 0, 0]
[2, 1, 1, 0, 0]
[2, 2, 2, 0, 0]
[0, 0, 0, 0, 0]
[0, 1, 1, 2, 1]
[0, 1, 1, 0, 0]
Solving...
######
instances/ms_44_5.txt,0,22,5,0,0.03994499999999997,245098,61864
