Instancia:  instances/ms_42_5.txt
# Parámetros de la instancia
Número de haplotipos: 42
Número de genotipos: 21
Cantidad de sitios polimórficos: 5
Haplotipos:
[0, 0, 0, 0, 0]
[1, 0, 1, 1, 0]
[0, 0, 1, 1, 0]
[0, 1, 1, 0, 0]
[0, 0, 1, 0, 0]
[0, 0, 1, 0, 0]
[1, 0, 1, 1, 0]
[0, 0, 1, 0, 1]
[0, 1, 1, 0, 0]
[0, 0, 1, 0, 1]
[0, 1, 1, 0, 0]
[0, 0, 1, 0, 1]
[0, 0, 0, 0, 0]
[0, 0, 0, 0, 0]
[0, 0, 1, 0, 0]
[0, 0, 1, 1, 0]
[0, 0, 1, 1, 0]
[1, 0, 1, 1, 0]
[0, 0, 1, 0, 0]
[0, 0, 1, 0, 1]
[0, 0, 1, 0, 0]
[0, 0, 1, 0, 0]
[0, 0, 1, 0, 0]
[0, 0, 0, 0, 0]
[0, 0, 1, 0, 0]
[0, 0, 0, 0, 0]
[0, 0, 1, 0, 0]
[0, 0, 0, 0, 0]
[0, 0, 1, 0, 0]
[0, 0, 1, 0, 0]
[1, 0, 1, 1, 0]
[0, 0, 1, 0, 0]
[0, 0, 1, 0, 0]
[0, 0, 1, 0, 1]
[0, 0, 0, 0, 0]
[0, 0, 1, 0, 0]
[0, 0, 1, 0, 0]
[0, 0, 1, 1, 0]
[0, 0, 0, 0, 0]
[0, 0, 1, 0, 1]
[0, 0, 1, 1, 0]
[0, 0, 1, 0, 0]
Genotipos:
[2, 0, 2, 2, 0]
[0, 2, 1, 2, 0]
[0, 0, 1, 0, 0]
[2, 0, 1, 2, 2]
[0, 2, 1, 0, 2]
[0, 2, 1, 0, 2]
[0, 0, 0, 0, 0]
[0, 0, 1, 2, 0]
[2, 0, 1, 1, 0]
[0, 0, 1, 0, 2]
[0, 0, 1, 0, 0]
[0, 0, 2, 0, 0]
[0, 0, 2, 0, 0]
[0, 0, 2, 0, 0]
[0, 0, 1, 0, 0]
[2, 0, 1, 2, 0]
[0, 0, 1, 0, 2]
[0, 0, 2, 0, 0]
[0, 0, 1, 2, 0]
[0, 0, 2, 0, 2]
[0, 0, 1, 2, 0]
Solving...
######
instances/ms_42_5.txt,0,21,5,0,0.034901999999999975,217356,64743
