Instancia:  instances/ms_48_3.txt
# Parámetros de la instancia
Número de haplotipos: 48
Número de genotipos: 24
Cantidad de sitios polimórficos: 3
Haplotipos:
[0, 0, 0]
[0, 0, 1]
[0, 0, 1]
[1, 0, 0]
[1, 0, 0]
[0, 0, 0]
[1, 0, 0]
[1, 0, 0]
[0, 0, 0]
[0, 0, 0]
[0, 0, 0]
[0, 0, 0]
[1, 0, 0]
[0, 0, 0]
[0, 0, 0]
[0, 0, 0]
[1, 0, 0]
[0, 0, 0]
[0, 0, 0]
[0, 0, 0]
[0, 0, 0]
[0, 0, 0]
[0, 0, 0]
[0, 0, 0]
[0, 0, 0]
[0, 0, 0]
[0, 0, 0]
[0, 0, 0]
[0, 0, 1]
[1, 0, 0]
[1, 0, 0]
[0, 0, 1]
[0, 0, 0]
[0, 0, 0]
[1, 0, 0]
[0, 0, 1]
[0, 1, 0]
[0, 0, 0]
[0, 0, 0]
[0, 0, 0]
[1, 0, 0]
[0, 0, 0]
[0, 0, 1]
[0, 0, 0]
[0, 0, 0]
[0, 0, 0]
[0, 0, 0]
[0, 0, 0]
Genotipos:
[0, 0, 2]
[2, 0, 2]
[2, 0, 0]
[1, 0, 0]
[0, 0, 0]
[0, 0, 0]
[2, 0, 0]
[0, 0, 0]
[2, 0, 0]
[0, 0, 0]
[0, 0, 0]
[0, 0, 0]
[0, 0, 0]
[0, 0, 0]
[2, 0, 2]
[2, 0, 2]
[0, 0, 0]
[2, 0, 2]
[0, 2, 0]
[0, 0, 0]
[2, 0, 0]
[0, 0, 2]
[0, 0, 0]
[0, 0, 0]
Solving...
######
instances/ms_48_3.txt,0,24,3,0,0.01852800000000001,280944,26368
