Instancia:  instances/ms_46_5.txt
# Parámetros de la instancia
Número de haplotipos: 46
Número de genotipos: 23
Cantidad de sitios polimórficos: 5
Haplotipos:
[0, 0, 0, 0, 0]
[0, 0, 0, 0, 0]
[1, 1, 0, 0, 1]
[0, 0, 0, 0, 0]
[0, 0, 0, 0, 0]
[0, 0, 0, 0, 0]
[0, 0, 0, 0, 0]
[0, 0, 0, 0, 0]
[1, 1, 0, 0, 1]
[0, 0, 0, 0, 0]
[0, 0, 0, 0, 0]
[0, 0, 0, 0, 0]
[0, 0, 0, 0, 0]
[0, 0, 0, 0, 0]
[0, 0, 0, 0, 0]
[0, 0, 0, 0, 0]
[0, 0, 0, 0, 0]
[1, 1, 1, 0, 1]
[0, 0, 0, 0, 0]
[0, 0, 0, 0, 0]
[0, 0, 0, 0, 0]
[0, 0, 0, 0, 0]
[0, 0, 0, 0, 0]
[0, 0, 0, 0, 0]
[0, 0, 0, 0, 0]
[1, 1, 0, 0, 1]
[1, 1, 0, 0, 1]
[0, 0, 0, 0, 0]
[0, 0, 0, 0, 0]
[0, 0, 0, 0, 0]
[0, 0, 0, 0, 0]
[0, 0, 0, 0, 0]
[0, 0, 0, 1, 0]
[0, 0, 0, 0, 0]
[1, 1, 0, 0, 1]
[0, 0, 0, 0, 0]
[0, 0, 0, 0, 0]
[0, 0, 0, 0, 0]
[0, 0, 0, 0, 0]
[1, 1, 0, 0, 1]
[1, 1, 0, 0, 1]
[0, 0, 0, 0, 0]
[1, 1, 0, 0, 1]
[1, 1, 0, 0, 1]
[0, 0, 0, 0, 0]
[1, 1, 0, 0, 1]
Genotipos:
[0, 0, 0, 0, 0]
[2, 2, 0, 0, 2]
[0, 0, 0, 0, 0]
[0, 0, 0, 0, 0]
[2, 2, 0, 0, 2]
[0, 0, 0, 0, 0]
[0, 0, 0, 0, 0]
[0, 0, 0, 0, 0]
[2, 2, 2, 0, 2]
[0, 0, 0, 0, 0]
[0, 0, 0, 0, 0]
[0, 0, 0, 0, 0]
[2, 2, 0, 0, 2]
[2, 2, 0, 0, 2]
[0, 0, 0, 0, 0]
[0, 0, 0, 0, 0]
[0, 0, 0, 2, 0]
[2, 2, 0, 0, 2]
[0, 0, 0, 0, 0]
[2, 2, 0, 0, 2]
[2, 2, 0, 0, 2]
[1, 1, 0, 0, 1]
[2, 2, 0, 0, 2]
Solving...
######
instances/ms_46_5.txt,0,23,5,0,0.043920000000000015,281410,81840
