Instancia:  instances/ms_42_3.txt
# Parámetros de la instancia
Número de haplotipos: 42
Número de genotipos: 21
Cantidad de sitios polimórficos: 3
Haplotipos:
[0, 0, 0]
[1, 0, 0]
[1, 0, 0]
[1, 0, 0]
[1, 0, 0]
[1, 0, 1]
[0, 0, 0]
[1, 0, 0]
[1, 0, 0]
[0, 0, 0]
[0, 0, 0]
[0, 0, 0]
[0, 1, 0]
[0, 1, 0]
[0, 0, 0]
[0, 0, 0]
[1, 0, 0]
[1, 0, 0]
[1, 0, 0]
[1, 0, 0]
[0, 0, 0]
[1, 0, 0]
[0, 0, 0]
[0, 0, 0]
[1, 0, 0]
[0, 0, 0]
[1, 0, 0]
[0, 0, 0]
[0, 0, 0]
[0, 0, 0]
[1, 0, 0]
[1, 0, 1]
[1, 0, 0]
[0, 0, 0]
[1, 0, 0]
[1, 0, 0]
[0, 0, 0]
[1, 0, 0]
[0, 0, 0]
[1, 0, 1]
[0, 1, 0]
[1, 0, 1]
Genotipos:
[2, 0, 0]
[1, 0, 0]
[1, 0, 2]
[2, 0, 0]
[2, 0, 0]
[0, 0, 0]
[0, 1, 0]
[0, 0, 0]
[1, 0, 0]
[1, 0, 0]
[2, 0, 0]
[0, 0, 0]
[2, 0, 0]
[2, 0, 0]
[0, 0, 0]
[1, 0, 2]
[2, 0, 0]
[1, 0, 0]
[2, 0, 0]
[2, 0, 2]
[2, 2, 2]
Solving...
######
instances/ms_42_3.txt,0,21,3,0,0.0007949999999999867,194646,23961
