Instancia:  instances/ms_48_2.txt
# Parámetros de la instancia
Número de haplotipos: 48
Número de genotipos: 24
Cantidad de sitios polimórficos: 2
Haplotipos:
[0, 0]
[0, 1]
[0, 0]
[0, 0]
[0, 0]
[0, 0]
[1, 0]
[0, 0]
[0, 0]
[1, 0]
[0, 0]
[0, 0]
[0, 0]
[0, 0]
[0, 0]
[1, 0]
[0, 0]
[0, 0]
[0, 0]
[0, 0]
[0, 0]
[0, 0]
[0, 0]
[0, 0]
[0, 0]
[0, 0]
[0, 0]
[1, 0]
[1, 0]
[0, 0]
[0, 0]
[0, 0]
[0, 0]
[1, 0]
[0, 0]
[1, 0]
[1, 0]
[0, 0]
[0, 0]
[0, 0]
[1, 0]
[0, 0]
[1, 0]
[0, 0]
[1, 0]
[0, 0]
[0, 0]
[0, 0]
Genotipos:
[0, 2]
[0, 0]
[0, 0]
[2, 0]
[2, 0]
[0, 0]
[0, 0]
[2, 0]
[0, 0]
[0, 0]
[0, 0]
[0, 0]
[0, 0]
[2, 0]
[2, 0]
[0, 0]
[2, 0]
[2, 0]
[2, 0]
[0, 0]
[2, 0]
[2, 0]
[2, 0]
[0, 0]
Solving...
######
instances/ms_48_2.txt,0,24,2,0,0.010347999999999982,267840,14600
