Instancia:  instances/ms_40_5.txt
# Parámetros de la instancia
Número de haplotipos: 40
Número de genotipos: 20
Cantidad de sitios polimórficos: 5
Haplotipos:
[0, 1, 0, 1, 0]
[0, 1, 0, 1, 0]
[0, 1, 0, 1, 0]
[0, 1, 0, 1, 0]
[0, 1, 0, 1, 0]
[0, 1, 0, 0, 0]
[0, 1, 0, 1, 0]
[0, 1, 0, 1, 0]
[0, 1, 0, 1, 0]
[0, 1, 0, 1, 0]
[1, 0, 0, 0, 1]
[0, 1, 0, 1, 0]
[0, 1, 0, 1, 0]
[0, 1, 0, 1, 0]
[0, 1, 0, 1, 0]
[0, 1, 0, 1, 0]
[0, 1, 0, 1, 0]
[0, 1, 0, 1, 0]
[0, 1, 0, 1, 0]
[0, 1, 0, 1, 0]
[0, 1, 0, 0, 0]
[0, 1, 0, 1, 0]
[0, 1, 0, 1, 0]
[0, 1, 0, 1, 0]
[0, 1, 0, 1, 0]
[0, 1, 0, 1, 0]
[0, 1, 0, 1, 0]
[0, 1, 0, 1, 0]
[0, 1, 1, 1, 0]
[0, 1, 0, 1, 0]
[1, 0, 0, 0, 1]
[1, 0, 0, 0, 1]
[0, 1, 0, 1, 0]
[0, 1, 0, 1, 0]
[0, 1, 0, 1, 0]
[0, 1, 0, 1, 0]
[1, 0, 0, 0, 1]
[0, 1, 0, 1, 0]
[0, 1, 0, 1, 0]
[0, 1, 0, 1, 0]
Genotipos:
[0, 1, 0, 1, 0]
[0, 1, 0, 1, 0]
[0, 1, 0, 2, 0]
[0, 1, 0, 1, 0]
[0, 1, 0, 1, 0]
[2, 2, 0, 2, 2]
[0, 1, 0, 1, 0]
[0, 1, 0, 1, 0]
[0, 1, 0, 1, 0]
[0, 1, 0, 1, 0]
[0, 1, 0, 2, 0]
[0, 1, 0, 1, 0]
[0, 1, 0, 1, 0]
[0, 1, 0, 1, 0]
[0, 1, 2, 1, 0]
[1, 0, 0, 0, 1]
[0, 1, 0, 1, 0]
[0, 1, 0, 1, 0]
[2, 2, 0, 2, 2]
[0, 1, 0, 1, 0]
Solving...
######
instances/ms_40_5.txt,0,20,5,0,0.015828000000000016,182976,27998
