Instancia:  instances/ms_44_18.txt
# Parámetros de la instancia
Número de haplotipos: 44
Número de genotipos: 22
Cantidad de sitios polimórficos: 18
Haplotipos:
[0, 1, 0, 0, 0, 0, 0, 1, 1, 0, 1, 0, 1, 0, 0, 0, 0, 1]
[0, 1, 0, 0, 0, 0, 0, 1, 1, 0, 1, 0, 1, 0, 0, 0, 0, 1]
[0, 1, 0, 0, 0, 0, 0, 1, 1, 0, 1, 1, 1, 0, 0, 0, 0, 1]
[0, 1, 0, 0, 0, 0, 0, 1, 1, 0, 1, 0, 1, 1, 0, 0, 0, 1]
[0, 1, 0, 0, 0, 0, 0, 1, 1, 0, 1, 0, 1, 1, 0, 0, 0, 1]
[0, 1, 0, 0, 0, 0, 0, 1, 1, 0, 1, 0, 1, 1, 0, 0, 0, 1]
[0, 1, 0, 0, 0, 0, 0, 1, 1, 0, 1, 0, 1, 1, 0, 0, 0, 1]
[1, 0, 0, 0, 0, 0, 0, 0, 0, 1, 0, 0, 0, 0, 1, 0, 0, 0]
[0, 0, 0, 0, 0, 0, 0, 1, 1, 0, 1, 0, 0, 0, 0, 1, 1, 1]
[0, 1, 0, 1, 0, 0, 0, 1, 1, 0, 1, 1, 1, 0, 0, 0, 0, 1]
[0, 1, 0, 0, 0, 0, 0, 1, 1, 0, 1, 0, 1, 1, 0, 0, 0, 1]
[0, 0, 1, 0, 0, 0, 0, 1, 1, 0, 1, 0, 0, 0, 0, 1, 1, 1]
[0, 1, 0, 0, 1, 0, 0, 1, 1, 0, 1, 0, 1, 0, 0, 0, 0, 1]
[1, 0, 0, 0, 0, 0, 0, 0, 0, 1, 0, 0, 0, 0, 1, 0, 0, 0]
[0, 1, 0, 0, 1, 0, 0, 1, 1, 0, 1, 0, 1, 0, 0, 0, 0, 1]
[0, 1, 0, 0, 0, 0, 0, 1, 1, 0, 1, 0, 1, 1, 0, 0, 0, 1]
[0, 1, 0, 0, 1, 0, 0, 1, 1, 0, 1, 0, 1, 0, 0, 0, 0, 1]
[0, 1, 0, 1, 0, 0, 0, 1, 1, 0, 1, 1, 1, 0, 0, 0, 0, 1]
[0, 1, 0, 0, 0, 0, 0, 1, 1, 0, 1, 0, 1, 0, 0, 0, 0, 1]
[0, 1, 0, 0, 0, 0, 0, 1, 1, 0, 1, 1, 1, 0, 0, 0, 0, 1]
[0, 1, 0, 0, 0, 0, 0, 1, 1, 0, 1, 0, 1, 0, 0, 0, 0, 1]
[0, 1, 0, 0, 0, 0, 0, 1, 1, 0, 1, 0, 1, 0, 0, 0, 0, 1]
[0, 1, 0, 0, 0, 0, 0, 1, 1, 0, 1, 0, 1, 0, 0, 0, 0, 1]
[0, 1, 0, 0, 0, 0, 0, 1, 1, 0, 1, 0, 1, 0, 0, 0, 0, 1]
[1, 0, 0, 0, 0, 0, 0, 0, 0, 1, 0, 0, 0, 0, 1, 0, 0, 0]
[0, 1, 0, 0, 0, 0, 0, 1, 1, 0, 1, 0, 1, 1, 0, 0, 0, 1]
[0, 1, 0, 0, 0, 0, 0, 1, 1, 0, 1, 0, 1, 1, 0, 0, 0, 1]
[1, 0, 0, 0, 0, 0, 0, 0, 0, 1, 0, 0, 0, 0, 1, 0, 0, 0]
[0, 1, 0, 0, 0, 0, 0, 1, 1, 0, 1, 0, 1, 0, 0, 0, 0, 1]
[0, 1, 0, 0, 0, 0, 0, 1, 1, 0, 1, 0, 1, 1, 0, 0, 0, 1]
[0, 1, 0, 0, 0, 0, 0, 1, 1, 0, 1, 0, 1, 0, 0, 0, 0, 1]
[1, 0, 0, 0, 0, 0, 0, 0, 0, 1, 0, 0, 0, 0, 1, 0, 0, 0]
[0, 1, 0, 0, 0, 0, 1, 1, 1, 0, 1, 0, 1, 0, 0, 0, 0, 1]
[0, 0, 0, 0, 0, 0, 0, 1, 1, 0, 1, 0, 0, 0, 0, 1, 1, 1]
[0, 1, 0, 0, 0, 0, 0, 1, 1, 0, 1, 0, 1, 1, 0, 0, 0, 1]
[1, 0, 0, 0, 0, 0, 0, 0, 0, 1, 0, 0, 0, 0, 1, 0, 0, 0]
[0, 1, 0, 0, 0, 0, 0, 1, 1, 0, 1, 0, 1, 1, 0, 0, 0, 1]
[0, 0, 1, 0, 0, 0, 0, 1, 1, 0, 1, 0, 0, 0, 0, 1, 1, 1]
[0, 1, 0, 0, 0, 0, 0, 1, 1, 0, 1, 0, 1, 0, 0, 0, 0, 1]
[0, 1, 0, 0, 0, 0, 0, 1, 1, 0, 1, 1, 1, 0, 0, 0, 0, 1]
[0, 1, 0, 0, 0, 0, 0, 1, 1, 0, 1, 1, 1, 0, 0, 0, 0, 1]
[0, 1, 0, 0, 0, 0, 0, 1, 1, 0, 1, 0, 1, 0, 0, 0, 0, 1]
[0, 1, 0, 0, 0, 0, 0, 1, 1, 0, 1, 0, 1, 0, 0, 0, 0, 1]
[0, 1, 0, 0, 0, 1, 0, 1, 1, 0, 1, 0, 1, 1, 0, 0, 0, 1]
Genotipos:
[0, 1, 0, 0, 0, 0, 0, 1, 1, 0, 1, 0, 1, 0, 0, 0, 0, 1]
[0, 1, 0, 0, 0, 0, 0, 1, 1, 0, 1, 2, 1, 2, 0, 0, 0, 1]
[0, 1, 0, 0, 0, 0, 0, 1, 1, 0, 1, 0, 1, 1, 0, 0, 0, 1]
[2, 2, 0, 0, 0, 0, 0, 2, 2, 2, 2, 0, 2, 2, 2, 0, 0, 2]
[0, 2, 0, 2, 0, 0, 0, 1, 1, 0, 1, 2, 2, 0, 0, 2, 2, 1]
[0, 2, 2, 0, 0, 0, 0, 1, 1, 0, 1, 0, 2, 2, 0, 2, 2, 1]
[2, 2, 0, 0, 2, 0, 0, 2, 2, 2, 2, 0, 2, 0, 2, 0, 0, 2]
[0, 1, 0, 0, 2, 0, 0, 1, 1, 0, 1, 0, 1, 2, 0, 0, 0, 1]
[0, 1, 0, 2, 2, 0, 0, 1, 1, 0, 1, 2, 1, 0, 0, 0, 0, 1]
[0, 1, 0, 0, 0, 0, 0, 1, 1, 0, 1, 2, 1, 0, 0, 0, 0, 1]
[0, 1, 0, 0, 0, 0, 0, 1, 1, 0, 1, 0, 1, 0, 0, 0, 0, 1]
[0, 1, 0, 0, 0, 0, 0, 1, 1, 0, 1, 0, 1, 0, 0, 0, 0, 1]
[2, 2, 0, 0, 0, 0, 0, 2, 2, 2, 2, 0, 2, 2, 2, 0, 0, 2]
[2, 2, 0, 0, 0, 0, 0, 2, 2, 2, 2, 0, 2, 2, 2, 0, 0, 2]
[0, 1, 0, 0, 0, 0, 0, 1, 1, 0, 1, 0, 1, 2, 0, 0, 0, 1]
[2, 2, 0, 0, 0, 0, 0, 2, 2, 2, 2, 0, 2, 0, 2, 0, 0, 2]
[0, 2, 0, 0, 0, 0, 2, 1, 1, 0, 1, 0, 2, 0, 0, 2, 2, 1]
[2, 2, 0, 0, 0, 0, 0, 2, 2, 2, 2, 0, 2, 2, 2, 0, 0, 2]
[0, 2, 2, 0, 0, 0, 0, 1, 1, 0, 1, 0, 2, 2, 0, 2, 2, 1]
[0, 1, 0, 0, 0, 0, 0, 1, 1, 0, 1, 2, 1, 0, 0, 0, 0, 1]
[0, 1, 0, 0, 0, 0, 0, 1, 1, 0, 1, 2, 1, 0, 0, 0, 0, 1]
[0, 1, 0, 0, 0, 2, 0, 1, 1, 0, 1, 0, 1, 2, 0, 0, 0, 1]
Solving...
######
instances/ms_44_18.txt,0,22,18,0,0.8383170000000001,405630,890307
