Instancia:  instances/ms_48_5.txt
# Parámetros de la instancia
Número de haplotipos: 48
Número de genotipos: 24
Cantidad de sitios polimórficos: 5
Haplotipos:
[1, 0, 0, 0, 1]
[0, 0, 0, 0, 0]
[1, 0, 1, 0, 0]
[1, 0, 0, 0, 0]
[0, 0, 0, 0, 0]
[0, 0, 0, 1, 0]
[1, 0, 0, 0, 0]
[1, 0, 0, 0, 0]
[0, 0, 0, 0, 0]
[1, 0, 0, 0, 0]
[1, 0, 1, 0, 0]
[0, 0, 0, 0, 0]
[0, 0, 0, 0, 0]
[0, 0, 0, 0, 0]
[0, 0, 0, 0, 0]
[0, 0, 0, 0, 0]
[0, 1, 0, 0, 0]
[0, 1, 0, 0, 0]
[1, 0, 0, 0, 0]
[0, 0, 0, 0, 0]
[0, 0, 0, 1, 0]
[0, 0, 0, 0, 0]
[1, 0, 0, 0, 0]
[0, 0, 0, 0, 0]
[0, 1, 0, 0, 0]
[1, 0, 0, 0, 0]
[0, 0, 0, 0, 0]
[0, 0, 0, 0, 0]
[0, 0, 0, 0, 0]
[1, 0, 0, 0, 0]
[1, 0, 0, 0, 0]
[0, 0, 0, 0, 0]
[1, 0, 0, 0, 0]
[1, 0, 0, 0, 0]
[0, 0, 0, 0, 0]
[1, 0, 0, 0, 0]
[0, 0, 0, 1, 0]
[0, 0, 0, 0, 0]
[0, 0, 0, 0, 0]
[0, 0, 0, 0, 0]
[1, 0, 0, 0, 0]
[1, 0, 0, 0, 1]
[1, 0, 0, 0, 0]
[0, 0, 0, 0, 0]
[1, 0, 1, 0, 0]
[0, 0, 0, 0, 0]
[0, 0, 0, 0, 0]
[0, 0, 0, 1, 0]
Genotipos:
[2, 0, 0, 0, 2]
[1, 0, 2, 0, 0]
[0, 0, 0, 2, 0]
[1, 0, 0, 0, 0]
[2, 0, 0, 0, 0]
[2, 0, 2, 0, 0]
[0, 0, 0, 0, 0]
[0, 0, 0, 0, 0]
[0, 1, 0, 0, 0]
[2, 0, 0, 0, 0]
[0, 0, 0, 2, 0]
[2, 0, 0, 0, 0]
[2, 2, 0, 0, 0]
[0, 0, 0, 0, 0]
[2, 0, 0, 0, 0]
[2, 0, 0, 0, 0]
[1, 0, 0, 0, 0]
[2, 0, 0, 0, 0]
[0, 0, 0, 2, 0]
[0, 0, 0, 0, 0]
[1, 0, 0, 0, 2]
[2, 0, 0, 0, 0]
[2, 0, 2, 0, 0]
[0, 0, 0, 2, 0]
Solving...
######
instances/ms_48_5.txt,0,24,5,0,0.040943000000000035,307152,60380
