Instancia:  instances/ms_58_3.txt
# Parámetros de la instancia
Número de haplotipos: 58
Número de genotipos: 29
Cantidad de sitios polimórficos: 3
Haplotipos:
[1, 0, 1]
[1, 0, 1]
[1, 0, 1]
[1, 0, 1]
[1, 0, 1]
[0, 1, 0]
[0, 1, 0]
[0, 1, 0]
[1, 0, 1]
[0, 0, 0]
[0, 1, 0]
[1, 0, 1]
[1, 0, 1]
[1, 0, 1]
[0, 1, 0]
[1, 0, 1]
[0, 1, 0]
[1, 0, 1]
[0, 1, 0]
[1, 0, 1]
[1, 0, 1]
[0, 0, 0]
[1, 0, 1]
[1, 0, 1]
[1, 0, 1]
[1, 0, 1]
[0, 1, 0]
[1, 0, 1]
[1, 0, 1]
[1, 0, 1]
[1, 0, 1]
[1, 0, 1]
[0, 1, 0]
[1, 0, 1]
[1, 0, 1]
[1, 0, 1]
[1, 0, 1]
[0, 0, 0]
[1, 0, 1]
[1, 0, 1]
[1, 0, 1]
[1, 0, 1]
[1, 0, 1]
[1, 0, 1]
[1, 0, 1]
[1, 0, 1]
[0, 1, 0]
[1, 0, 1]
[1, 0, 1]
[1, 0, 1]
[1, 0, 1]
[0, 1, 0]
[0, 1, 0]
[1, 0, 1]
[1, 0, 1]
[0, 0, 0]
[1, 0, 1]
[1, 0, 1]
Genotipos:
[1, 0, 1]
[1, 0, 1]
[2, 2, 2]
[0, 1, 0]
[2, 0, 2]
[2, 2, 2]
[1, 0, 1]
[2, 2, 2]
[2, 2, 2]
[2, 2, 2]
[2, 0, 2]
[1, 0, 1]
[1, 0, 1]
[2, 2, 2]
[1, 0, 1]
[1, 0, 1]
[2, 2, 2]
[1, 0, 1]
[2, 0, 2]
[1, 0, 1]
[1, 0, 1]
[1, 0, 1]
[1, 0, 1]
[2, 2, 2]
[1, 0, 1]
[2, 2, 2]
[2, 2, 2]
[2, 0, 2]
[1, 0, 1]
Solving...
######
instances/ms_58_3.txt,0,29,3,0,0.05405100000000002,501242,79362
