Instancia:  instances/ms_56_5.txt
# Parámetros de la instancia
Número de haplotipos: 56
Número de genotipos: 28
Cantidad de sitios polimórficos: 5
Haplotipos:
[0, 0, 0, 1, 1]
[0, 0, 0, 1, 1]
[0, 1, 0, 0, 0]
[0, 0, 0, 0, 0]
[0, 0, 0, 1, 1]
[0, 0, 0, 1, 1]
[0, 0, 0, 0, 0]
[0, 0, 0, 0, 0]
[0, 0, 0, 0, 0]
[0, 0, 0, 1, 1]
[0, 0, 0, 1, 1]
[0, 1, 0, 0, 0]
[0, 0, 0, 1, 1]
[0, 0, 0, 0, 0]
[0, 1, 0, 0, 0]
[0, 0, 0, 0, 0]
[0, 1, 0, 0, 0]
[0, 0, 0, 0, 0]
[0, 0, 0, 1, 1]
[0, 0, 0, 0, 0]
[0, 0, 0, 1, 1]
[0, 1, 0, 0, 0]
[0, 0, 0, 0, 0]
[0, 1, 0, 0, 0]
[0, 0, 0, 1, 1]
[0, 1, 0, 0, 0]
[0, 1, 0, 0, 0]
[0, 0, 0, 1, 1]
[0, 0, 0, 1, 1]
[0, 0, 0, 0, 0]
[0, 0, 0, 1, 1]
[0, 0, 0, 1, 1]
[0, 1, 0, 0, 0]
[0, 0, 0, 1, 1]
[0, 0, 0, 1, 1]
[0, 0, 0, 1, 1]
[0, 1, 0, 0, 0]
[0, 0, 0, 1, 1]
[0, 0, 0, 0, 0]
[0, 0, 0, 1, 1]
[0, 0, 0, 1, 1]
[0, 0, 0, 0, 0]
[0, 0, 0, 0, 0]
[0, 0, 0, 1, 1]
[0, 1, 0, 0, 0]
[0, 1, 0, 0, 0]
[0, 0, 0, 0, 0]
[0, 0, 0, 0, 0]
[0, 1, 0, 0, 0]
[1, 0, 0, 1, 1]
[0, 0, 1, 0, 0]
[0, 1, 0, 0, 0]
[0, 0, 0, 0, 0]
[0, 1, 0, 0, 0]
[0, 1, 0, 0, 0]
[0, 0, 0, 0, 0]
Genotipos:
[0, 0, 0, 1, 1]
[0, 2, 0, 0, 0]
[0, 0, 0, 1, 1]
[0, 0, 0, 0, 0]
[0, 0, 0, 2, 2]
[0, 2, 0, 2, 2]
[0, 0, 0, 2, 2]
[0, 2, 0, 0, 0]
[0, 2, 0, 0, 0]
[0, 0, 0, 2, 2]
[0, 2, 0, 2, 2]
[0, 2, 0, 0, 0]
[0, 2, 0, 2, 2]
[0, 2, 0, 2, 2]
[0, 0, 0, 2, 2]
[0, 0, 0, 1, 1]
[0, 2, 0, 2, 2]
[0, 0, 0, 1, 1]
[0, 2, 0, 2, 2]
[0, 0, 0, 2, 2]
[0, 0, 0, 2, 2]
[0, 0, 0, 2, 2]
[0, 1, 0, 0, 0]
[0, 0, 0, 0, 0]
[2, 2, 0, 2, 2]
[0, 2, 2, 0, 0]
[0, 2, 0, 0, 0]
[0, 2, 0, 0, 0]
Solving...
######
instances/ms_56_5.txt,0,28,5,0,0.07501900000000003,486816,147700
