Instancia:  instances/ms_58_5.txt
# Parámetros de la instancia
Número de haplotipos: 58
Número de genotipos: 29
Cantidad de sitios polimórficos: 5
Haplotipos:
[0, 0, 1, 0, 0]
[1, 0, 0, 0, 0]
[0, 0, 0, 0, 0]
[0, 0, 1, 0, 0]
[0, 0, 0, 1, 0]
[0, 0, 1, 0, 0]
[0, 0, 0, 0, 0]
[1, 0, 0, 0, 0]
[0, 0, 0, 0, 0]
[1, 0, 0, 0, 0]
[0, 0, 0, 1, 0]
[0, 0, 0, 0, 0]
[0, 0, 0, 0, 0]
[0, 0, 0, 0, 0]
[0, 0, 0, 0, 0]
[0, 0, 0, 0, 0]
[0, 0, 0, 1, 0]
[0, 0, 0, 0, 0]
[0, 1, 0, 0, 0]
[0, 0, 0, 0, 0]
[0, 0, 0, 1, 0]
[0, 0, 0, 0, 0]
[0, 0, 0, 0, 1]
[0, 0, 0, 1, 0]
[0, 0, 0, 1, 0]
[0, 0, 0, 1, 0]
[0, 0, 0, 1, 0]
[0, 1, 0, 0, 0]
[0, 0, 0, 1, 0]
[1, 0, 0, 0, 0]
[1, 0, 0, 0, 0]
[0, 0, 0, 0, 0]
[0, 0, 0, 1, 0]
[0, 0, 0, 0, 0]
[0, 0, 0, 0, 0]
[1, 0, 0, 0, 0]
[0, 0, 0, 0, 0]
[0, 0, 0, 1, 0]
[0, 0, 0, 0, 0]
[0, 0, 0, 1, 0]
[1, 0, 0, 0, 0]
[1, 0, 0, 0, 0]
[0, 0, 0, 0, 0]
[0, 0, 0, 1, 0]
[1, 0, 0, 0, 0]
[0, 0, 0, 0, 0]
[0, 0, 0, 0, 0]
[0, 0, 0, 0, 0]
[0, 0, 1, 0, 0]
[0, 0, 1, 0, 0]
[0, 1, 0, 0, 0]
[0, 0, 0, 0, 0]
[0, 1, 0, 0, 0]
[1, 0, 0, 0, 0]
[0, 0, 0, 1, 0]
[1, 0, 0, 0, 0]
[1, 0, 0, 0, 0]
[0, 0, 0, 1, 0]
Genotipos:
[2, 0, 2, 0, 0]
[0, 0, 2, 0, 0]
[0, 0, 2, 2, 0]
[2, 0, 0, 0, 0]
[2, 0, 0, 0, 0]
[0, 0, 0, 2, 0]
[0, 0, 0, 0, 0]
[0, 0, 0, 0, 0]
[0, 0, 0, 2, 0]
[0, 2, 0, 0, 0]
[0, 0, 0, 2, 0]
[0, 0, 0, 2, 2]
[0, 0, 0, 1, 0]
[0, 2, 0, 2, 0]
[2, 0, 0, 2, 0]
[2, 0, 0, 0, 0]
[0, 0, 0, 2, 0]
[2, 0, 0, 0, 0]
[0, 0, 0, 2, 0]
[0, 0, 0, 2, 0]
[1, 0, 0, 0, 0]
[0, 0, 0, 2, 0]
[2, 0, 0, 0, 0]
[0, 0, 0, 0, 0]
[0, 0, 1, 0, 0]
[0, 2, 0, 0, 0]
[2, 2, 0, 0, 0]
[2, 0, 0, 2, 0]
[2, 0, 0, 2, 0]
Solving...
######
instances/ms_58_5.txt,0,29,5,0,0.08084400000000005,531146,107256
