Instancia:  instances/ms_56_4.txt
# Parámetros de la instancia
Número de haplotipos: 56
Número de genotipos: 28
Cantidad de sitios polimórficos: 4
Haplotipos:
[0, 0, 1, 0]
[0, 0, 0, 0]
[0, 0, 1, 0]
[1, 0, 0, 0]
[0, 0, 1, 0]
[0, 0, 0, 0]
[0, 0, 0, 0]
[0, 1, 0, 0]
[0, 0, 0, 1]
[0, 0, 0, 0]
[0, 0, 1, 0]
[0, 0, 0, 0]
[0, 1, 0, 0]
[0, 0, 0, 0]
[0, 1, 0, 0]
[0, 1, 0, 0]
[0, 0, 0, 0]
[0, 0, 1, 0]
[0, 0, 0, 0]
[0, 0, 1, 0]
[0, 0, 0, 0]
[0, 0, 1, 0]
[0, 1, 0, 0]
[0, 1, 0, 0]
[0, 0, 1, 0]
[0, 0, 0, 0]
[0, 0, 0, 0]
[0, 0, 1, 0]
[0, 0, 0, 0]
[0, 0, 0, 0]
[0, 0, 1, 0]
[0, 0, 1, 0]
[0, 0, 0, 0]
[0, 0, 0, 0]
[0, 0, 0, 0]
[0, 0, 0, 0]
[0, 0, 0, 0]
[0, 1, 0, 0]
[0, 0, 1, 0]
[0, 0, 1, 0]
[0, 0, 1, 0]
[0, 0, 1, 0]
[0, 0, 1, 0]
[0, 0, 0, 0]
[0, 0, 0, 0]
[1, 0, 0, 0]
[0, 0, 1, 0]
[0, 0, 1, 0]
[0, 0, 1, 0]
[0, 0, 1, 0]
[0, 0, 1, 0]
[0, 0, 1, 0]
[0, 0, 1, 0]
[0, 0, 0, 0]
[0, 0, 0, 0]
[0, 0, 1, 0]
Genotipos:
[0, 0, 2, 0]
[2, 0, 2, 0]
[0, 0, 2, 0]
[0, 2, 0, 0]
[0, 0, 0, 2]
[0, 0, 2, 0]
[0, 2, 0, 0]
[0, 1, 0, 0]
[0, 0, 2, 0]
[0, 0, 2, 0]
[0, 0, 2, 0]
[0, 1, 0, 0]
[0, 0, 2, 0]
[0, 0, 2, 0]
[0, 0, 0, 0]
[0, 0, 1, 0]
[0, 0, 0, 0]
[0, 0, 0, 0]
[0, 2, 0, 0]
[0, 0, 1, 0]
[0, 0, 1, 0]
[0, 0, 2, 0]
[2, 0, 0, 0]
[0, 0, 1, 0]
[0, 0, 1, 0]
[0, 0, 1, 0]
[0, 0, 2, 0]
[0, 0, 2, 0]
Solving...
######
instances/ms_56_4.txt,0,28,4,0,0.03667100000000001,455940,47538
