Instancia:  instances/ms_54_3.txt
# Parámetros de la instancia
Número de haplotipos: 54
Número de genotipos: 27
Cantidad de sitios polimórficos: 3
Haplotipos:
[0, 0, 0]
[0, 0, 0]
[0, 0, 0]
[0, 1, 0]
[0, 0, 0]
[0, 0, 0]
[0, 1, 0]
[0, 0, 0]
[0, 0, 0]
[0, 0, 0]
[0, 0, 0]
[0, 0, 0]
[0, 0, 0]
[0, 0, 0]
[0, 0, 0]
[0, 0, 0]
[0, 0, 0]
[0, 0, 0]
[0, 0, 0]
[0, 0, 0]
[0, 0, 0]
[0, 0, 0]
[0, 0, 0]
[0, 0, 0]
[0, 0, 0]
[1, 0, 1]
[1, 0, 1]
[0, 0, 0]
[0, 0, 0]
[1, 0, 1]
[0, 0, 0]
[0, 0, 0]
[0, 0, 0]
[1, 0, 1]
[0, 0, 0]
[0, 0, 0]
[0, 0, 0]
[1, 0, 1]
[1, 0, 1]
[0, 0, 0]
[0, 0, 0]
[0, 0, 0]
[0, 0, 0]
[0, 0, 0]
[0, 0, 0]
[1, 0, 1]
[0, 0, 0]
[0, 0, 0]
[0, 1, 0]
[0, 0, 0]
[0, 0, 0]
[0, 0, 0]
[1, 0, 1]
[0, 0, 0]
Genotipos:
[0, 0, 0]
[0, 2, 0]
[0, 0, 0]
[0, 2, 0]
[0, 0, 0]
[0, 0, 0]
[0, 0, 0]
[0, 0, 0]
[0, 0, 0]
[0, 0, 0]
[0, 0, 0]
[0, 0, 0]
[2, 0, 2]
[2, 0, 2]
[2, 0, 2]
[0, 0, 0]
[2, 0, 2]
[0, 0, 0]
[2, 0, 2]
[2, 0, 2]
[0, 0, 0]
[0, 0, 0]
[2, 0, 2]
[0, 0, 0]
[0, 2, 0]
[0, 0, 0]
[2, 0, 2]
Solving...
######
instances/ms_54_3.txt,0,27,3,0,0.027327000000000053,400034,38880
