Instancia:  instances/ms_54_4.txt
# Parámetros de la instancia
Número de haplotipos: 54
Número de genotipos: 27
Cantidad de sitios polimórficos: 4
Haplotipos:
[0, 0, 0, 0]
[1, 0, 0, 0]
[1, 0, 0, 0]
[0, 1, 0, 0]
[1, 0, 0, 0]
[0, 0, 0, 0]
[0, 0, 0, 1]
[0, 0, 0, 0]
[0, 0, 0, 0]
[1, 0, 0, 0]
[1, 0, 0, 0]
[1, 0, 0, 0]
[1, 0, 0, 0]
[0, 0, 0, 0]
[0, 0, 0, 0]
[0, 0, 1, 0]
[0, 0, 0, 0]
[1, 0, 0, 0]
[0, 0, 0, 0]
[0, 0, 0, 0]
[0, 0, 0, 0]
[1, 0, 0, 0]
[0, 0, 0, 0]
[0, 0, 1, 0]
[0, 0, 0, 0]
[1, 0, 0, 0]
[1, 0, 0, 0]
[0, 0, 0, 0]
[0, 0, 0, 0]
[0, 0, 0, 0]
[0, 0, 0, 0]
[0, 0, 0, 0]
[0, 0, 0, 0]
[1, 0, 0, 0]
[0, 0, 0, 1]
[0, 0, 0, 0]
[0, 0, 0, 0]
[0, 0, 0, 0]
[1, 0, 0, 0]
[0, 0, 1, 0]
[0, 0, 0, 0]
[0, 0, 1, 0]
[0, 0, 0, 0]
[0, 0, 0, 0]
[0, 0, 0, 0]
[0, 0, 1, 0]
[0, 0, 0, 0]
[1, 0, 0, 0]
[0, 0, 0, 0]
[1, 0, 0, 0]
[1, 0, 0, 0]
[0, 0, 0, 0]
[1, 0, 0, 0]
[0, 0, 0, 0]
Genotipos:
[2, 0, 0, 0]
[2, 2, 0, 0]
[2, 0, 0, 0]
[0, 0, 0, 2]
[2, 0, 0, 0]
[1, 0, 0, 0]
[2, 0, 0, 0]
[0, 0, 2, 0]
[2, 0, 0, 0]
[0, 0, 0, 0]
[2, 0, 0, 0]
[0, 0, 2, 0]
[2, 0, 0, 0]
[2, 0, 0, 0]
[0, 0, 0, 0]
[0, 0, 0, 0]
[2, 0, 0, 0]
[0, 0, 0, 2]
[0, 0, 0, 0]
[2, 0, 2, 0]
[0, 0, 2, 0]
[0, 0, 0, 0]
[0, 0, 2, 0]
[2, 0, 0, 0]
[2, 0, 0, 0]
[2, 0, 0, 0]
[2, 0, 0, 0]
Solving...
######
instances/ms_54_4.txt,0,27,4,0,0.04235299999999998,417070,59476
