Instancia:  instances/ms_52_2.txt
# Parámetros de la instancia
Número de haplotipos: 52
Número de genotipos: 26
Cantidad de sitios polimórficos: 2
Haplotipos:
[0, 0]
[0, 0]
[0, 0]
[0, 1]
[0, 1]
[0, 1]
[0, 1]
[0, 0]
[0, 1]
[0, 0]
[0, 1]
[0, 1]
[0, 0]
[0, 0]
[0, 1]
[0, 1]
[0, 1]
[0, 1]
[0, 1]
[0, 0]
[0, 1]
[0, 1]
[0, 0]
[0, 1]
[0, 0]
[0, 0]
[0, 1]
[0, 1]
[0, 1]
[0, 0]
[0, 0]
[0, 0]
[0, 0]
[0, 0]
[0, 1]
[0, 1]
[0, 0]
[0, 0]
[0, 1]
[1, 0]
[0, 1]
[0, 0]
[0, 1]
[0, 0]
[0, 1]
[0, 1]
[0, 1]
[0, 0]
[0, 1]
[0, 0]
[0, 1]
[0, 1]
Genotipos:
[0, 0]
[0, 2]
[0, 1]
[0, 2]
[0, 2]
[0, 1]
[0, 0]
[0, 1]
[0, 1]
[0, 2]
[0, 1]
[0, 2]
[0, 0]
[0, 1]
[0, 2]
[0, 0]
[0, 0]
[0, 1]
[0, 0]
[2, 2]
[0, 2]
[0, 2]
[0, 1]
[0, 2]
[0, 2]
[0, 1]
Solving...
######
instances/ms_52_2.txt,0,26,2,0,0.001324999999999979,339776,16231
