Instancia:  instances/ms_52_17.txt
# Parámetros de la instancia
Número de haplotipos: 52
Número de genotipos: 26
Cantidad de sitios polimórficos: 17
Haplotipos:
[0, 0, 0, 1, 0, 0, 1, 1, 0, 0, 0, 1, 0, 1, 0, 0, 0]
[0, 0, 0, 0, 0, 0, 0, 0, 1, 0, 0, 1, 0, 1, 0, 0, 0]
[0, 0, 0, 0, 0, 0, 0, 0, 0, 0, 0, 1, 0, 1, 0, 1, 0]
[0, 0, 0, 0, 0, 0, 1, 1, 0, 0, 0, 1, 0, 1, 0, 0, 0]
[0, 0, 0, 0, 0, 0, 0, 0, 0, 0, 0, 1, 1, 1, 1, 1, 0]
[0, 0, 0, 0, 0, 0, 0, 0, 0, 0, 0, 1, 1, 1, 1, 1, 0]
[0, 0, 0, 0, 0, 0, 0, 0, 0, 0, 0, 1, 0, 1, 0, 1, 0]
[1, 0, 1, 0, 0, 1, 0, 0, 0, 0, 0, 0, 0, 0, 0, 0, 0]
[0, 0, 0, 0, 1, 0, 0, 0, 0, 0, 0, 1, 0, 1, 0, 1, 0]
[1, 0, 1, 0, 0, 1, 0, 0, 0, 0, 0, 0, 0, 0, 0, 0, 0]
[0, 0, 0, 0, 0, 0, 0, 1, 0, 1, 0, 1, 0, 1, 0, 0, 0]
[1, 0, 1, 0, 0, 1, 0, 0, 0, 0, 0, 0, 0, 0, 0, 0, 0]
[0, 0, 0, 0, 1, 0, 0, 0, 0, 0, 0, 1, 0, 1, 0, 1, 0]
[0, 0, 0, 0, 0, 0, 1, 1, 0, 0, 0, 1, 0, 1, 0, 0, 0]
[0, 0, 0, 0, 0, 0, 0, 0, 0, 0, 0, 1, 1, 1, 1, 1, 0]
[0, 0, 0, 0, 0, 0, 0, 1, 0, 1, 0, 1, 0, 1, 0, 0, 1]
[1, 0, 1, 0, 0, 1, 0, 0, 0, 0, 0, 0, 0, 0, 0, 0, 0]
[1, 0, 1, 0, 0, 1, 0, 0, 0, 0, 0, 0, 0, 0, 0, 0, 0]
[0, 0, 0, 0, 0, 0, 0, 0, 1, 0, 0, 1, 0, 1, 0, 0, 0]
[0, 0, 0, 0, 1, 0, 0, 0, 0, 0, 0, 1, 0, 1, 0, 1, 0]
[0, 0, 0, 1, 0, 0, 1, 1, 0, 0, 0, 1, 0, 1, 0, 0, 0]
[0, 0, 0, 0, 0, 0, 0, 1, 0, 1, 0, 1, 0, 1, 0, 0, 0]
[0, 0, 0, 0, 0, 0, 0, 0, 0, 0, 0, 1, 1, 1, 0, 1, 0]
[0, 0, 0, 0, 0, 0, 0, 0, 1, 0, 0, 1, 0, 1, 0, 0, 0]
[0, 0, 0, 0, 0, 0, 0, 0, 0, 0, 0, 1, 1, 1, 1, 1, 0]
[0, 1, 0, 0, 1, 0, 0, 0, 0, 0, 0, 1, 0, 1, 0, 1, 0]
[0, 0, 0, 0, 0, 0, 0, 1, 0, 1, 0, 1, 0, 1, 0, 0, 1]
[1, 0, 1, 0, 0, 1, 0, 0, 0, 0, 0, 0, 0, 0, 0, 0, 0]
[0, 0, 0, 0, 0, 0, 0, 0, 0, 0, 1, 1, 0, 1, 0, 1, 0]
[0, 0, 0, 0, 0, 0, 0, 0, 0, 0, 0, 1, 0, 1, 0, 0, 0]
[1, 0, 1, 0, 0, 1, 0, 0, 0, 0, 0, 0, 0, 0, 0, 0, 0]
[0, 0, 0, 0, 0, 0, 0, 0, 0, 0, 0, 1, 0, 1, 0, 1, 0]
[0, 0, 0, 0, 0, 0, 0, 0, 0, 0, 0, 1, 0, 1, 0, 0, 0]
[0, 0, 0, 0, 0, 0, 0, 0, 0, 0, 0, 1, 1, 1, 0, 1, 0]
[1, 0, 1, 0, 0, 1, 0, 0, 0, 0, 0, 0, 0, 0, 0, 0, 0]
[0, 0, 0, 0, 0, 0, 0, 1, 0, 1, 0, 1, 0, 1, 0, 0, 1]
[0, 0, 0, 0, 0, 0, 0, 1, 0, 1, 0, 1, 0, 1, 0, 0, 0]
[1, 0, 1, 0, 0, 1, 0, 0, 0, 0, 0, 0, 0, 0, 0, 0, 0]
[1, 0, 1, 0, 0, 1, 0, 0, 0, 0, 0, 0, 0, 0, 0, 0, 0]
[0, 0, 0, 0, 0, 0, 1, 1, 0, 0, 0, 1, 0, 1, 0, 0, 0]
[0, 0, 0, 0, 0, 0, 0, 0, 0, 0, 0, 1, 1, 1, 0, 1, 0]
[0, 1, 0, 0, 1, 0, 0, 0, 0, 0, 0, 1, 0, 1, 0, 1, 0]
[0, 0, 0, 0, 0, 0, 0, 0, 0, 0, 0, 1, 0, 1, 0, 0, 0]
[1, 0, 1, 0, 0, 1, 0, 0, 0, 0, 0, 0, 0, 0, 0, 0, 0]
[0, 0, 0, 0, 0, 0, 0, 0, 0, 0, 0, 1, 1, 1, 0, 1, 0]
[0, 0, 0, 0, 0, 0, 0, 0, 1, 0, 0, 1, 0, 1, 0, 0, 0]
[0, 0, 0, 0, 0, 0, 0, 0, 0, 0, 0, 1, 1, 1, 0, 1, 0]
[0, 0, 0, 1, 0, 0, 1, 1, 0, 0, 0, 1, 0, 1, 0, 0, 0]
[0, 0, 0, 0, 0, 0, 0, 0, 0, 0, 0, 1, 1, 1, 0, 1, 0]
[0, 0, 0, 0, 0, 0, 0, 1, 0, 1, 0, 1, 0, 1, 0, 0, 0]
[0, 0, 0, 0, 0, 0, 0, 0, 0, 0, 0, 1, 0, 1, 0, 1, 0]
[0, 0, 0, 0, 0, 0, 0, 0, 0, 0, 0, 1, 1, 1, 1, 1, 0]
Genotipos:
[0, 0, 0, 2, 0, 0, 2, 2, 2, 0, 0, 1, 0, 1, 0, 0, 0]
[0, 0, 0, 0, 0, 0, 2, 2, 0, 0, 0, 1, 0, 1, 0, 2, 0]
[0, 0, 0, 0, 0, 0, 0, 0, 0, 0, 0, 1, 1, 1, 1, 1, 0]
[2, 0, 2, 0, 0, 2, 0, 0, 0, 0, 0, 2, 0, 2, 0, 2, 0]
[2, 0, 2, 0, 2, 2, 0, 0, 0, 0, 0, 2, 0, 2, 0, 2, 0]
[2, 0, 2, 0, 0, 2, 0, 2, 0, 2, 0, 2, 0, 2, 0, 0, 0]
[0, 0, 0, 0, 2, 0, 2, 2, 0, 0, 0, 1, 0, 1, 0, 2, 0]
[0, 0, 0, 0, 0, 0, 0, 2, 0, 2, 0, 1, 2, 1, 2, 2, 2]
[1, 0, 1, 0, 0, 1, 0, 0, 0, 0, 0, 0, 0, 0, 0, 0, 0]
[0, 0, 0, 0, 2, 0, 0, 0, 2, 0, 0, 1, 0, 1, 0, 2, 0]
[0, 0, 0, 2, 0, 0, 2, 1, 0, 2, 0, 1, 0, 1, 0, 0, 0]
[0, 0, 0, 0, 0, 0, 0, 0, 2, 0, 0, 1, 2, 1, 0, 2, 0]
[0, 2, 0, 0, 2, 0, 0, 0, 0, 0, 0, 1, 2, 1, 2, 1, 0]
[2, 0, 2, 0, 0, 2, 0, 2, 0, 2, 0, 2, 0, 2, 0, 0, 2]
[0, 0, 0, 0, 0, 0, 0, 0, 0, 0, 2, 1, 0, 1, 0, 2, 0]
[2, 0, 2, 0, 0, 2, 0, 0, 0, 0, 0, 2, 0, 2, 0, 2, 0]
[0, 0, 0, 0, 0, 0, 0, 0, 0, 0, 0, 1, 2, 1, 0, 2, 0]
[2, 0, 2, 0, 0, 2, 0, 2, 0, 2, 0, 2, 0, 2, 0, 0, 2]
[2, 0, 2, 0, 0, 2, 0, 2, 0, 2, 0, 2, 0, 2, 0, 0, 0]
[2, 0, 2, 0, 0, 2, 2, 2, 0, 0, 0, 2, 0, 2, 0, 0, 0]
[0, 2, 0, 0, 2, 0, 0, 0, 0, 0, 0, 1, 2, 1, 0, 1, 0]
[2, 0, 2, 0, 0, 2, 0, 0, 0, 0, 0, 2, 0, 2, 0, 0, 0]
[0, 0, 0, 0, 0, 0, 0, 0, 2, 0, 0, 1, 2, 1, 0, 2, 0]
[0, 0, 0, 2, 0, 0, 2, 2, 0, 0, 0, 1, 2, 1, 0, 2, 0]
[0, 0, 0, 0, 0, 0, 0, 2, 0, 2, 0, 1, 2, 1, 0, 2, 0]
[0, 0, 0, 0, 0, 0, 0, 0, 0, 0, 0, 1, 2, 1, 2, 1, 0]
Solving...
######
instances/ms_52_17.txt,0,26,17,0,0.8548069999999999,598716,1164655
