Instancia:  instances/ms_56_3.txt
# Parámetros de la instancia
Número de haplotipos: 56
Número de genotipos: 28
Cantidad de sitios polimórficos: 3
Haplotipos:
[1, 0, 0]
[1, 0, 0]
[1, 0, 0]
[1, 0, 0]
[1, 0, 0]
[1, 0, 0]
[0, 0, 1]
[0, 0, 1]
[0, 0, 1]
[0, 1, 1]
[1, 0, 0]
[0, 0, 1]
[1, 0, 0]
[0, 0, 1]
[1, 0, 0]
[0, 0, 1]
[1, 0, 0]
[1, 0, 0]
[0, 0, 1]
[0, 0, 1]
[1, 0, 0]
[0, 0, 1]
[0, 0, 1]
[0, 0, 1]
[0, 0, 1]
[0, 0, 1]
[0, 0, 1]
[0, 0, 1]
[0, 0, 1]
[1, 0, 0]
[0, 0, 1]
[0, 0, 1]
[1, 0, 0]
[1, 0, 0]
[0, 0, 1]
[1, 0, 0]
[1, 0, 0]
[0, 0, 1]
[0, 0, 1]
[0, 0, 1]
[1, 0, 0]
[1, 0, 0]
[0, 0, 1]
[1, 0, 0]
[0, 0, 1]
[1, 0, 0]
[0, 0, 1]
[0, 0, 1]
[0, 0, 1]
[1, 0, 0]
[1, 0, 0]
[0, 0, 1]
[0, 0, 1]
[1, 0, 0]
[0, 0, 1]
[1, 0, 0]
Genotipos:
[1, 0, 0]
[1, 0, 0]
[1, 0, 0]
[0, 0, 1]
[0, 2, 1]
[2, 0, 2]
[2, 0, 2]
[2, 0, 2]
[1, 0, 0]
[0, 0, 1]
[2, 0, 2]
[0, 0, 1]
[0, 0, 1]
[0, 0, 1]
[2, 0, 2]
[0, 0, 1]
[1, 0, 0]
[2, 0, 2]
[2, 0, 2]
[0, 0, 1]
[1, 0, 0]
[2, 0, 2]
[2, 0, 2]
[0, 0, 1]
[2, 0, 2]
[2, 0, 2]
[2, 0, 2]
[2, 0, 2]
Solving...
######
instances/ms_56_3.txt,0,28,3,0,0.042257999999999976,445294,57105
