Instancia:  instances/ms_62_2.txt
# Parámetros de la instancia
Número de haplotipos: 62
Número de genotipos: 31
Cantidad de sitios polimórficos: 2
Haplotipos:
[0, 1]
[0, 1]
[0, 0]
[0, 1]
[0, 1]
[0, 1]
[0, 0]
[0, 1]
[0, 0]
[0, 0]
[0, 1]
[0, 1]
[0, 1]
[1, 1]
[0, 1]
[0, 0]
[0, 1]
[0, 1]
[0, 1]
[0, 1]
[0, 1]
[0, 1]
[0, 0]
[0, 0]
[0, 0]
[0, 1]
[1, 1]
[0, 1]
[0, 1]
[0, 1]
[0, 1]
[0, 1]
[0, 0]
[0, 1]
[0, 1]
[0, 0]
[0, 1]
[0, 0]
[0, 1]
[0, 1]
[0, 0]
[0, 0]
[0, 1]
[0, 1]
[0, 0]
[0, 0]
[0, 1]
[0, 1]
[0, 0]
[0, 0]
[0, 1]
[0, 0]
[0, 1]
[0, 1]
[0, 1]
[0, 1]
[0, 1]
[0, 1]
[0, 1]
[0, 1]
[0, 1]
[0, 1]
Genotipos:
[0, 1]
[0, 2]
[0, 1]
[0, 2]
[0, 0]
[0, 1]
[2, 1]
[0, 2]
[0, 1]
[0, 1]
[0, 1]
[0, 0]
[0, 2]
[2, 1]
[0, 1]
[0, 1]
[0, 2]
[0, 2]
[0, 2]
[0, 1]
[0, 0]
[0, 1]
[0, 0]
[0, 1]
[0, 0]
[0, 2]
[0, 1]
[0, 1]
[0, 1]
[0, 1]
[0, 1]
Solving...
######
instances/ms_62_2.txt,0,31,2,0,0.0021149999999999364,570558,15807
