Instancia:  instances/ms_64_3.txt
# Parámetros de la instancia
Número de haplotipos: 64
Número de genotipos: 32
Cantidad de sitios polimórficos: 3
Haplotipos:
[0, 0, 0]
[0, 0, 0]
[0, 0, 0]
[1, 1, 0]
[0, 0, 0]
[0, 0, 0]
[0, 0, 1]
[1, 1, 0]
[0, 0, 0]
[0, 0, 0]
[0, 0, 0]
[0, 0, 1]
[0, 0, 0]
[0, 0, 0]
[0, 0, 0]
[0, 0, 0]
[0, 0, 0]
[0, 0, 1]
[1, 1, 0]
[0, 0, 0]
[0, 0, 0]
[0, 0, 0]
[0, 0, 0]
[0, 0, 0]
[0, 0, 0]
[0, 0, 0]
[0, 0, 1]
[0, 0, 0]
[0, 0, 0]
[0, 0, 0]
[0, 0, 0]
[0, 0, 0]
[1, 1, 0]
[0, 0, 0]
[1, 1, 0]
[0, 0, 0]
[0, 0, 0]
[1, 1, 0]
[1, 1, 0]
[0, 0, 0]
[0, 0, 1]
[0, 0, 0]
[0, 0, 1]
[0, 0, 0]
[1, 1, 0]
[1, 1, 0]
[0, 0, 0]
[1, 1, 0]
[1, 1, 0]
[1, 1, 0]
[1, 1, 0]
[0, 0, 0]
[0, 0, 1]
[1, 1, 0]
[1, 1, 0]
[0, 0, 0]
[0, 0, 0]
[0, 0, 0]
[1, 1, 0]
[0, 0, 0]
[0, 0, 0]
[1, 1, 0]
[1, 1, 0]
[1, 1, 0]
Genotipos:
[0, 0, 0]
[2, 2, 0]
[0, 0, 0]
[2, 2, 2]
[0, 0, 0]
[0, 0, 2]
[0, 0, 0]
[0, 0, 0]
[0, 0, 2]
[2, 2, 0]
[0, 0, 0]
[0, 0, 0]
[0, 0, 0]
[0, 0, 2]
[0, 0, 0]
[0, 0, 0]
[2, 2, 0]
[2, 2, 0]
[2, 2, 0]
[2, 2, 0]
[0, 0, 2]
[0, 0, 2]
[1, 1, 0]
[2, 2, 0]
[1, 1, 0]
[2, 2, 0]
[2, 2, 2]
[2, 2, 0]
[0, 0, 0]
[2, 2, 0]
[2, 2, 0]
[1, 1, 0]
Solving...
######
instances/ms_64_3.txt,0,32,3,0,0.08344799999999997,791056,91602
