Instancia:  instances/ms_64_4.txt
# Parámetros de la instancia
Número de haplotipos: 64
Número de genotipos: 32
Cantidad de sitios polimórficos: 4
Haplotipos:
[0, 1, 0, 0]
[0, 0, 0, 1]
[0, 0, 0, 1]
[0, 0, 0, 1]
[0, 0, 0, 0]
[0, 0, 0, 1]
[0, 0, 0, 0]
[0, 0, 0, 1]
[0, 0, 0, 1]
[0, 0, 0, 0]
[0, 0, 0, 1]
[0, 0, 1, 0]
[0, 0, 0, 0]
[0, 0, 0, 1]
[0, 0, 0, 0]
[0, 0, 0, 1]
[0, 0, 0, 0]
[0, 0, 0, 1]
[0, 0, 0, 1]
[0, 0, 0, 0]
[0, 0, 0, 0]
[0, 0, 0, 0]
[0, 0, 0, 1]
[0, 0, 0, 1]
[0, 0, 0, 0]
[0, 0, 0, 0]
[0, 0, 0, 0]
[0, 0, 0, 0]
[0, 1, 0, 0]
[0, 0, 0, 0]
[1, 1, 0, 0]
[0, 0, 0, 0]
[0, 0, 0, 0]
[0, 0, 0, 0]
[0, 0, 0, 1]
[0, 0, 0, 0]
[0, 0, 0, 1]
[0, 0, 0, 1]
[0, 0, 0, 1]
[0, 0, 0, 0]
[1, 1, 0, 0]
[0, 0, 0, 0]
[0, 0, 1, 0]
[0, 0, 0, 0]
[0, 0, 0, 0]
[0, 0, 0, 1]
[0, 0, 0, 1]
[0, 0, 0, 0]
[0, 0, 0, 1]
[0, 0, 0, 0]
[0, 0, 0, 0]
[0, 1, 0, 0]
[0, 1, 0, 0]
[0, 0, 0, 1]
[0, 0, 0, 0]
[0, 0, 0, 0]
[0, 0, 0, 0]
[0, 0, 0, 0]
[0, 1, 0, 0]
[0, 0, 0, 1]
[0, 0, 0, 0]
[0, 0, 0, 1]
[0, 0, 0, 1]
[0, 0, 0, 0]
Genotipos:
[0, 2, 0, 2]
[0, 0, 0, 1]
[0, 0, 0, 2]
[0, 0, 0, 2]
[0, 0, 0, 2]
[0, 0, 2, 2]
[0, 0, 0, 2]
[0, 0, 0, 2]
[0, 0, 0, 2]
[0, 0, 0, 2]
[0, 0, 0, 0]
[0, 0, 0, 1]
[0, 0, 0, 0]
[0, 0, 0, 0]
[0, 2, 0, 0]
[2, 2, 0, 0]
[0, 0, 0, 0]
[0, 0, 0, 2]
[0, 0, 0, 1]
[0, 0, 0, 2]
[2, 2, 0, 0]
[0, 0, 2, 0]
[0, 0, 0, 2]
[0, 0, 0, 2]
[0, 0, 0, 2]
[0, 2, 0, 0]
[0, 2, 0, 2]
[0, 0, 0, 0]
[0, 0, 0, 0]
[0, 2, 0, 2]
[0, 0, 0, 2]
[0, 0, 0, 2]
Solving...
######
instances/ms_64_4.txt,0,32,4,0,0.10909200000000002,812560,105686
