Instancia:  instances/ms_6_15.txt
# Parámetros de la instancia
Número de haplotipos: 6
Número de genotipos: 3
Cantidad de sitios polimórficos: 15
Haplotipos:
[0, 1, 0, 1, 0, 0, 1, 0, 0, 0, 1, 0, 0, 0, 0]
[1, 0, 0, 1, 0, 0, 0, 0, 0, 0, 0, 0, 0, 0, 0]
[0, 0, 1, 0, 1, 0, 0, 0, 0, 1, 0, 1, 0, 0, 0]
[0, 0, 0, 0, 0, 0, 0, 0, 1, 0, 0, 0, 1, 1, 1]
[0, 0, 0, 0, 0, 0, 0, 0, 0, 0, 0, 0, 0, 1, 0]
[0, 1, 0, 1, 0, 1, 0, 1, 0, 0, 0, 0, 0, 0, 0]
Genotipos:
[2, 2, 0, 1, 0, 0, 2, 0, 0, 0, 2, 0, 0, 0, 0]
[0, 0, 2, 0, 2, 0, 0, 0, 2, 2, 0, 2, 2, 2, 2]
[0, 2, 0, 2, 0, 2, 0, 2, 0, 0, 0, 0, 0, 2, 0]
Solving...
######
instances/ms_6_15.txt,0,3,15,0,0.0007230000000000014,2024,9004
