Instancia:  instances/ms_6_20.txt
# Parámetros de la instancia
Número de haplotipos: 6
Número de genotipos: 3
Cantidad de sitios polimórficos: 20
Haplotipos:
[1, 1, 0, 0, 1, 0, 0, 0, 0, 0, 0, 0, 1, 0, 0, 0, 0, 0, 1, 1]
[1, 1, 0, 0, 1, 0, 0, 0, 0, 0, 0, 0, 0, 0, 0, 0, 0, 0, 1, 1]
[1, 1, 1, 0, 1, 0, 0, 0, 0, 0, 0, 0, 0, 0, 1, 0, 0, 0, 1, 1]
[0, 0, 0, 0, 0, 1, 0, 0, 1, 1, 1, 0, 0, 1, 0, 1, 0, 1, 0, 0]
[0, 0, 0, 1, 0, 0, 1, 1, 1, 1, 1, 0, 0, 1, 0, 1, 0, 0, 0, 0]
[1, 1, 0, 0, 1, 0, 0, 0, 0, 0, 0, 1, 0, 0, 0, 0, 1, 0, 1, 1]
Genotipos:
[1, 1, 0, 0, 1, 0, 0, 0, 0, 0, 0, 0, 2, 0, 0, 0, 0, 0, 1, 1]
[2, 2, 2, 0, 2, 2, 0, 0, 2, 2, 2, 0, 0, 2, 2, 2, 0, 2, 2, 2]
[2, 2, 0, 2, 2, 0, 2, 2, 2, 2, 2, 2, 0, 2, 0, 2, 2, 0, 2, 2]
Solving...
######
instances/ms_6_20.txt,0,3,20,0,0.0007899999999999956,2886,21650
