Instancia:  instances/ms_64_5.txt
# Parámetros de la instancia
Número de haplotipos: 64
Número de genotipos: 32
Cantidad de sitios polimórficos: 5
Haplotipos:
[0, 0, 1, 1, 1]
[0, 0, 1, 0, 1]
[0, 1, 1, 0, 1]
[0, 0, 1, 0, 1]
[0, 0, 1, 0, 1]
[0, 0, 1, 0, 1]
[0, 0, 1, 0, 1]
[0, 0, 1, 0, 1]
[0, 0, 1, 0, 1]
[0, 1, 1, 0, 1]
[0, 0, 0, 0, 0]
[0, 0, 1, 0, 1]
[0, 1, 1, 0, 1]
[0, 0, 1, 0, 1]
[0, 0, 1, 0, 1]
[0, 0, 1, 0, 1]
[0, 0, 1, 0, 1]
[0, 0, 1, 0, 1]
[0, 0, 1, 0, 1]
[0, 0, 1, 0, 1]
[0, 0, 1, 0, 1]
[0, 0, 1, 0, 1]
[1, 0, 0, 0, 0]
[0, 0, 1, 0, 1]
[0, 0, 1, 0, 1]
[0, 0, 1, 0, 1]
[0, 0, 0, 0, 0]
[0, 0, 1, 0, 1]
[0, 0, 1, 0, 1]
[0, 0, 1, 0, 1]
[0, 0, 1, 0, 1]
[1, 0, 0, 0, 0]
[0, 0, 1, 0, 1]
[0, 0, 1, 1, 1]
[0, 0, 1, 0, 1]
[0, 0, 1, 0, 1]
[0, 0, 1, 0, 1]
[0, 0, 1, 0, 1]
[0, 0, 1, 0, 1]
[0, 0, 1, 0, 1]
[0, 0, 0, 0, 0]
[0, 0, 1, 0, 1]
[0, 0, 1, 0, 1]
[0, 0, 1, 0, 1]
[0, 0, 1, 0, 1]
[0, 0, 1, 0, 1]
[0, 1, 1, 0, 1]
[0, 0, 1, 0, 1]
[0, 0, 1, 0, 1]
[0, 0, 1, 0, 1]
[0, 0, 1, 0, 1]
[0, 1, 1, 0, 1]
[0, 0, 1, 0, 1]
[0, 0, 1, 0, 1]
[0, 0, 1, 0, 1]
[0, 0, 1, 0, 1]
[0, 0, 1, 0, 1]
[0, 0, 1, 0, 1]
[0, 0, 1, 0, 1]
[0, 0, 1, 0, 1]
[0, 0, 1, 0, 1]
[0, 1, 1, 0, 1]
[0, 0, 1, 0, 1]
[0, 1, 1, 0, 1]
Genotipos:
[0, 0, 1, 2, 1]
[0, 2, 1, 0, 1]
[0, 0, 1, 0, 1]
[0, 0, 1, 0, 1]
[0, 2, 1, 0, 1]
[0, 0, 2, 0, 2]
[0, 2, 1, 0, 1]
[0, 0, 1, 0, 1]
[0, 0, 1, 0, 1]
[0, 0, 1, 0, 1]
[0, 0, 1, 0, 1]
[2, 0, 2, 0, 2]
[0, 0, 1, 0, 1]
[0, 0, 2, 0, 2]
[0, 0, 1, 0, 1]
[2, 0, 2, 0, 2]
[0, 0, 1, 2, 1]
[0, 0, 1, 0, 1]
[0, 0, 1, 0, 1]
[0, 0, 1, 0, 1]
[0, 0, 2, 0, 2]
[0, 0, 1, 0, 1]
[0, 0, 1, 0, 1]
[0, 2, 1, 0, 1]
[0, 0, 1, 0, 1]
[0, 2, 1, 0, 1]
[0, 0, 1, 0, 1]
[0, 0, 1, 0, 1]
[0, 0, 1, 0, 1]
[0, 0, 1, 0, 1]
[0, 2, 1, 0, 1]
[0, 2, 1, 0, 1]
Solving...
######
instances/ms_64_5.txt,0,32,5,0,0.08481900000000002,830928,94591
