Instancia:  instances/ms_6_16.txt
# Parámetros de la instancia
Número de haplotipos: 6
Número de genotipos: 3
Cantidad de sitios polimórficos: 16
Haplotipos:
[0, 0, 0, 1, 1, 0, 0, 0, 1, 0, 1, 0, 0, 1, 0, 0]
[0, 0, 0, 1, 1, 0, 0, 0, 0, 0, 0, 0, 0, 1, 0, 0]
[0, 0, 0, 0, 0, 0, 1, 1, 0, 0, 0, 1, 0, 0, 1, 1]
[1, 1, 0, 1, 1, 1, 0, 0, 0, 1, 0, 0, 0, 0, 0, 0]
[0, 0, 1, 1, 1, 0, 0, 0, 0, 0, 0, 0, 1, 1, 0, 0]
[1, 1, 0, 1, 1, 1, 0, 0, 0, 1, 0, 0, 0, 0, 0, 0]
Genotipos:
[0, 0, 0, 1, 1, 0, 0, 0, 2, 0, 2, 0, 0, 1, 0, 0]
[2, 2, 0, 2, 2, 2, 2, 2, 0, 2, 0, 2, 0, 0, 2, 2]
[2, 2, 2, 1, 1, 2, 0, 0, 0, 2, 0, 0, 2, 2, 0, 0]
Solving...
######
instances/ms_6_16.txt,0,3,16,0,0.0004839999999999983,2210,11342
