Instancia:  instances/ms_74_3.txt
# Parámetros de la instancia
Número de haplotipos: 74
Número de genotipos: 37
Cantidad de sitios polimórficos: 3
Haplotipos:
[0, 0, 0]
[0, 0, 0]
[0, 0, 1]
[0, 0, 1]
[0, 0, 0]
[0, 0, 1]
[0, 0, 1]
[0, 0, 1]
[0, 0, 1]
[0, 0, 0]
[0, 0, 0]
[0, 0, 0]
[0, 0, 0]
[0, 0, 1]
[0, 0, 1]
[0, 0, 1]
[0, 0, 0]
[0, 1, 0]
[0, 0, 0]
[0, 0, 1]
[0, 0, 1]
[0, 0, 0]
[0, 0, 0]
[0, 0, 1]
[0, 0, 0]
[0, 0, 0]
[0, 0, 0]
[0, 0, 0]
[0, 0, 0]
[0, 0, 0]
[0, 0, 0]
[0, 0, 1]
[0, 0, 1]
[0, 0, 0]
[0, 0, 1]
[0, 0, 0]
[0, 0, 0]
[0, 0, 1]
[0, 0, 0]
[0, 0, 1]
[0, 0, 0]
[0, 0, 1]
[0, 0, 1]
[0, 0, 0]
[0, 0, 1]
[1, 0, 0]
[0, 1, 0]
[0, 0, 1]
[0, 0, 0]
[0, 0, 0]
[0, 0, 1]
[0, 1, 0]
[0, 0, 1]
[0, 0, 1]
[0, 0, 1]
[0, 0, 0]
[0, 0, 1]
[0, 0, 1]
[0, 0, 0]
[0, 0, 1]
[0, 0, 0]
[0, 0, 1]
[0, 0, 0]
[0, 0, 1]
[0, 0, 1]
[0, 0, 0]
[0, 0, 1]
[0, 0, 1]
[0, 0, 0]
[0, 0, 1]
[0, 0, 0]
[0, 0, 0]
[0, 0, 0]
[0, 0, 1]
Genotipos:
[0, 0, 0]
[0, 0, 1]
[0, 0, 2]
[0, 0, 1]
[0, 0, 2]
[0, 0, 0]
[0, 0, 2]
[0, 0, 1]
[0, 2, 0]
[0, 0, 2]
[0, 0, 2]
[0, 0, 2]
[0, 0, 0]
[0, 0, 0]
[0, 0, 0]
[0, 0, 2]
[0, 0, 2]
[0, 0, 2]
[0, 0, 2]
[0, 0, 2]
[0, 0, 2]
[0, 0, 2]
[2, 0, 2]
[0, 2, 2]
[0, 0, 0]
[0, 2, 2]
[0, 0, 1]
[0, 0, 2]
[0, 0, 1]
[0, 0, 2]
[0, 0, 2]
[0, 0, 2]
[0, 0, 2]
[0, 0, 1]
[0, 0, 2]
[0, 0, 0]
[0, 0, 2]
Solving...
######
instances/ms_74_3.txt,0,37,3,0,0.09644400000000017,1203632,87842
