Instancia:  instances/ms_72_4.txt
# Parámetros de la instancia
Número de haplotipos: 72
Número de genotipos: 36
Cantidad de sitios polimórficos: 4
Haplotipos:
[0, 1, 0, 1]
[0, 1, 1, 1]
[0, 1, 1, 1]
[0, 0, 0, 0]
[0, 1, 1, 1]
[0, 1, 1, 1]
[0, 1, 1, 1]
[0, 1, 0, 1]
[0, 1, 0, 1]
[0, 1, 0, 1]
[0, 1, 1, 1]
[0, 1, 1, 1]
[0, 0, 0, 0]
[0, 1, 1, 1]
[0, 0, 0, 0]
[0, 1, 0, 1]
[0, 1, 1, 1]
[0, 1, 0, 1]
[0, 1, 0, 1]
[0, 1, 1, 1]
[0, 1, 0, 1]
[0, 1, 1, 1]
[0, 1, 0, 1]
[0, 1, 0, 1]
[0, 1, 1, 1]
[0, 1, 0, 1]
[0, 1, 0, 1]
[0, 1, 1, 1]
[0, 1, 1, 1]
[0, 1, 0, 1]
[0, 1, 0, 1]
[0, 1, 1, 1]
[0, 1, 1, 1]
[0, 1, 0, 1]
[0, 1, 1, 1]
[0, 1, 0, 1]
[0, 1, 0, 1]
[0, 1, 1, 1]
[0, 1, 0, 1]
[0, 1, 0, 1]
[0, 1, 1, 1]
[0, 0, 0, 0]
[0, 1, 1, 1]
[0, 0, 0, 0]
[0, 1, 1, 1]
[0, 0, 0, 0]
[0, 1, 0, 1]
[0, 0, 0, 0]
[0, 1, 0, 1]
[0, 1, 0, 1]
[0, 1, 1, 1]
[0, 1, 0, 1]
[0, 1, 0, 1]
[1, 0, 0, 1]
[0, 0, 0, 0]
[0, 1, 1, 1]
[0, 1, 0, 1]
[0, 1, 0, 1]
[0, 1, 1, 1]
[0, 1, 1, 1]
[0, 0, 0, 0]
[0, 1, 0, 1]
[0, 1, 0, 1]
[0, 1, 0, 1]
[0, 1, 0, 1]
[0, 1, 0, 1]
[0, 1, 1, 1]
[0, 1, 1, 1]
[1, 0, 0, 1]
[1, 0, 0, 1]
[0, 1, 0, 1]
[0, 1, 0, 1]
Genotipos:
[0, 1, 2, 1]
[0, 2, 2, 2]
[0, 1, 1, 1]
[0, 1, 2, 1]
[0, 1, 0, 1]
[0, 1, 1, 1]
[0, 2, 2, 2]
[0, 2, 0, 2]
[0, 1, 2, 1]
[0, 1, 2, 1]
[0, 1, 2, 1]
[0, 1, 0, 1]
[0, 1, 2, 1]
[0, 1, 2, 1]
[0, 1, 2, 1]
[0, 1, 2, 1]
[0, 1, 2, 1]
[0, 1, 2, 1]
[0, 1, 2, 1]
[0, 1, 0, 1]
[0, 2, 2, 2]
[0, 2, 2, 2]
[0, 2, 2, 2]
[0, 2, 0, 2]
[0, 1, 0, 1]
[0, 1, 2, 1]
[2, 2, 0, 1]
[0, 2, 2, 2]
[0, 1, 0, 1]
[0, 1, 1, 1]
[0, 2, 0, 2]
[0, 1, 0, 1]
[0, 1, 0, 1]
[0, 1, 1, 1]
[1, 0, 0, 1]
[0, 1, 0, 1]
Solving...
######
instances/ms_72_4.txt,0,36,4,0,0.08523100000000007,1149750,157052
