Instancia:  instances/ms_70_3.txt
# Parámetros de la instancia
Número de haplotipos: 70
Número de genotipos: 35
Cantidad de sitios polimórficos: 3
Haplotipos:
[0, 1, 0]
[0, 0, 1]
[0, 0, 0]
[0, 0, 1]
[0, 0, 1]
[0, 0, 1]
[0, 1, 0]
[0, 0, 1]
[0, 0, 0]
[0, 0, 0]
[0, 1, 0]
[0, 0, 1]
[0, 1, 0]
[0, 1, 0]
[0, 0, 1]
[0, 0, 1]
[0, 0, 1]
[0, 0, 1]
[0, 1, 0]
[0, 1, 0]
[0, 0, 1]
[0, 1, 0]
[0, 1, 0]
[0, 0, 0]
[0, 0, 1]
[0, 1, 0]
[0, 0, 0]
[0, 1, 0]
[1, 0, 1]
[0, 0, 0]
[1, 0, 1]
[0, 1, 0]
[0, 1, 0]
[0, 1, 0]
[0, 0, 0]
[0, 1, 0]
[0, 1, 0]
[0, 1, 0]
[0, 0, 1]
[0, 1, 0]
[0, 0, 0]
[0, 1, 0]
[0, 1, 0]
[0, 1, 0]
[0, 1, 0]
[0, 0, 1]
[0, 1, 0]
[0, 1, 0]
[0, 0, 1]
[0, 0, 1]
[0, 0, 1]
[0, 0, 0]
[0, 0, 1]
[0, 1, 0]
[0, 0, 1]
[0, 0, 0]
[0, 1, 0]
[0, 0, 1]
[0, 1, 0]
[0, 1, 0]
[0, 0, 1]
[0, 0, 1]
[0, 1, 0]
[0, 0, 1]
[0, 1, 0]
[0, 1, 0]
[0, 1, 0]
[0, 0, 1]
[0, 1, 0]
[0, 0, 1]
Genotipos:
[0, 2, 2]
[0, 0, 2]
[0, 0, 1]
[0, 2, 2]
[0, 0, 0]
[0, 2, 2]
[0, 1, 0]
[0, 0, 1]
[0, 0, 1]
[0, 1, 0]
[0, 2, 2]
[0, 2, 0]
[0, 2, 2]
[0, 2, 0]
[2, 0, 2]
[2, 2, 2]
[0, 1, 0]
[0, 2, 0]
[0, 1, 0]
[0, 2, 2]
[0, 2, 0]
[0, 1, 0]
[0, 2, 2]
[0, 1, 0]
[0, 0, 1]
[0, 0, 2]
[0, 2, 2]
[0, 0, 2]
[0, 2, 2]
[0, 1, 0]
[0, 0, 1]
[0, 2, 2]
[0, 1, 0]
[0, 2, 2]
[0, 2, 2]
Solving...
######
instances/ms_70_3.txt,0,35,3,0,0.11559899999999988,1033640,107994
