Instancia:  instances/ms_76_2.txt
# Parámetros de la instancia
Número de haplotipos: 76
Número de genotipos: 38
Cantidad de sitios polimórficos: 2
Haplotipos:
[0, 1]
[0, 1]
[0, 1]
[0, 1]
[1, 0]
[1, 0]
[0, 1]
[0, 1]
[0, 0]
[0, 0]
[0, 1]
[0, 1]
[0, 1]
[0, 1]
[0, 1]
[0, 0]
[0, 1]
[1, 0]
[0, 0]
[0, 1]
[0, 1]
[0, 1]
[1, 0]
[0, 1]
[0, 1]
[0, 0]
[0, 1]
[0, 0]
[0, 0]
[0, 1]
[0, 1]
[0, 1]
[0, 0]
[0, 1]
[0, 0]
[0, 0]
[1, 0]
[0, 1]
[0, 1]
[0, 1]
[0, 1]
[0, 1]
[0, 1]
[0, 0]
[0, 1]
[0, 1]
[0, 0]
[0, 1]
[0, 0]
[0, 1]
[0, 1]
[0, 1]
[0, 1]
[0, 0]
[0, 0]
[0, 1]
[0, 1]
[0, 0]
[0, 1]
[0, 1]
[0, 1]
[0, 1]
[0, 1]
[0, 0]
[0, 1]
[0, 0]
[0, 0]
[0, 1]
[0, 1]
[0, 1]
[0, 1]
[0, 0]
[0, 1]
[0, 1]
[0, 1]
[0, 0]
Genotipos:
[0, 1]
[0, 1]
[1, 0]
[0, 1]
[0, 0]
[0, 1]
[0, 1]
[0, 2]
[2, 2]
[0, 2]
[0, 1]
[2, 2]
[0, 2]
[0, 2]
[0, 2]
[0, 1]
[0, 2]
[0, 0]
[2, 2]
[0, 1]
[0, 1]
[0, 2]
[0, 1]
[0, 2]
[0, 2]
[0, 1]
[0, 2]
[0, 2]
[0, 2]
[0, 1]
[0, 1]
[0, 2]
[0, 2]
[0, 2]
[0, 1]
[0, 2]
[0, 1]
[0, 2]
Solving...
######
instances/ms_76_2.txt,0,38,2,0,0.05673400000000005,1261528,54347
