Instancia:  instances/ms_72_3.txt
# Parámetros de la instancia
Número de haplotipos: 72
Número de genotipos: 36
Cantidad de sitios polimórficos: 3
Haplotipos:
[0, 0, 0]
[0, 0, 0]
[0, 0, 0]
[1, 0, 0]
[0, 0, 0]
[1, 0, 0]
[0, 1, 0]
[0, 0, 0]
[0, 1, 0]
[0, 1, 0]
[0, 0, 0]
[0, 1, 0]
[0, 0, 0]
[0, 0, 0]
[0, 1, 0]
[0, 1, 0]
[0, 1, 0]
[0, 1, 0]
[1, 0, 0]
[1, 0, 0]
[1, 0, 0]
[0, 0, 0]
[0, 1, 0]
[0, 1, 0]
[0, 1, 0]
[0, 1, 0]
[0, 0, 0]
[0, 1, 0]
[0, 1, 0]
[0, 1, 0]
[1, 0, 0]
[1, 0, 0]
[0, 1, 0]
[0, 0, 0]
[0, 1, 0]
[0, 0, 0]
[0, 1, 0]
[0, 1, 0]
[1, 0, 0]
[0, 0, 0]
[0, 1, 0]
[0, 0, 0]
[0, 0, 0]
[0, 1, 0]
[0, 1, 0]
[0, 0, 0]
[0, 1, 0]
[0, 1, 0]
[1, 0, 0]
[0, 0, 0]
[1, 0, 0]
[1, 0, 0]
[1, 0, 0]
[0, 1, 1]
[1, 0, 0]
[0, 0, 0]
[0, 1, 0]
[0, 1, 0]
[0, 0, 0]
[0, 1, 0]
[0, 0, 0]
[1, 0, 0]
[0, 0, 0]
[0, 1, 0]
[0, 0, 0]
[0, 1, 0]
[0, 0, 0]
[0, 1, 0]
[0, 1, 0]
[0, 1, 0]
[0, 1, 0]
[0, 0, 0]
Genotipos:
[0, 0, 0]
[2, 0, 0]
[2, 0, 0]
[0, 2, 0]
[0, 1, 0]
[0, 2, 0]
[0, 0, 0]
[0, 1, 0]
[0, 1, 0]
[1, 0, 0]
[2, 0, 0]
[0, 1, 0]
[0, 1, 0]
[0, 2, 0]
[0, 1, 0]
[1, 0, 0]
[0, 2, 0]
[0, 2, 0]
[0, 1, 0]
[2, 0, 0]
[0, 2, 0]
[0, 2, 0]
[0, 2, 0]
[0, 1, 0]
[2, 0, 0]
[1, 0, 0]
[2, 2, 2]
[2, 0, 0]
[0, 1, 0]
[0, 2, 0]
[2, 0, 0]
[0, 2, 0]
[0, 2, 0]
[0, 2, 0]
[0, 1, 0]
[0, 2, 0]
Solving...
######
instances/ms_72_3.txt,0,36,3,0,0.004096999999999934,1104390,72870
