Instancia:  instances/ms_72_2.txt
# Parámetros de la instancia
Número de haplotipos: 72
Número de genotipos: 36
Cantidad de sitios polimórficos: 2
Haplotipos:
[0, 0]
[0, 0]
[0, 0]
[0, 0]
[0, 0]
[0, 0]
[0, 0]
[0, 1]
[0, 0]
[0, 1]
[0, 0]
[0, 0]
[0, 0]
[0, 1]
[0, 1]
[0, 0]
[0, 0]
[0, 1]
[0, 0]
[0, 0]
[0, 0]
[0, 0]
[0, 0]
[0, 0]
[0, 0]
[0, 0]
[1, 0]
[0, 0]
[0, 1]
[0, 0]
[0, 0]
[0, 0]
[0, 0]
[0, 0]
[0, 0]
[0, 0]
[0, 0]
[0, 0]
[0, 0]
[0, 1]
[0, 0]
[0, 0]
[0, 1]
[0, 1]
[0, 0]
[0, 0]
[1, 0]
[0, 0]
[0, 0]
[0, 0]
[0, 0]
[0, 0]
[0, 0]
[0, 0]
[0, 0]
[0, 0]
[0, 0]
[0, 0]
[0, 0]
[0, 0]
[0, 0]
[0, 1]
[0, 1]
[0, 0]
[0, 0]
[0, 0]
[0, 1]
[0, 0]
[0, 0]
[0, 0]
[0, 0]
[0, 0]
Genotipos:
[0, 0]
[0, 0]
[0, 0]
[0, 2]
[0, 2]
[0, 0]
[0, 2]
[0, 2]
[0, 2]
[0, 0]
[0, 0]
[0, 0]
[0, 0]
[2, 0]
[0, 2]
[0, 0]
[0, 0]
[0, 0]
[0, 0]
[0, 2]
[0, 0]
[0, 1]
[0, 0]
[2, 0]
[0, 0]
[0, 0]
[0, 0]
[0, 0]
[0, 0]
[0, 0]
[0, 2]
[0, 2]
[0, 0]
[0, 2]
[0, 0]
[0, 0]
Solving...
######
instances/ms_72_2.txt,0,36,2,0,0.011611999999999921,1063440,26852
