Instancia:  instances/ms_76_4.txt
# Parámetros de la instancia
Número de haplotipos: 76
Número de genotipos: 38
Cantidad de sitios polimórficos: 4
Haplotipos:
[0, 0, 1, 0]
[0, 0, 1, 0]
[0, 0, 1, 0]
[0, 0, 1, 0]
[0, 0, 1, 0]
[0, 0, 1, 0]
[1, 0, 0, 1]
[1, 0, 0, 1]
[0, 0, 1, 0]
[0, 0, 1, 0]
[0, 0, 0, 0]
[0, 0, 1, 0]
[0, 0, 1, 0]
[0, 0, 1, 0]
[0, 0, 1, 0]
[0, 0, 1, 0]
[0, 0, 1, 0]
[0, 0, 0, 0]
[0, 0, 1, 0]
[0, 0, 0, 0]
[0, 0, 1, 0]
[0, 0, 0, 1]
[0, 0, 1, 0]
[1, 0, 0, 1]
[0, 0, 1, 0]
[0, 0, 1, 0]
[0, 0, 1, 0]
[0, 0, 0, 0]
[0, 0, 0, 0]
[0, 0, 1, 0]
[0, 0, 1, 0]
[0, 0, 1, 0]
[0, 0, 1, 0]
[0, 0, 1, 0]
[0, 0, 0, 0]
[0, 1, 0, 0]
[0, 0, 1, 0]
[1, 0, 0, 1]
[0, 0, 0, 0]
[1, 0, 0, 1]
[0, 0, 1, 0]
[0, 0, 0, 0]
[0, 0, 0, 0]
[0, 0, 1, 0]
[0, 0, 0, 0]
[0, 0, 0, 0]
[0, 0, 0, 0]
[1, 0, 0, 1]
[0, 0, 0, 0]
[0, 0, 0, 0]
[0, 0, 1, 0]
[0, 0, 1, 0]
[0, 0, 0, 0]
[0, 0, 1, 0]
[0, 0, 0, 1]
[0, 0, 0, 1]
[0, 0, 1, 0]
[0, 0, 1, 0]
[0, 0, 0, 1]
[1, 0, 0, 1]
[0, 0, 1, 0]
[0, 0, 1, 0]
[0, 0, 1, 0]
[0, 0, 1, 0]
[0, 0, 1, 0]
[1, 0, 0, 1]
[0, 0, 0, 1]
[0, 0, 1, 0]
[0, 0, 1, 0]
[0, 0, 1, 0]
[0, 0, 0, 1]
[0, 0, 1, 0]
[0, 0, 0, 1]
[1, 0, 0, 1]
[0, 0, 0, 0]
[0, 0, 0, 1]
Genotipos:
[0, 0, 1, 0]
[0, 0, 1, 0]
[0, 0, 1, 0]
[1, 0, 0, 1]
[0, 0, 1, 0]
[0, 0, 2, 0]
[0, 0, 1, 0]
[0, 0, 1, 0]
[0, 0, 2, 0]
[0, 0, 2, 0]
[0, 0, 2, 2]
[2, 0, 2, 2]
[0, 0, 1, 0]
[0, 0, 2, 0]
[0, 0, 2, 0]
[0, 0, 1, 0]
[0, 0, 1, 0]
[0, 2, 0, 0]
[2, 0, 2, 2]
[2, 0, 0, 2]
[0, 0, 2, 0]
[0, 0, 2, 0]
[0, 0, 0, 0]
[2, 0, 0, 2]
[0, 0, 0, 0]
[0, 0, 1, 0]
[0, 0, 2, 0]
[0, 0, 0, 1]
[0, 0, 1, 0]
[2, 0, 0, 1]
[0, 0, 1, 0]
[0, 0, 1, 0]
[2, 0, 2, 2]
[0, 0, 2, 2]
[0, 0, 1, 0]
[0, 0, 2, 2]
[2, 0, 0, 1]
[0, 0, 0, 2]
Solving...
######
instances/ms_76_4.txt,0,38,4,0,0.14800700000000014,1338752,138523
