Instancia:  instances/ms_80_13.txt
# Parámetros de la instancia
Número de haplotipos: 80
Número de genotipos: 40
Cantidad de sitios polimórficos: 13
Haplotipos:
[0, 0, 0, 0, 0, 0, 0, 1, 0, 0, 0, 0, 0]
[0, 0, 0, 0, 0, 0, 0, 1, 0, 0, 0, 0, 0]
[0, 0, 0, 0, 1, 0, 1, 0, 1, 0, 1, 0, 0]
[0, 0, 0, 0, 1, 0, 0, 0, 1, 0, 1, 0, 0]
[0, 0, 0, 0, 0, 0, 0, 1, 0, 0, 0, 0, 0]
[1, 1, 0, 0, 1, 0, 0, 0, 1, 0, 0, 0, 0]
[1, 1, 0, 0, 1, 0, 0, 0, 1, 0, 0, 0, 0]
[0, 0, 0, 0, 1, 0, 0, 0, 1, 0, 1, 1, 0]
[0, 0, 0, 0, 0, 0, 0, 1, 0, 0, 0, 0, 0]
[0, 0, 0, 0, 0, 0, 0, 1, 0, 0, 0, 0, 0]
[0, 0, 0, 0, 1, 0, 0, 0, 1, 0, 1, 1, 0]
[0, 0, 0, 1, 0, 0, 0, 0, 0, 1, 0, 0, 1]
[0, 0, 0, 0, 1, 0, 0, 0, 1, 0, 1, 0, 0]
[0, 0, 0, 1, 0, 0, 0, 0, 0, 1, 0, 0, 1]
[0, 0, 0, 1, 0, 0, 0, 0, 0, 1, 0, 0, 1]
[0, 0, 0, 0, 0, 0, 0, 1, 0, 0, 0, 0, 0]
[0, 0, 0, 0, 0, 0, 0, 1, 0, 0, 0, 0, 0]
[0, 0, 0, 1, 0, 0, 0, 0, 0, 1, 0, 0, 1]
[0, 0, 0, 0, 1, 0, 0, 0, 1, 0, 1, 1, 0]
[0, 0, 0, 0, 0, 0, 0, 1, 0, 0, 0, 0, 0]
[0, 0, 0, 0, 0, 0, 0, 1, 0, 0, 0, 0, 0]
[0, 0, 0, 1, 0, 0, 0, 0, 0, 0, 0, 0, 1]
[0, 0, 0, 1, 0, 0, 0, 0, 0, 1, 0, 0, 1]
[0, 0, 0, 1, 0, 0, 0, 0, 0, 1, 0, 0, 1]
[0, 0, 0, 0, 0, 0, 0, 1, 0, 0, 0, 0, 0]
[0, 0, 0, 0, 1, 0, 0, 0, 1, 0, 1, 1, 0]
[0, 0, 0, 1, 0, 0, 0, 0, 0, 1, 0, 0, 1]
[0, 0, 0, 1, 0, 0, 0, 0, 0, 1, 0, 0, 1]
[1, 1, 0, 0, 1, 0, 0, 0, 1, 0, 0, 0, 0]
[0, 0, 0, 0, 0, 1, 0, 1, 0, 0, 0, 0, 0]
[1, 1, 0, 0, 1, 0, 0, 0, 1, 0, 0, 0, 0]
[0, 0, 0, 1, 0, 0, 0, 0, 0, 1, 0, 0, 1]
[0, 0, 0, 1, 0, 0, 0, 0, 0, 1, 0, 0, 1]
[0, 0, 0, 0, 0, 0, 0, 1, 0, 0, 0, 0, 0]
[0, 0, 0, 0, 0, 0, 0, 1, 0, 0, 0, 0, 0]
[0, 0, 0, 0, 1, 0, 0, 0, 1, 0, 1, 0, 0]
[0, 0, 0, 1, 0, 0, 0, 0, 0, 1, 0, 0, 1]
[1, 1, 0, 0, 1, 0, 0, 0, 1, 0, 0, 0, 0]
[1, 1, 0, 0, 1, 0, 0, 0, 1, 0, 0, 0, 0]
[0, 0, 0, 1, 0, 0, 0, 0, 0, 1, 0, 0, 1]
[0, 0, 0, 0, 0, 0, 0, 1, 0, 0, 0, 0, 0]
[0, 0, 0, 1, 0, 0, 0, 0, 0, 1, 0, 0, 1]
[0, 0, 0, 0, 0, 0, 0, 1, 0, 0, 0, 0, 0]
[0, 0, 0, 1, 0, 0, 0, 0, 0, 1, 0, 0, 1]
[0, 0, 0, 1, 0, 0, 0, 0, 0, 1, 0, 0, 1]
[0, 0, 0, 0, 1, 0, 0, 0, 1, 0, 1, 0, 0]
[0, 0, 0, 0, 1, 0, 0, 0, 1, 0, 1, 0, 0]
[0, 0, 0, 1, 0, 0, 0, 0, 0, 1, 0, 0, 1]
[0, 0, 0, 1, 0, 0, 0, 0, 0, 1, 0, 0, 1]
[0, 0, 0, 0, 0, 0, 0, 1, 0, 0, 0, 0, 0]
[0, 0, 0, 0, 0, 0, 0, 1, 0, 0, 0, 0, 0]
[0, 0, 0, 1, 0, 0, 0, 0, 0, 1, 0, 0, 1]
[1, 1, 0, 0, 1, 0, 0, 0, 1, 0, 0, 0, 0]
[0, 0, 0, 0, 1, 0, 0, 0, 1, 0, 1, 1, 0]
[0, 0, 0, 0, 0, 0, 0, 1, 0, 0, 0, 0, 0]
[0, 0, 0, 0, 1, 0, 0, 0, 1, 0, 1, 0, 0]
[0, 0, 0, 1, 0, 0, 0, 0, 0, 1, 0, 0, 1]
[0, 0, 0, 1, 0, 0, 0, 0, 0, 0, 0, 0, 1]
[0, 0, 0, 0, 1, 0, 0, 0, 1, 0, 1, 0, 0]
[0, 0, 0, 0, 1, 0, 0, 0, 1, 0, 1, 0, 0]
[0, 0, 0, 1, 0, 0, 0, 0, 0, 1, 0, 0, 1]
[0, 0, 0, 1, 0, 0, 0, 0, 0, 1, 0, 0, 1]
[0, 0, 0, 1, 0, 0, 0, 0, 0, 1, 0, 0, 1]
[0, 0, 0, 0, 1, 0, 0, 0, 1, 0, 1, 0, 0]
[0, 0, 0, 1, 0, 0, 0, 0, 0, 1, 0, 0, 1]
[1, 1, 1, 0, 1, 0, 0, 0, 1, 0, 0, 0, 0]
[1, 1, 0, 0, 1, 0, 0, 0, 1, 0, 0, 0, 0]
[0, 0, 0, 0, 1, 0, 0, 0, 1, 0, 1, 0, 0]
[0, 0, 0, 1, 0, 0, 0, 0, 0, 1, 0, 0, 1]
[0, 0, 0, 0, 0, 0, 0, 1, 0, 0, 0, 0, 0]
[0, 0, 0, 0, 1, 0, 0, 0, 1, 0, 1, 1, 0]
[1, 1, 0, 0, 1, 0, 0, 0, 1, 0, 0, 0, 0]
[1, 1, 0, 0, 1, 0, 0, 0, 1, 0, 0, 0, 0]
[0, 0, 0, 0, 1, 0, 0, 0, 1, 0, 1, 0, 0]
[0, 0, 0, 0, 0, 0, 0, 1, 0, 0, 0, 0, 0]
[0, 0, 0, 0, 1, 0, 0, 0, 1, 0, 1, 1, 0]
[0, 0, 0, 0, 0, 0, 0, 1, 0, 0, 0, 0, 0]
[0, 0, 0, 0, 1, 0, 0, 0, 1, 0, 1, 0, 0]
[0, 0, 0, 0, 0, 0, 0, 1, 0, 0, 0, 0, 0]
[0, 0, 0, 1, 0, 0, 0, 0, 0, 1, 0, 0, 1]
Genotipos:
[0, 0, 0, 0, 0, 0, 0, 1, 0, 0, 0, 0, 0]
[0, 0, 0, 0, 1, 0, 2, 0, 1, 0, 1, 0, 0]
[2, 2, 0, 0, 2, 0, 0, 2, 2, 0, 0, 0, 0]
[2, 2, 0, 0, 1, 0, 0, 0, 1, 0, 2, 2, 0]
[0, 0, 0, 0, 0, 0, 0, 1, 0, 0, 0, 0, 0]
[0, 0, 0, 2, 2, 0, 0, 0, 2, 2, 2, 2, 2]
[0, 0, 0, 2, 2, 0, 0, 0, 2, 2, 2, 0, 2]
[0, 0, 0, 2, 0, 0, 0, 2, 0, 2, 0, 0, 2]
[0, 0, 0, 2, 0, 0, 0, 2, 0, 2, 0, 0, 2]
[0, 0, 0, 0, 2, 0, 0, 2, 2, 0, 2, 2, 0]
[0, 0, 0, 2, 0, 0, 0, 2, 0, 0, 0, 0, 2]
[0, 0, 0, 1, 0, 0, 0, 0, 0, 1, 0, 0, 1]
[0, 0, 0, 0, 2, 0, 0, 2, 2, 0, 2, 2, 0]
[0, 0, 0, 1, 0, 0, 0, 0, 0, 1, 0, 0, 1]
[2, 2, 0, 0, 2, 2, 0, 2, 2, 0, 0, 0, 0]
[2, 2, 0, 2, 2, 0, 0, 0, 2, 2, 0, 0, 2]
[0, 0, 0, 2, 0, 0, 0, 2, 0, 2, 0, 0, 2]
[0, 0, 0, 0, 2, 0, 0, 2, 2, 0, 2, 0, 0]
[2, 2, 0, 2, 2, 0, 0, 0, 2, 2, 0, 0, 2]
[2, 2, 0, 2, 2, 0, 0, 0, 2, 2, 0, 0, 2]
[0, 0, 0, 2, 0, 0, 0, 2, 0, 2, 0, 0, 2]
[0, 0, 0, 2, 0, 0, 0, 2, 0, 2, 0, 0, 2]
[0, 0, 0, 2, 2, 0, 0, 0, 2, 2, 2, 0, 2]
[0, 0, 0, 2, 2, 0, 0, 0, 2, 2, 2, 0, 2]
[0, 0, 0, 2, 0, 0, 0, 2, 0, 2, 0, 0, 2]
[0, 0, 0, 2, 0, 0, 0, 2, 0, 2, 0, 0, 2]
[2, 2, 0, 0, 1, 0, 0, 0, 1, 0, 2, 2, 0]
[0, 0, 0, 0, 2, 0, 0, 2, 2, 0, 2, 0, 0]
[0, 0, 0, 1, 0, 0, 0, 0, 0, 2, 0, 0, 1]
[0, 0, 0, 0, 1, 0, 0, 0, 1, 0, 1, 0, 0]
[0, 0, 0, 1, 0, 0, 0, 0, 0, 1, 0, 0, 1]
[0, 0, 0, 2, 2, 0, 0, 0, 2, 2, 2, 0, 2]
[2, 2, 2, 2, 2, 0, 0, 0, 2, 2, 0, 0, 2]
[2, 2, 0, 0, 1, 0, 0, 0, 1, 0, 2, 0, 0]
[0, 0, 0, 2, 0, 0, 0, 2, 0, 2, 0, 0, 2]
[2, 2, 0, 0, 1, 0, 0, 0, 1, 0, 2, 2, 0]
[2, 2, 0, 0, 1, 0, 0, 0, 1, 0, 2, 0, 0]
[0, 0, 0, 0, 2, 0, 0, 2, 2, 0, 2, 2, 0]
[0, 0, 0, 0, 2, 0, 0, 2, 2, 0, 2, 0, 0]
[0, 0, 0, 2, 0, 0, 0, 2, 0, 2, 0, 0, 2]
Solving...
######
instances/ms_80_13.txt,0,40,13,0,0.7927660000000005,2014106,2279379
