Instancia:  instances/ms_86_5.txt
# Parámetros de la instancia
Número de haplotipos: 86
Número de genotipos: 43
Cantidad de sitios polimórficos: 5
Haplotipos:
[0, 1, 1, 1, 1]
[0, 0, 0, 0, 1]
[0, 0, 1, 1, 1]
[0, 0, 0, 0, 1]
[0, 0, 1, 1, 1]
[0, 0, 0, 0, 1]
[0, 0, 1, 1, 1]
[0, 0, 1, 1, 1]
[0, 1, 1, 1, 1]
[0, 1, 1, 1, 1]
[0, 0, 0, 0, 1]
[0, 0, 0, 0, 0]
[0, 0, 0, 0, 1]
[0, 1, 1, 1, 1]
[0, 1, 1, 1, 1]
[0, 0, 1, 1, 1]
[0, 0, 1, 1, 1]
[0, 0, 1, 1, 1]
[0, 0, 1, 1, 1]
[0, 0, 0, 0, 1]
[0, 0, 1, 1, 1]
[0, 0, 1, 1, 1]
[0, 1, 1, 1, 1]
[0, 0, 0, 0, 0]
[0, 0, 1, 1, 1]
[0, 0, 0, 0, 0]
[0, 0, 0, 0, 0]
[0, 1, 1, 1, 1]
[0, 0, 0, 0, 1]
[0, 0, 1, 1, 1]
[0, 1, 1, 1, 1]
[0, 0, 1, 1, 1]
[0, 0, 0, 0, 0]
[0, 0, 1, 1, 1]
[0, 0, 1, 1, 1]
[0, 0, 1, 1, 1]
[0, 0, 0, 0, 1]
[0, 0, 0, 0, 0]
[0, 0, 1, 1, 1]
[0, 0, 1, 1, 1]
[0, 1, 1, 1, 1]
[0, 1, 1, 1, 1]
[0, 0, 0, 0, 1]
[0, 0, 1, 1, 1]
[0, 0, 0, 0, 0]
[0, 0, 1, 1, 1]
[0, 0, 0, 0, 0]
[0, 0, 1, 1, 1]
[0, 0, 1, 1, 1]
[0, 0, 1, 1, 1]
[0, 1, 1, 1, 1]
[0, 0, 0, 0, 1]
[0, 0, 1, 1, 1]
[0, 0, 0, 0, 0]
[0, 1, 1, 1, 1]
[0, 0, 1, 1, 1]
[0, 0, 1, 1, 1]
[0, 0, 1, 1, 1]
[0, 0, 0, 0, 1]
[0, 1, 1, 1, 1]
[1, 0, 0, 0, 0]
[0, 0, 0, 0, 0]
[0, 0, 1, 1, 1]
[1, 0, 0, 0, 0]
[0, 0, 0, 0, 0]
[0, 0, 0, 0, 0]
[0, 0, 0, 0, 1]
[0, 0, 0, 0, 1]
[0, 0, 1, 1, 1]
[0, 0, 0, 0, 1]
[0, 1, 1, 1, 1]
[0, 0, 0, 0, 1]
[0, 0, 1, 1, 1]
[0, 0, 1, 1, 1]
[0, 0, 1, 1, 1]
[0, 1, 1, 1, 1]
[0, 1, 1, 1, 1]
[0, 0, 1, 1, 1]
[0, 1, 1, 1, 1]
[0, 1, 1, 1, 1]
[0, 0, 1, 1, 1]
[0, 0, 1, 1, 1]
[0, 0, 1, 1, 1]
[1, 0, 0, 0, 0]
[0, 1, 1, 1, 1]
[0, 0, 1, 1, 1]
Genotipos:
[0, 2, 2, 2, 1]
[0, 0, 2, 2, 1]
[0, 0, 2, 2, 1]
[0, 0, 1, 1, 1]
[0, 1, 1, 1, 1]
[0, 0, 0, 0, 2]
[0, 2, 2, 2, 1]
[0, 2, 1, 1, 1]
[0, 0, 1, 1, 1]
[0, 0, 2, 2, 1]
[0, 0, 1, 1, 1]
[0, 2, 2, 2, 2]
[0, 0, 2, 2, 2]
[0, 2, 2, 2, 2]
[0, 0, 2, 2, 1]
[0, 2, 1, 1, 1]
[0, 0, 2, 2, 2]
[0, 0, 1, 1, 1]
[0, 0, 0, 0, 2]
[0, 0, 1, 1, 1]
[0, 1, 1, 1, 1]
[0, 0, 2, 2, 1]
[0, 0, 2, 2, 2]
[0, 0, 2, 2, 2]
[0, 0, 1, 1, 1]
[0, 2, 2, 2, 1]
[0, 0, 2, 2, 2]
[0, 2, 1, 1, 1]
[0, 0, 1, 1, 1]
[0, 2, 2, 2, 1]
[2, 0, 0, 0, 0]
[2, 0, 2, 2, 2]
[0, 0, 0, 0, 0]
[0, 0, 0, 0, 1]
[0, 0, 2, 2, 1]
[0, 2, 2, 2, 1]
[0, 0, 1, 1, 1]
[0, 2, 1, 1, 1]
[0, 2, 1, 1, 1]
[0, 1, 1, 1, 1]
[0, 0, 1, 1, 1]
[2, 0, 2, 2, 2]
[0, 2, 1, 1, 1]
Solving...
######
instances/ms_86_5.txt,0,43,5,0,0.5081119999999999,1996244,402321
