Instancia:  instances/ms_86_2.txt
# Parámetros de la instancia
Número de haplotipos: 86
Número de genotipos: 43
Cantidad de sitios polimórficos: 2
Haplotipos:
[0, 0]
[0, 0]
[1, 0]
[0, 1]
[0, 0]
[0, 0]
[0, 0]
[0, 0]
[1, 0]
[1, 0]
[0, 0]
[1, 0]
[0, 0]
[0, 0]
[1, 0]
[0, 0]
[0, 0]
[1, 0]
[1, 0]
[0, 0]
[0, 0]
[0, 0]
[1, 0]
[0, 0]
[0, 0]
[1, 0]
[1, 0]
[0, 1]
[0, 0]
[0, 0]
[0, 0]
[0, 0]
[0, 0]
[1, 0]
[0, 0]
[0, 0]
[0, 0]
[0, 0]
[0, 0]
[1, 0]
[0, 0]
[0, 0]
[0, 0]
[1, 0]
[0, 0]
[1, 0]
[0, 0]
[0, 0]
[1, 0]
[0, 0]
[0, 0]
[1, 0]
[0, 0]
[1, 0]
[1, 0]
[0, 0]
[0, 0]
[1, 0]
[0, 0]
[1, 0]
[1, 0]
[0, 0]
[0, 0]
[1, 0]
[0, 0]
[1, 0]
[0, 0]
[0, 0]
[0, 0]
[0, 0]
[1, 0]
[0, 0]
[1, 0]
[0, 0]
[0, 0]
[1, 0]
[0, 0]
[0, 0]
[1, 0]
[0, 0]
[0, 1]
[0, 0]
[0, 0]
[0, 0]
[0, 0]
[0, 0]
Genotipos:
[0, 0]
[2, 2]
[0, 0]
[0, 0]
[1, 0]
[2, 0]
[0, 0]
[2, 0]
[2, 0]
[2, 0]
[0, 0]
[2, 0]
[2, 0]
[2, 2]
[0, 0]
[0, 0]
[2, 0]
[0, 0]
[0, 0]
[2, 0]
[0, 0]
[2, 0]
[2, 0]
[0, 0]
[2, 0]
[2, 0]
[2, 0]
[2, 0]
[2, 0]
[2, 0]
[2, 0]
[2, 0]
[2, 0]
[0, 0]
[0, 0]
[2, 0]
[2, 0]
[2, 0]
[0, 0]
[2, 0]
[0, 2]
[0, 0]
[0, 0]
Solving...
######
instances/ms_86_2.txt,0,43,2,0,0.07953600000000004,1820978,69632
