Instancia:  instances/ms_86_3.txt
# Parámetros de la instancia
Número de haplotipos: 86
Número de genotipos: 43
Cantidad de sitios polimórficos: 3
Haplotipos:
[1, 1, 0]
[0, 0, 0]
[1, 0, 0]
[0, 0, 0]
[1, 1, 0]
[1, 0, 0]
[1, 0, 0]
[1, 0, 0]
[1, 0, 0]
[1, 0, 0]
[1, 0, 0]
[1, 1, 0]
[1, 1, 0]
[1, 0, 0]
[1, 1, 0]
[1, 0, 0]
[1, 1, 0]
[1, 0, 0]
[0, 0, 1]
[1, 0, 0]
[1, 1, 0]
[1, 0, 0]
[1, 1, 0]
[0, 0, 0]
[1, 1, 0]
[1, 1, 0]
[1, 0, 0]
[0, 0, 0]
[1, 0, 0]
[0, 0, 0]
[1, 0, 0]
[1, 0, 0]
[1, 0, 0]
[1, 1, 0]
[1, 1, 0]
[1, 0, 0]
[1, 0, 0]
[1, 0, 0]
[1, 0, 0]
[1, 0, 0]
[1, 0, 0]
[1, 0, 0]
[1, 0, 0]
[0, 0, 0]
[1, 0, 0]
[0, 0, 0]
[1, 1, 0]
[1, 1, 0]
[1, 0, 0]
[0, 0, 0]
[1, 0, 0]
[1, 0, 0]
[1, 1, 0]
[1, 0, 0]
[1, 0, 0]
[1, 0, 0]
[0, 0, 0]
[1, 1, 0]
[1, 1, 0]
[1, 1, 0]
[1, 0, 0]
[1, 1, 0]
[0, 0, 0]
[0, 0, 1]
[0, 0, 0]
[0, 0, 0]
[0, 0, 0]
[0, 0, 0]
[1, 0, 0]
[1, 0, 0]
[1, 0, 0]
[0, 0, 0]
[0, 0, 0]
[0, 0, 1]
[1, 1, 0]
[1, 1, 0]
[1, 0, 0]
[1, 0, 0]
[1, 0, 0]
[1, 1, 0]
[0, 0, 0]
[1, 0, 0]
[0, 0, 0]
[0, 0, 0]
[1, 1, 0]
[0, 0, 0]
Genotipos:
[2, 2, 0]
[2, 0, 0]
[1, 2, 0]
[1, 0, 0]
[1, 0, 0]
[1, 2, 0]
[1, 2, 0]
[1, 2, 0]
[1, 2, 0]
[2, 0, 2]
[1, 2, 0]
[2, 2, 0]
[1, 1, 0]
[2, 0, 0]
[2, 0, 0]
[1, 0, 0]
[1, 2, 0]
[1, 2, 0]
[1, 0, 0]
[1, 0, 0]
[1, 0, 0]
[2, 0, 0]
[2, 0, 0]
[1, 1, 0]
[2, 0, 0]
[1, 0, 0]
[1, 2, 0]
[1, 0, 0]
[2, 2, 0]
[1, 1, 0]
[1, 2, 0]
[0, 0, 2]
[0, 0, 0]
[0, 0, 0]
[1, 0, 0]
[2, 0, 0]
[0, 0, 2]
[1, 1, 0]
[1, 0, 0]
[1, 2, 0]
[2, 0, 0]
[0, 0, 0]
[2, 2, 0]
Solving...
######
instances/ms_86_3.txt,0,43,3,0,0.09268099999999968,1868860,112291
