Instancia:  instances/ms_84_3.txt
# Parámetros de la instancia
Número de haplotipos: 84
Número de genotipos: 42
Cantidad de sitios polimórficos: 3
Haplotipos:
[1, 0, 0]
[1, 0, 0]
[1, 0, 0]
[1, 0, 0]
[0, 1, 0]
[1, 0, 0]
[1, 0, 0]
[0, 1, 0]
[1, 0, 0]
[0, 1, 0]
[0, 1, 0]
[0, 1, 0]
[1, 0, 0]
[1, 0, 0]
[1, 0, 0]
[1, 0, 0]
[0, 1, 0]
[1, 0, 0]
[1, 0, 0]
[0, 1, 0]
[0, 1, 0]
[1, 0, 0]
[0, 1, 0]
[1, 0, 0]
[0, 1, 0]
[0, 1, 0]
[1, 0, 0]
[0, 1, 0]
[0, 1, 0]
[1, 0, 0]
[1, 0, 0]
[0, 1, 1]
[1, 0, 0]
[1, 0, 0]
[0, 1, 0]
[0, 1, 0]
[1, 0, 0]
[0, 1, 0]
[1, 0, 0]
[0, 1, 0]
[0, 1, 1]
[0, 1, 0]
[0, 1, 0]
[1, 0, 0]
[1, 0, 0]
[1, 0, 0]
[1, 0, 0]
[1, 0, 0]
[1, 0, 0]
[1, 0, 0]
[0, 1, 0]
[1, 0, 0]
[0, 1, 0]
[0, 1, 0]
[1, 0, 0]
[0, 1, 0]
[1, 0, 0]
[1, 0, 0]
[0, 1, 0]
[1, 0, 0]
[0, 1, 0]
[1, 0, 0]
[1, 0, 0]
[0, 1, 0]
[0, 1, 0]
[1, 0, 0]
[1, 0, 0]
[0, 1, 0]
[0, 1, 0]
[0, 1, 0]
[1, 0, 0]
[0, 1, 1]
[0, 1, 0]
[1, 0, 0]
[1, 0, 0]
[1, 0, 0]
[0, 1, 0]
[1, 0, 0]
[1, 0, 0]
[1, 0, 0]
[1, 0, 0]
[0, 1, 0]
[1, 0, 0]
[1, 0, 0]
Genotipos:
[1, 0, 0]
[1, 0, 0]
[2, 2, 0]
[2, 2, 0]
[2, 2, 0]
[0, 1, 0]
[1, 0, 0]
[1, 0, 0]
[2, 2, 0]
[2, 2, 0]
[2, 2, 0]
[2, 2, 0]
[0, 1, 0]
[2, 2, 0]
[2, 2, 0]
[2, 2, 2]
[1, 0, 0]
[0, 1, 0]
[2, 2, 0]
[2, 2, 0]
[0, 1, 2]
[2, 2, 0]
[1, 0, 0]
[1, 0, 0]
[1, 0, 0]
[2, 2, 0]
[0, 1, 0]
[2, 2, 0]
[1, 0, 0]
[2, 2, 0]
[2, 2, 0]
[2, 2, 0]
[2, 2, 0]
[2, 2, 0]
[0, 1, 0]
[2, 2, 2]
[2, 2, 0]
[1, 0, 0]
[2, 2, 0]
[1, 0, 0]
[2, 2, 0]
[1, 0, 0]
Solving...
######
instances/ms_84_3.txt,0,42,3,0,0.20827200000000023,1760484,182421
