Instancia:  instances/ms_8_12.txt
# Parámetros de la instancia
Número de haplotipos: 8
Número de genotipos: 4
Cantidad de sitios polimórficos: 12
Haplotipos:
[0, 0, 0, 1, 0, 0, 0, 0, 0, 0, 0, 0]
[0, 0, 1, 1, 0, 0, 0, 0, 0, 1, 0, 1]
[0, 0, 0, 0, 1, 1, 0, 0, 0, 0, 0, 0]
[0, 1, 0, 1, 0, 0, 0, 0, 1, 0, 0, 0]
[0, 0, 0, 1, 0, 0, 0, 0, 1, 0, 1, 0]
[1, 0, 0, 0, 0, 0, 0, 0, 0, 0, 0, 0]
[0, 0, 0, 1, 0, 0, 0, 0, 0, 0, 0, 0]
[1, 0, 0, 0, 0, 0, 1, 1, 0, 0, 0, 0]
Genotipos:
[0, 0, 2, 1, 0, 0, 0, 0, 0, 2, 0, 2]
[0, 2, 0, 2, 2, 2, 0, 0, 2, 0, 0, 0]
[2, 0, 0, 2, 0, 0, 0, 0, 2, 0, 2, 0]
[2, 0, 0, 2, 0, 0, 2, 2, 0, 0, 0, 0]
Solving...
######
instances/ms_8_12.txt,0,4,12,0,0.0009879999999999958,3920,11918
