Instancia:  instances/ms_8_11.txt
# Parámetros de la instancia
Número de haplotipos: 8
Número de genotipos: 4
Cantidad de sitios polimórficos: 11
Haplotipos:
[0, 0, 0, 1, 0, 0, 1, 0, 0, 1, 0]
[0, 0, 0, 0, 0, 0, 0, 0, 0, 0, 0]
[0, 0, 0, 0, 0, 0, 1, 0, 1, 1, 0]
[0, 0, 0, 0, 0, 1, 0, 1, 0, 0, 1]
[0, 0, 1, 0, 0, 1, 0, 1, 0, 0, 1]
[0, 0, 0, 0, 0, 1, 0, 1, 0, 0, 1]
[0, 0, 0, 0, 0, 1, 0, 1, 0, 0, 1]
[1, 1, 0, 0, 1, 1, 0, 1, 0, 0, 1]
Genotipos:
[0, 0, 0, 2, 0, 0, 2, 0, 0, 2, 0]
[0, 0, 0, 0, 0, 2, 2, 2, 2, 2, 2]
[0, 0, 2, 0, 0, 1, 0, 1, 0, 0, 1]
[2, 2, 0, 0, 2, 1, 0, 1, 0, 0, 1]
Solving...
######
instances/ms_8_11.txt,0,4,11,0,0.0014959999999999973,3546,8887
