Instancia:  instances/ms_88_8.txt
# Parámetros de la instancia
Número de haplotipos: 88
Número de genotipos: 44
Cantidad de sitios polimórficos: 8
Haplotipos:
[0, 1, 0, 1, 0, 1, 0, 0]
[1, 1, 0, 1, 0, 1, 0, 0]
[0, 0, 0, 0, 1, 0, 1, 0]
[0, 1, 0, 1, 0, 1, 0, 0]
[0, 1, 0, 1, 0, 1, 0, 0]
[0, 1, 0, 1, 0, 1, 0, 0]
[0, 0, 0, 0, 1, 0, 1, 0]
[0, 1, 0, 1, 0, 1, 0, 0]
[0, 1, 0, 1, 0, 1, 0, 0]
[0, 0, 0, 0, 1, 0, 1, 0]
[0, 1, 0, 1, 0, 1, 0, 0]
[0, 1, 0, 1, 0, 1, 0, 0]
[0, 1, 0, 1, 0, 1, 0, 0]
[0, 1, 0, 1, 0, 1, 0, 0]
[0, 1, 0, 1, 0, 1, 0, 0]
[0, 1, 0, 1, 0, 1, 0, 0]
[0, 1, 0, 1, 0, 1, 0, 0]
[0, 1, 0, 1, 0, 1, 0, 0]
[0, 1, 0, 1, 0, 1, 0, 0]
[0, 1, 0, 1, 0, 0, 0, 0]
[0, 1, 0, 1, 0, 1, 0, 0]
[0, 1, 0, 1, 0, 1, 0, 0]
[0, 1, 0, 1, 0, 1, 0, 0]
[0, 1, 0, 1, 0, 1, 0, 0]
[0, 1, 0, 1, 0, 1, 0, 0]
[0, 1, 0, 1, 0, 1, 0, 0]
[0, 1, 1, 1, 0, 1, 0, 0]
[0, 1, 0, 1, 0, 1, 0, 0]
[0, 1, 1, 1, 0, 1, 0, 0]
[0, 1, 0, 1, 0, 1, 0, 0]
[0, 1, 0, 1, 0, 1, 0, 0]
[0, 1, 0, 1, 0, 1, 0, 0]
[0, 1, 0, 1, 0, 1, 0, 0]
[0, 1, 0, 1, 0, 1, 0, 0]
[0, 1, 0, 1, 0, 1, 0, 0]
[0, 1, 0, 1, 0, 1, 0, 0]
[0, 1, 0, 1, 0, 1, 0, 0]
[1, 1, 0, 1, 0, 1, 0, 0]
[0, 1, 0, 1, 0, 1, 0, 0]
[0, 1, 1, 1, 0, 1, 0, 0]
[0, 1, 0, 1, 0, 1, 0, 0]
[0, 1, 0, 1, 0, 1, 0, 0]
[0, 0, 0, 0, 1, 0, 1, 0]
[0, 1, 0, 1, 0, 1, 0, 0]
[0, 1, 0, 1, 0, 1, 0, 0]
[0, 1, 1, 1, 0, 1, 0, 0]
[0, 1, 0, 1, 0, 1, 0, 0]
[0, 1, 0, 1, 0, 1, 0, 0]
[0, 1, 1, 1, 0, 1, 0, 0]
[0, 1, 0, 1, 0, 1, 0, 0]
[0, 1, 1, 1, 0, 1, 0, 0]
[0, 1, 0, 1, 0, 1, 0, 0]
[0, 1, 0, 1, 0, 1, 0, 0]
[0, 1, 0, 1, 0, 1, 0, 1]
[0, 1, 0, 1, 0, 1, 0, 0]
[0, 1, 0, 1, 0, 1, 0, 0]
[0, 1, 0, 1, 0, 1, 0, 0]
[0, 1, 0, 1, 0, 1, 0, 0]
[0, 1, 0, 1, 0, 1, 0, 0]
[0, 1, 0, 1, 0, 1, 0, 0]
[0, 1, 0, 1, 0, 1, 0, 0]
[0, 0, 0, 0, 1, 0, 1, 0]
[0, 1, 0, 1, 0, 1, 0, 0]
[0, 1, 0, 1, 0, 1, 0, 0]
[0, 1, 0, 1, 0, 1, 0, 0]
[0, 1, 0, 1, 0, 1, 0, 0]
[0, 0, 0, 0, 1, 0, 1, 0]
[0, 1, 0, 1, 0, 1, 0, 0]
[0, 1, 0, 1, 0, 1, 0, 0]
[0, 1, 0, 1, 0, 1, 0, 0]
[0, 1, 0, 1, 0, 1, 0, 0]
[0, 1, 0, 1, 0, 1, 0, 0]
[0, 1, 0, 1, 0, 1, 0, 0]
[0, 1, 0, 1, 0, 1, 0, 0]
[0, 1, 0, 1, 0, 1, 0, 0]
[0, 1, 0, 1, 0, 1, 0, 0]
[0, 1, 0, 1, 0, 1, 0, 0]
[0, 1, 0, 1, 0, 1, 0, 0]
[0, 1, 0, 1, 0, 1, 0, 0]
[0, 1, 0, 1, 0, 1, 0, 0]
[0, 1, 0, 1, 0, 1, 0, 0]
[0, 1, 0, 1, 0, 1, 0, 0]
[0, 1, 0, 1, 0, 1, 0, 0]
[1, 1, 0, 1, 0, 1, 0, 0]
[0, 1, 0, 1, 0, 1, 0, 0]
[0, 1, 0, 1, 0, 1, 0, 0]
[0, 0, 0, 0, 1, 0, 1, 0]
[0, 1, 0, 1, 0, 1, 0, 0]
Genotipos:
[2, 1, 0, 1, 0, 1, 0, 0]
[0, 2, 0, 2, 2, 2, 2, 0]
[0, 1, 0, 1, 0, 1, 0, 0]
[0, 2, 0, 2, 2, 2, 2, 0]
[0, 2, 0, 2, 2, 2, 2, 0]
[0, 1, 0, 1, 0, 1, 0, 0]
[0, 1, 0, 1, 0, 1, 0, 0]
[0, 1, 0, 1, 0, 1, 0, 0]
[0, 1, 0, 1, 0, 1, 0, 0]
[0, 1, 0, 1, 0, 2, 0, 0]
[0, 1, 0, 1, 0, 1, 0, 0]
[0, 1, 0, 1, 0, 1, 0, 0]
[0, 1, 0, 1, 0, 1, 0, 0]
[0, 1, 2, 1, 0, 1, 0, 0]
[0, 1, 2, 1, 0, 1, 0, 0]
[0, 1, 0, 1, 0, 1, 0, 0]
[0, 1, 0, 1, 0, 1, 0, 0]
[0, 1, 0, 1, 0, 1, 0, 0]
[2, 1, 0, 1, 0, 1, 0, 0]
[0, 1, 2, 1, 0, 1, 0, 0]
[0, 1, 0, 1, 0, 1, 0, 0]
[0, 2, 0, 2, 2, 2, 2, 0]
[0, 1, 2, 1, 0, 1, 0, 0]
[0, 1, 0, 1, 0, 1, 0, 0]
[0, 1, 2, 1, 0, 1, 0, 0]
[0, 1, 2, 1, 0, 1, 0, 0]
[0, 1, 0, 1, 0, 1, 0, 2]
[0, 1, 0, 1, 0, 1, 0, 0]
[0, 1, 0, 1, 0, 1, 0, 0]
[0, 1, 0, 1, 0, 1, 0, 0]
[0, 2, 0, 2, 2, 2, 2, 0]
[0, 1, 0, 1, 0, 1, 0, 0]
[0, 1, 0, 1, 0, 1, 0, 0]
[0, 2, 0, 2, 2, 2, 2, 0]
[0, 1, 0, 1, 0, 1, 0, 0]
[0, 1, 0, 1, 0, 1, 0, 0]
[0, 1, 0, 1, 0, 1, 0, 0]
[0, 1, 0, 1, 0, 1, 0, 0]
[0, 1, 0, 1, 0, 1, 0, 0]
[0, 1, 0, 1, 0, 1, 0, 0]
[0, 1, 0, 1, 0, 1, 0, 0]
[2, 1, 0, 1, 0, 1, 0, 0]
[0, 1, 0, 1, 0, 1, 0, 0]
[0, 2, 0, 2, 2, 2, 2, 0]
Solving...
######
instances/ms_88_8.txt,0,44,8,0,0.5575969999999998,2240608,448584
