Instancia:  instances/ms_8_14.txt
# Parámetros de la instancia
Número de haplotipos: 8
Número de genotipos: 4
Cantidad de sitios polimórficos: 14
Haplotipos:
[0, 0, 1, 0, 0, 1, 0, 0, 0, 0, 1, 0, 1, 1]
[0, 0, 0, 0, 0, 0, 0, 0, 0, 0, 0, 0, 0, 0]
[0, 1, 0, 0, 1, 0, 0, 0, 0, 0, 0, 1, 0, 0]
[0, 0, 1, 1, 0, 0, 1, 1, 1, 1, 1, 0, 0, 1]
[1, 0, 0, 0, 0, 0, 0, 0, 0, 0, 0, 0, 0, 0]
[0, 0, 1, 0, 0, 1, 0, 0, 0, 0, 1, 0, 0, 1]
[1, 0, 0, 0, 0, 0, 0, 0, 0, 0, 0, 0, 0, 0]
[0, 0, 1, 0, 0, 1, 0, 0, 0, 0, 1, 0, 0, 1]
Genotipos:
[0, 0, 2, 0, 0, 2, 0, 0, 0, 0, 2, 0, 2, 2]
[0, 2, 2, 2, 2, 0, 2, 2, 2, 2, 2, 2, 0, 2]
[2, 0, 2, 0, 0, 2, 0, 0, 0, 0, 2, 0, 0, 2]
[2, 0, 2, 0, 0, 2, 0, 0, 0, 0, 2, 0, 0, 2]
Solving...
######
instances/ms_8_14.txt,0,4,14,0,0.002360000000000001,4900,22232
