Instancia:  instances/ms_84_4.txt
# Parámetros de la instancia
Número de haplotipos: 84
Número de genotipos: 42
Cantidad de sitios polimórficos: 4
Haplotipos:
[0, 0, 1, 0]
[0, 0, 0, 0]
[0, 0, 0, 0]
[1, 0, 0, 0]
[1, 0, 0, 0]
[1, 0, 0, 0]
[1, 0, 0, 0]
[0, 1, 0, 0]
[0, 0, 0, 0]
[1, 0, 0, 0]
[0, 0, 0, 0]
[0, 0, 0, 0]
[0, 0, 0, 0]
[1, 0, 0, 0]
[0, 0, 0, 0]
[0, 0, 1, 0]
[1, 0, 0, 0]
[0, 0, 1, 0]
[1, 0, 0, 0]
[1, 0, 0, 0]
[0, 0, 0, 0]
[0, 0, 1, 0]
[0, 0, 0, 0]
[1, 0, 0, 0]
[0, 0, 1, 0]
[0, 0, 1, 0]
[0, 0, 1, 0]
[0, 0, 0, 0]
[0, 0, 0, 0]
[0, 0, 1, 0]
[1, 0, 0, 0]
[0, 0, 1, 0]
[0, 0, 0, 0]
[0, 0, 0, 0]
[0, 0, 0, 1]
[1, 0, 0, 0]
[0, 0, 1, 0]
[0, 0, 1, 0]
[0, 0, 0, 0]
[0, 0, 0, 0]
[1, 0, 0, 0]
[1, 0, 0, 0]
[0, 0, 1, 0]
[0, 0, 0, 0]
[0, 0, 1, 0]
[1, 0, 0, 0]
[1, 0, 0, 0]
[0, 0, 1, 0]
[0, 0, 0, 0]
[0, 0, 0, 0]
[0, 0, 0, 0]
[0, 0, 0, 0]
[1, 0, 0, 0]
[0, 0, 1, 0]
[0, 0, 0, 0]
[1, 0, 0, 0]
[1, 0, 0, 0]
[0, 0, 0, 0]
[1, 0, 0, 0]
[0, 0, 0, 0]
[1, 0, 0, 0]
[1, 0, 0, 0]
[1, 0, 0, 0]
[0, 0, 0, 0]
[0, 0, 0, 0]
[0, 0, 0, 0]
[0, 0, 0, 0]
[0, 0, 1, 0]
[1, 0, 0, 0]
[0, 0, 1, 0]
[1, 0, 0, 0]
[1, 0, 0, 0]
[0, 0, 0, 0]
[0, 0, 0, 0]
[1, 0, 0, 0]
[0, 0, 0, 1]
[0, 0, 0, 0]
[1, 0, 0, 0]
[0, 0, 1, 0]
[1, 0, 0, 0]
[0, 0, 0, 0]
[1, 0, 0, 0]
[1, 0, 0, 0]
[1, 0, 0, 0]
Genotipos:
[0, 0, 2, 0]
[2, 0, 0, 0]
[1, 0, 0, 0]
[2, 2, 0, 0]
[2, 0, 0, 0]
[0, 0, 0, 0]
[2, 0, 0, 0]
[0, 0, 2, 0]
[2, 0, 2, 0]
[1, 0, 0, 0]
[0, 0, 2, 0]
[2, 0, 0, 0]
[0, 0, 1, 0]
[0, 0, 2, 0]
[0, 0, 2, 0]
[2, 0, 2, 0]
[0, 0, 0, 0]
[2, 0, 0, 2]
[0, 0, 1, 0]
[0, 0, 0, 0]
[1, 0, 0, 0]
[0, 0, 2, 0]
[2, 0, 2, 0]
[2, 0, 2, 0]
[0, 0, 0, 0]
[0, 0, 0, 0]
[2, 0, 2, 0]
[2, 0, 0, 0]
[2, 0, 0, 0]
[2, 0, 0, 0]
[1, 0, 0, 0]
[2, 0, 0, 0]
[0, 0, 0, 0]
[0, 0, 2, 0]
[2, 0, 2, 0]
[1, 0, 0, 0]
[0, 0, 0, 0]
[2, 0, 0, 2]
[2, 0, 0, 0]
[2, 0, 2, 0]
[2, 0, 0, 0]
[1, 0, 0, 0]
Solving...
######
instances/ms_84_4.txt,0,42,4,0,0.01707800000000001,1788680,175430
