Instancia:  instances/ms_88_3.txt
# Parámetros de la instancia
Número de haplotipos: 88
Número de genotipos: 44
Cantidad de sitios polimórficos: 3
Haplotipos:
[0, 0, 0]
[0, 0, 0]
[0, 0, 0]
[0, 0, 0]
[0, 0, 0]
[0, 0, 0]
[0, 0, 0]
[1, 0, 0]
[0, 0, 0]
[0, 0, 0]
[0, 0, 0]
[0, 0, 0]
[0, 0, 0]
[0, 0, 0]
[0, 0, 0]
[0, 0, 0]
[0, 1, 1]
[0, 0, 0]
[1, 0, 0]
[1, 0, 0]
[1, 0, 0]
[0, 0, 0]
[0, 0, 0]
[0, 0, 0]
[0, 0, 0]
[0, 1, 1]
[0, 0, 0]
[0, 0, 0]
[0, 0, 0]
[0, 0, 0]
[0, 0, 0]
[0, 0, 0]
[0, 0, 0]
[0, 0, 0]
[0, 0, 0]
[1, 0, 0]
[0, 0, 0]
[0, 0, 0]
[0, 0, 0]
[0, 0, 0]
[0, 0, 0]
[0, 0, 0]
[0, 0, 0]
[0, 0, 0]
[0, 0, 0]
[0, 0, 0]
[1, 0, 0]
[0, 1, 0]
[0, 0, 0]
[0, 0, 0]
[0, 0, 0]
[0, 0, 0]
[0, 0, 0]
[0, 0, 0]
[0, 0, 0]
[0, 0, 0]
[0, 0, 0]
[1, 0, 0]
[0, 0, 0]
[0, 0, 0]
[0, 0, 0]
[0, 0, 0]
[0, 0, 0]
[0, 0, 0]
[0, 0, 0]
[0, 0, 0]
[0, 0, 0]
[0, 0, 0]
[0, 0, 0]
[0, 0, 0]
[0, 1, 0]
[0, 0, 0]
[0, 0, 0]
[0, 1, 0]
[0, 0, 0]
[0, 0, 0]
[0, 1, 1]
[0, 0, 0]
[0, 0, 0]
[0, 1, 0]
[0, 0, 0]
[0, 0, 0]
[0, 0, 0]
[1, 0, 0]
[0, 0, 0]
[0, 0, 0]
[0, 0, 0]
[1, 0, 0]
Genotipos:
[0, 0, 0]
[0, 0, 0]
[0, 0, 0]
[2, 0, 0]
[0, 0, 0]
[0, 0, 0]
[0, 0, 0]
[0, 0, 0]
[0, 2, 2]
[1, 0, 0]
[2, 0, 0]
[0, 0, 0]
[0, 2, 2]
[0, 0, 0]
[0, 0, 0]
[0, 0, 0]
[0, 0, 0]
[2, 0, 0]
[0, 0, 0]
[0, 0, 0]
[0, 0, 0]
[0, 0, 0]
[0, 0, 0]
[2, 2, 0]
[0, 0, 0]
[0, 0, 0]
[0, 0, 0]
[0, 0, 0]
[2, 0, 0]
[0, 0, 0]
[0, 0, 0]
[0, 0, 0]
[0, 0, 0]
[0, 0, 0]
[0, 0, 0]
[0, 2, 0]
[0, 2, 0]
[0, 0, 0]
[0, 2, 2]
[0, 2, 0]
[0, 0, 0]
[2, 0, 0]
[0, 0, 0]
[2, 0, 0]
Solving...
######
instances/ms_88_3.txt,0,44,3,0,0.07344700000000001,1975764,67524
