Instancia:  instances/ms_88_11.txt
# Parámetros de la instancia
Número de haplotipos: 88
Número de genotipos: 44
Cantidad de sitios polimórficos: 11
Haplotipos:
[0, 0, 1, 0, 0, 0, 0, 0, 0, 0, 0]
[1, 0, 1, 0, 0, 0, 0, 0, 0, 0, 1]
[0, 0, 1, 0, 0, 0, 0, 0, 0, 0, 0]
[0, 0, 0, 1, 0, 0, 0, 0, 0, 1, 0]
[1, 0, 1, 0, 0, 0, 0, 0, 0, 0, 1]
[0, 0, 1, 0, 0, 0, 0, 1, 1, 0, 0]
[0, 0, 1, 0, 0, 0, 0, 1, 1, 0, 0]
[0, 0, 1, 0, 0, 1, 0, 1, 1, 0, 0]
[0, 0, 1, 0, 0, 0, 0, 1, 1, 0, 0]
[0, 0, 1, 0, 0, 0, 0, 1, 1, 0, 0]
[1, 0, 1, 0, 0, 0, 0, 0, 0, 0, 1]
[1, 0, 1, 0, 0, 0, 0, 0, 0, 0, 1]
[0, 0, 0, 1, 0, 0, 0, 0, 0, 1, 0]
[1, 0, 1, 0, 0, 0, 0, 0, 0, 0, 1]
[0, 0, 1, 0, 0, 0, 0, 0, 0, 0, 0]
[0, 0, 1, 0, 0, 0, 0, 1, 1, 0, 0]
[0, 0, 0, 1, 0, 0, 0, 0, 0, 1, 0]
[0, 0, 0, 1, 0, 0, 0, 0, 0, 1, 0]
[0, 0, 1, 0, 0, 0, 0, 0, 0, 0, 0]
[1, 0, 1, 0, 0, 0, 0, 0, 0, 0, 0]
[0, 0, 0, 1, 0, 0, 0, 0, 0, 1, 0]
[0, 0, 0, 1, 0, 0, 0, 0, 0, 1, 0]
[0, 0, 0, 1, 0, 0, 0, 0, 0, 1, 0]
[1, 0, 1, 0, 0, 0, 0, 0, 0, 0, 1]
[0, 0, 0, 1, 0, 0, 0, 0, 0, 1, 0]
[0, 0, 0, 1, 0, 0, 0, 0, 0, 1, 0]
[0, 0, 0, 1, 0, 0, 0, 0, 0, 1, 0]
[1, 0, 1, 0, 0, 0, 0, 0, 0, 0, 1]
[0, 0, 0, 1, 0, 0, 0, 0, 0, 1, 0]
[0, 0, 1, 0, 0, 0, 0, 1, 1, 0, 0]
[1, 0, 1, 0, 0, 0, 0, 0, 0, 0, 1]
[0, 0, 0, 1, 0, 0, 0, 0, 0, 1, 0]
[1, 0, 1, 0, 0, 0, 0, 0, 0, 0, 0]
[1, 0, 1, 0, 0, 0, 0, 0, 0, 0, 0]
[0, 0, 0, 1, 0, 0, 0, 0, 0, 1, 0]
[1, 0, 1, 0, 0, 0, 0, 0, 0, 0, 1]
[1, 0, 1, 0, 0, 0, 0, 0, 0, 0, 1]
[0, 0, 0, 1, 0, 0, 0, 0, 0, 1, 0]
[1, 0, 1, 0, 0, 0, 0, 0, 0, 0, 0]
[1, 0, 1, 0, 0, 0, 0, 0, 0, 0, 1]
[1, 0, 1, 0, 0, 0, 0, 0, 0, 0, 1]
[1, 0, 1, 0, 0, 0, 0, 0, 0, 0, 1]
[1, 0, 1, 0, 0, 0, 0, 0, 0, 0, 1]
[1, 0, 1, 0, 0, 0, 0, 0, 0, 0, 1]
[0, 0, 1, 0, 0, 0, 0, 0, 0, 0, 0]
[1, 0, 1, 0, 0, 0, 0, 0, 0, 0, 0]
[1, 0, 1, 0, 0, 0, 0, 0, 0, 0, 1]
[0, 0, 0, 1, 0, 0, 0, 0, 0, 1, 0]
[0, 0, 1, 0, 0, 0, 0, 1, 1, 0, 0]
[1, 0, 1, 0, 0, 0, 0, 0, 0, 0, 0]
[1, 0, 1, 0, 0, 0, 0, 0, 0, 0, 0]
[1, 0, 1, 0, 0, 0, 0, 0, 0, 0, 0]
[0, 0, 0, 1, 0, 0, 0, 0, 0, 1, 0]
[0, 0, 0, 1, 0, 0, 0, 0, 0, 1, 0]
[0, 0, 0, 1, 0, 0, 0, 0, 0, 1, 0]
[0, 0, 1, 0, 0, 0, 0, 1, 1, 0, 0]
[0, 0, 1, 0, 0, 0, 0, 1, 1, 0, 0]
[0, 0, 1, 0, 0, 0, 1, 1, 1, 0, 0]
[0, 0, 1, 0, 0, 0, 0, 1, 1, 0, 0]
[1, 0, 1, 0, 0, 0, 0, 0, 0, 0, 1]
[0, 0, 0, 1, 0, 0, 0, 0, 0, 1, 0]
[1, 0, 1, 0, 0, 0, 0, 0, 0, 0, 0]
[1, 0, 1, 0, 1, 0, 0, 0, 0, 0, 0]
[1, 0, 1, 0, 0, 0, 0, 0, 0, 0, 1]
[0, 0, 0, 1, 0, 0, 0, 0, 0, 1, 0]
[1, 0, 1, 0, 0, 0, 0, 0, 0, 0, 0]
[0, 0, 0, 1, 0, 0, 0, 0, 0, 1, 0]
[1, 0, 1, 0, 0, 0, 0, 0, 0, 0, 1]
[0, 0, 0, 1, 0, 0, 0, 0, 0, 1, 0]
[0, 0, 1, 0, 0, 0, 0, 0, 0, 0, 0]
[1, 0, 1, 0, 0, 0, 0, 0, 0, 0, 1]
[0, 0, 0, 1, 0, 0, 0, 0, 0, 1, 0]
[1, 0, 1, 0, 0, 0, 0, 0, 0, 0, 1]
[0, 0, 0, 1, 0, 0, 0, 0, 0, 1, 0]
[0, 0, 0, 1, 0, 0, 0, 0, 0, 1, 0]
[0, 0, 0, 1, 0, 0, 0, 0, 0, 1, 0]
[0, 0, 1, 0, 0, 0, 1, 1, 1, 0, 0]
[0, 0, 0, 1, 0, 0, 0, 0, 0, 1, 0]
[0, 0, 0, 1, 0, 0, 0, 0, 0, 1, 0]
[0, 0, 0, 1, 0, 0, 0, 0, 0, 1, 0]
[0, 0, 0, 1, 0, 0, 0, 0, 0, 1, 0]
[1, 0, 1, 0, 0, 0, 0, 0, 0, 0, 1]
[0, 1, 0, 1, 0, 0, 0, 0, 0, 1, 0]
[1, 0, 1, 0, 0, 0, 0, 0, 0, 0, 1]
[0, 0, 0, 1, 0, 0, 0, 0, 0, 1, 0]
[1, 0, 1, 0, 0, 0, 0, 0, 0, 0, 1]
[0, 0, 1, 0, 0, 0, 0, 1, 1, 0, 0]
[0, 0, 0, 1, 0, 0, 0, 0, 0, 1, 0]
Genotipos:
[2, 0, 1, 0, 0, 0, 0, 0, 0, 0, 2]
[0, 0, 2, 2, 0, 0, 0, 0, 0, 2, 0]
[2, 0, 1, 0, 0, 0, 0, 2, 2, 0, 2]
[0, 0, 1, 0, 0, 2, 0, 1, 1, 0, 0]
[0, 0, 1, 0, 0, 0, 0, 1, 1, 0, 0]
[1, 0, 1, 0, 0, 0, 0, 0, 0, 0, 1]
[2, 0, 2, 2, 0, 0, 0, 0, 0, 2, 2]
[0, 0, 1, 0, 0, 0, 0, 2, 2, 0, 0]
[0, 0, 0, 1, 0, 0, 0, 0, 0, 1, 0]
[2, 0, 1, 0, 0, 0, 0, 0, 0, 0, 0]
[0, 0, 0, 1, 0, 0, 0, 0, 0, 1, 0]
[2, 0, 2, 2, 0, 0, 0, 0, 0, 2, 2]
[0, 0, 0, 1, 0, 0, 0, 0, 0, 1, 0]
[2, 0, 2, 2, 0, 0, 0, 0, 0, 2, 2]
[0, 0, 2, 2, 0, 0, 0, 2, 2, 2, 0]
[2, 0, 2, 2, 0, 0, 0, 0, 0, 2, 2]
[1, 0, 1, 0, 0, 0, 0, 0, 0, 0, 0]
[2, 0, 2, 2, 0, 0, 0, 0, 0, 2, 2]
[2, 0, 2, 2, 0, 0, 0, 0, 0, 2, 2]
[1, 0, 1, 0, 0, 0, 0, 0, 0, 0, 2]
[1, 0, 1, 0, 0, 0, 0, 0, 0, 0, 1]
[1, 0, 1, 0, 0, 0, 0, 0, 0, 0, 1]
[2, 0, 1, 0, 0, 0, 0, 0, 0, 0, 0]
[2, 0, 2, 2, 0, 0, 0, 0, 0, 2, 2]
[2, 0, 1, 0, 0, 0, 0, 2, 2, 0, 0]
[1, 0, 1, 0, 0, 0, 0, 0, 0, 0, 0]
[0, 0, 0, 1, 0, 0, 0, 0, 0, 1, 0]
[0, 0, 2, 2, 0, 0, 0, 2, 2, 2, 0]
[0, 0, 1, 0, 0, 0, 2, 1, 1, 0, 0]
[2, 0, 1, 0, 0, 0, 0, 2, 2, 0, 2]
[2, 0, 2, 2, 0, 0, 0, 0, 0, 2, 0]
[1, 0, 1, 0, 2, 0, 0, 0, 0, 0, 2]
[2, 0, 2, 2, 0, 0, 0, 0, 0, 2, 0]
[2, 0, 2, 2, 0, 0, 0, 0, 0, 2, 2]
[0, 0, 2, 2, 0, 0, 0, 0, 0, 2, 0]
[2, 0, 2, 2, 0, 0, 0, 0, 0, 2, 2]
[2, 0, 2, 2, 0, 0, 0, 0, 0, 2, 2]
[0, 0, 0, 1, 0, 0, 0, 0, 0, 1, 0]
[0, 0, 2, 2, 0, 0, 2, 2, 2, 2, 0]
[0, 0, 0, 1, 0, 0, 0, 0, 0, 1, 0]
[2, 0, 2, 2, 0, 0, 0, 0, 0, 2, 2]
[2, 2, 2, 2, 0, 0, 0, 0, 0, 2, 2]
[2, 0, 2, 2, 0, 0, 0, 0, 0, 2, 2]
[0, 0, 2, 2, 0, 0, 0, 2, 2, 2, 0]
Solving...
######
instances/ms_88_11.txt,0,44,11,0,2.089807,2463644,1688600
