Instancia:  instances/ms_92_7.txt
# Parámetros de la instancia
Número de haplotipos: 92
Número de genotipos: 46
Cantidad de sitios polimórficos: 7
Haplotipos:
[1, 0, 1, 0, 0, 0, 0]
[1, 0, 1, 0, 0, 0, 0]
[0, 0, 0, 0, 1, 0, 1]
[0, 0, 0, 0, 1, 0, 0]
[0, 0, 0, 0, 1, 1, 0]
[1, 0, 1, 0, 0, 0, 0]
[1, 0, 1, 0, 0, 0, 0]
[1, 0, 1, 0, 0, 0, 0]
[0, 0, 0, 0, 1, 0, 0]
[0, 0, 0, 0, 1, 0, 0]
[1, 0, 1, 0, 0, 0, 0]
[1, 0, 1, 0, 0, 0, 0]
[1, 0, 1, 0, 0, 0, 0]
[1, 0, 1, 0, 0, 0, 0]
[0, 0, 0, 0, 0, 0, 0]
[1, 0, 1, 0, 0, 0, 0]
[0, 0, 0, 0, 1, 0, 0]
[1, 0, 1, 0, 0, 0, 0]
[1, 0, 1, 1, 0, 0, 0]
[1, 0, 1, 0, 0, 0, 0]
[1, 0, 1, 0, 0, 0, 0]
[0, 0, 0, 0, 1, 0, 0]
[1, 0, 1, 1, 0, 0, 0]
[1, 0, 1, 0, 0, 0, 0]
[0, 0, 0, 0, 1, 0, 0]
[1, 0, 1, 1, 0, 0, 0]
[1, 0, 1, 0, 0, 0, 0]
[0, 0, 0, 0, 1, 0, 1]
[1, 0, 1, 0, 0, 0, 0]
[0, 1, 0, 0, 1, 0, 1]
[1, 0, 1, 0, 0, 0, 0]
[0, 0, 0, 0, 1, 0, 0]
[1, 0, 1, 0, 0, 0, 0]
[0, 0, 0, 0, 1, 0, 0]
[0, 0, 0, 0, 1, 0, 1]
[0, 0, 0, 0, 1, 0, 0]
[1, 0, 1, 0, 0, 0, 0]
[1, 0, 1, 0, 0, 0, 0]
[0, 0, 0, 0, 1, 0, 0]
[0, 0, 0, 0, 1, 0, 0]
[0, 0, 0, 0, 1, 0, 0]
[1, 0, 1, 0, 0, 0, 0]
[0, 0, 0, 0, 0, 0, 0]
[0, 0, 0, 0, 1, 0, 1]
[0, 0, 0, 0, 1, 0, 1]
[0, 0, 0, 0, 1, 0, 0]
[1, 0, 1, 0, 0, 0, 0]
[0, 0, 0, 0, 1, 0, 0]
[0, 0, 0, 0, 0, 0, 0]
[0, 0, 0, 0, 1, 0, 1]
[0, 0, 0, 0, 1, 0, 0]
[0, 0, 0, 0, 1, 0, 0]
[0, 0, 0, 0, 0, 0, 0]
[0, 0, 0, 0, 1, 1, 0]
[0, 0, 0, 0, 1, 0, 0]
[1, 0, 1, 0, 0, 0, 0]
[1, 0, 1, 0, 0, 0, 0]
[0, 0, 0, 0, 1, 0, 1]
[0, 0, 0, 0, 1, 0, 0]
[1, 0, 1, 1, 0, 0, 0]
[0, 0, 0, 0, 1, 0, 0]
[0, 0, 0, 0, 1, 0, 1]
[0, 0, 0, 0, 0, 0, 0]
[1, 0, 1, 1, 0, 0, 0]
[0, 0, 0, 0, 0, 0, 0]
[1, 0, 1, 0, 0, 0, 0]
[0, 0, 0, 0, 1, 0, 0]
[1, 0, 1, 0, 0, 0, 0]
[1, 0, 1, 0, 0, 0, 0]
[0, 0, 0, 0, 1, 0, 1]
[0, 0, 0, 0, 1, 0, 0]
[1, 0, 1, 0, 0, 0, 0]
[1, 0, 1, 0, 0, 0, 0]
[1, 0, 1, 0, 0, 0, 0]
[0, 0, 0, 0, 1, 0, 1]
[1, 0, 1, 0, 0, 0, 0]
[0, 0, 0, 0, 1, 0, 0]
[1, 0, 1, 1, 0, 0, 0]
[1, 0, 1, 1, 0, 0, 0]
[1, 0, 1, 0, 0, 0, 0]
[1, 0, 1, 0, 0, 0, 0]
[0, 0, 0, 0, 1, 0, 1]
[0, 0, 0, 0, 1, 0, 0]
[0, 0, 0, 0, 1, 0, 0]
[1, 0, 1, 0, 0, 0, 0]
[0, 0, 0, 0, 1, 0, 1]
[0, 0, 0, 0, 1, 0, 0]
[1, 0, 1, 0, 0, 0, 0]
[1, 0, 1, 0, 0, 0, 0]
[0, 0, 0, 0, 1, 0, 0]
[0, 0, 0, 0, 1, 0, 1]
[0, 0, 0, 0, 0, 0, 0]
Genotipos:
[1, 0, 1, 0, 0, 0, 0]
[0, 0, 0, 0, 1, 0, 2]
[2, 0, 2, 0, 2, 2, 0]
[1, 0, 1, 0, 0, 0, 0]
[0, 0, 0, 0, 1, 0, 0]
[1, 0, 1, 0, 0, 0, 0]
[1, 0, 1, 0, 0, 0, 0]
[2, 0, 2, 0, 0, 0, 0]
[2, 0, 2, 0, 2, 0, 0]
[1, 0, 1, 2, 0, 0, 0]
[2, 0, 2, 0, 2, 0, 0]
[1, 0, 1, 2, 0, 0, 0]
[2, 0, 2, 2, 2, 0, 0]
[2, 0, 2, 0, 2, 0, 2]
[2, 2, 2, 0, 2, 0, 2]
[2, 0, 2, 0, 2, 0, 0]
[2, 0, 2, 0, 2, 0, 0]
[0, 0, 0, 0, 1, 0, 2]
[1, 0, 1, 0, 0, 0, 0]
[0, 0, 0, 0, 1, 0, 0]
[2, 0, 2, 0, 2, 0, 0]
[0, 0, 0, 0, 2, 0, 2]
[0, 0, 0, 0, 1, 0, 2]
[2, 0, 2, 0, 2, 0, 0]
[0, 0, 0, 0, 2, 0, 2]
[0, 0, 0, 0, 1, 0, 0]
[0, 0, 0, 0, 2, 2, 0]
[2, 0, 2, 0, 2, 0, 0]
[2, 0, 2, 0, 2, 0, 2]
[2, 0, 2, 2, 2, 0, 0]
[0, 0, 0, 0, 1, 0, 2]
[2, 0, 2, 2, 0, 0, 0]
[2, 0, 2, 0, 0, 0, 0]
[2, 0, 2, 0, 2, 0, 0]
[2, 0, 2, 0, 2, 0, 2]
[2, 0, 2, 0, 2, 0, 0]
[1, 0, 1, 0, 0, 0, 0]
[2, 0, 2, 0, 2, 0, 2]
[2, 0, 2, 2, 2, 0, 0]
[1, 0, 1, 2, 0, 0, 0]
[2, 0, 2, 0, 2, 0, 2]
[0, 0, 0, 0, 1, 0, 0]
[2, 0, 2, 0, 2, 0, 2]
[2, 0, 2, 0, 2, 0, 0]
[2, 0, 2, 0, 2, 0, 0]
[0, 0, 0, 0, 2, 0, 2]
Solving...
######
instances/ms_92_7.txt,0,46,7,0,0.45838900000000016,2554924,912816
