Instancia:  instances/ms_90_2.txt
# Parámetros de la instancia
Número de haplotipos: 90
Número de genotipos: 45
Cantidad de sitios polimórficos: 2
Haplotipos:
[0, 0]
[0, 0]
[0, 0]
[0, 0]
[1, 0]
[0, 0]
[0, 0]
[0, 0]
[0, 0]
[0, 1]
[0, 0]
[0, 0]
[0, 0]
[0, 0]
[0, 1]
[1, 0]
[0, 1]
[1, 0]
[0, 0]
[0, 1]
[0, 1]
[0, 1]
[0, 1]
[0, 1]
[0, 0]
[0, 0]
[0, 0]
[0, 0]
[0, 0]
[0, 0]
[0, 1]
[0, 1]
[0, 0]
[0, 1]
[0, 0]
[1, 0]
[0, 0]
[0, 0]
[0, 1]
[0, 0]
[0, 1]
[0, 0]
[0, 1]
[0, 0]
[0, 0]
[0, 0]
[0, 0]
[0, 0]
[0, 0]
[1, 0]
[0, 1]
[0, 0]
[0, 0]
[0, 1]
[1, 0]
[1, 0]
[0, 0]
[0, 0]
[0, 0]
[1, 0]
[0, 0]
[0, 0]
[1, 0]
[1, 0]
[1, 0]
[1, 0]
[1, 0]
[0, 1]
[0, 0]
[0, 0]
[0, 0]
[0, 0]
[0, 1]
[0, 0]
[0, 0]
[0, 1]
[0, 0]
[0, 0]
[1, 0]
[0, 1]
[0, 0]
[0, 0]
[0, 0]
[0, 0]
[0, 0]
[1, 0]
[0, 0]
[0, 0]
[0, 1]
[0, 1]
Genotipos:
[0, 0]
[0, 0]
[2, 0]
[0, 0]
[0, 2]
[0, 0]
[0, 0]
[2, 2]
[2, 2]
[0, 2]
[0, 1]
[0, 1]
[0, 0]
[0, 0]
[0, 0]
[0, 1]
[0, 2]
[2, 0]
[0, 0]
[0, 2]
[0, 2]
[0, 2]
[0, 0]
[0, 0]
[2, 0]
[0, 2]
[0, 2]
[1, 0]
[0, 0]
[2, 0]
[0, 0]
[1, 0]
[1, 0]
[2, 2]
[0, 0]
[0, 0]
[0, 2]
[0, 2]
[0, 0]
[2, 2]
[0, 0]
[0, 0]
[2, 0]
[0, 0]
[0, 1]
Solving...
######
instances/ms_90_2.txt,0,45,2,0,0.012651999999999983,2074016,60844
