../msdir/ms 100 1 -s 20 
823428741

//
segsites: 20
positions: 0.0943 0.1640 0.2435 0.2756 0.3106 0.3780 0.3782 0.4351 0.4711 0.4751 0.5164 0.5378 0.5423 0.6902 0.7057 0.7587 0.7621 0.7908 0.9202 0.9402 
00010000010000010000
10010000010001000000
00010000010000000000
00001000001000000110
00010000010000010000
10010000010001000001
00001000001000000010
00001000001000000010
00010000010000000000
00001000001000000010
10110000010001000000
00001000001000000010
10010100010001000000
10010000010001000000
10110000010001000000
10110000010001000000
10010001010001000000
10010000010001000000
10010000010001000000
00010000010000010000
00010000010000000000
00001000001000000010
10110000010001000000
00010000010000001000
00001000001000000010
10110000010001100000
00010000010000000000
00010000010000000000
10110000010001000000
10110000010001000000
10010001010001000000
00010000010000000000
11110000010001000000
10010000010001000000
00001000001000000010
00001000001000000010
10110000010001000000
10110000010001000000
10110000010001000000
10110000010001000000
10010000010001000000
10010000010001000000
00001000001000000010
10110000010011000000
10010000010001000000
00010000010000000000
10010000010001000000
10010000010001000000
10010000010001000000
00001000001000000010
10010000010001000000
10010000010001000000
10010001010001000000
10010000010001000000
10010100010001000000
10010000010001000000
00001010001000000010
00001000001000000010
00010000010000010000
00001000001000000110
00001000001000000010
00001000001000000010
00001000001000000010
00001000001000000010
00001000001000000010
00010000010000000000
00010000010000000000
00001000001000000010
10110000010001000000
10010100010001000000
00001000001000000010
00001000001100000110
00001000001000000110
10010000010001000000
10010000010001000000
00010000010000010000
10010000010001000000
10110000010001000000
00010000010000000000
00001000001000000010
00001000001000000010
10110000010001000000
10010000010001000000
00010000010000000000
00010000010000000000
00010000010000010000
00010000010000010000
10010000010001000000
00010000010000001000
00001000001000000010
10010000010001000000
00010000010000010000
10010100010001000000
00001000001000000010
10010000010001000000
10010000010001000000
10010000010001000000
10110000110001000000
00010000010000000000
10110000010001100000
