../msdir/ms 18 1 -s 17 
425174264

//
segsites: 17
positions: 0.0563 0.0733 0.1074 0.1287 0.1629 0.3039 0.4181 0.4935 0.5046 0.5095 0.5580 0.6320 0.7328 0.7383 0.8117 0.9696 0.9706 
00111101000010000
00001001000010000
11000000000100000
01000000000001001
01000000000001000
00001010110000010
00001010010000010
00001001000010000
00001010010000010
01000000000001000
00001010010000010
00001001000010000
01000000001001001
01000000000001000
01000000000001000
00111101000010000
11000000000100000
00001001000010100
