../msdir/ms 18 1 -s 18 
2093032761

//
segsites: 18
positions: 0.0253 0.0323 0.0515 0.0687 0.0703 0.1017 0.1532 0.1705 0.1706 0.2683 0.4699 0.5190 0.5517 0.6271 0.7495 0.8431 0.8647 0.9463 
011000011000110110
000111000011000000
000111000011000000
100111000011001000
100111000011001000
000111000011000000
000111000011000000
001000111000110101
000111000011000000
001000111100110100
000111000011000000
001000111000110100
000111000011000000
001000111000110100
000111000011000000
000111000011000000
001000111000110100
000111000011000000
