../msdir/ms 100 1 -s 5 
1378959900

//
segsites: 5
positions: 0.0349 0.0901 0.1626 0.5625 0.6621 
00000
00100
00000
01010
00100
00100
00000
00000
01000
01000
01000
01000
01000
00000
01000
00000
01000
00000
00000
01000
00000
01000
01000
00100
01000
00000
01000
00000
00000
00000
00000
00000
01000
11000
01000
00000
01000
00000
01000
01000
01000
01000
00000
00100
01000
00100
01000
01000
01000
01000
01001
01000
01000
00000
00000
00000
01000
01000
01000
00000
01000
00000
01000
00000
01000
01000
01000
00000
01000
01000
01000
00000
01000
01000
00100
00000
00000
01000
01000
01000
01000
01000
01000
01000
01000
01000
01000
00000
01000
00000
00100
01000
00000
01000
01000
01000
00100
00100
01000
01000
