../msdir/ms 16 1 -s 20 
1121997180

//
segsites: 20
positions: 0.0191 0.0423 0.1161 0.1333 0.1360 0.2112 0.2858 0.4128 0.4614 0.4943 0.5044 0.5580 0.5695 0.6890 0.6947 0.7578 0.8063 0.8126 0.8135 0.8526 
01011001000001000000
00100010001000001100
00100010111000001100
00100010111000001100
01010000000001000001
01011001000001000000
00100110001110001110
01010000000001010000
00100010111000101100
00100110001110001110
10100010001100001110
01011001000001000000
10100010001100001110
00100110001110001110
00100010111000101100
01010000000001000000
