../msdir/ms 100 1 -s 11 
604394169

//
segsites: 11
positions: 0.0889 0.0992 0.2811 0.3590 0.4098 0.4346 0.4731 0.6234 0.6858 0.7178 0.8816 
00000000001
00000000001
10000000001
10000001001
00000000001
00010000100
10000001001
01000000100
00010000100
00000000100
10000000001
01000100100
00000000001
00000000001
01000000100
00000000001
00000000001
00000010001
00000000100
00100000100
10000000001
10000000001
00000000100
00000000001
01000000100
00000010001
10000001001
00000000001
00000000001
00000000100
00000000001
00000000001
00000000100
00000000100
00010000100
00000000001
00000000001
00000000100
00000000100
10000001001
10000000001
00000000001
00000000001
00000000100
01000000100
00000000001
00000000001
10000000001
00000000001
10000000001
00000000001
01000000100
10000000001
00000000001
00000000001
00000000001
00000000001
10000000001
10000001001
10000000001
00000000001
00010000100
10000000001
00000000100
00010000110
00000000001
10000000001
00000000001
01000000100
10000000001
10000000001
00000000001
10000000001
00000000001
10000000001
00000000001
00000000001
00000000001
00000000001
00000010001
00000000001
00000010001
00000000100
00000000001
00001000001
00000000100
00000000001
00000000100
00000000001
00000000001
00000000100
00000000001
00000000001
00000000001
00000010001
00000000001
10000000001
00000000001
00000000001
00000000001
