../msdir/ms 100 1 -s 16 
1095950752

//
segsites: 16
positions: 0.0797 0.1134 0.1267 0.1355 0.2885 0.5134 0.5493 0.6256 0.6559 0.7632 0.8494 0.8797 0.8861 0.9075 0.9391 0.9651 
0000100000010001
0001010000000000
0000010000000000
0000000001010000
1010000100110000
0000100000010001
0001010000000000
0010000000010000
0000010000000000
0000000001010100
1010000100110000
0000101000010001
1010000100110000
1010000100110000
0000000001010000
0000010000000000
1010000100110000
1010000100110000
1010000100110000
0001010000000000
0001010000000000
1010000100110000
0000100000010001
0000000001010010
0000100000010001
0001010000000000
0010000000010000
0001010000000000
0001010000000000
0110000000011000
0010000100110000
0000000001010000
0110000000011000
1010000100110000
1010000100110000
0001010000000000
0110000000011000
0000100000010001
1010000100110000
0000010000000000
0010000000010000
0001010000000000
0010000100110000
1010000100110000
0000100000010001
0001010000000000
1010000100110000
0000100010010001
0001010000000000
0110000000011000
1010000100110000
0010000000010000
0000100000010001
0000100000010001
0000010000000000
1010000100110000
0000100000010001
1010000100110000
0001010000000000
0000100000010001
0010000000010000
0000100000010001
0010000100110000
0001010000000000
0001010000000000
0000010000000000
0010000100110000
0001010000000000
0000100010010001
0000100010010001
0000100000010001
0001010000000000
0000000001010000
0000100000010001
0000000001010100
0001010000000000
0000100000010001
0010000000010000
0001010000000000
0000100000010001
0000100000010001
0001010000000000
0000100000010001
0010000000010000
0010000100110000
0010000100110000
0000000001010100
0000100000010001
0001010000000000
1010000100110000
0000100010010001
1010000100110000
0000010000000000
0000100000010001
0001010000000000
1010000100110000
0000100000010001
0001010000000000
0010000000010000
0010000000010000
