../msdir/ms 18 1 -s 19 
153215215

//
segsites: 19
positions: 0.0883 0.0973 0.2399 0.2698 0.3177 0.3650 0.3736 0.3921 0.4096 0.5053 0.5158 0.5322 0.5349 0.5446 0.5625 0.6744 0.7158 0.9701 0.9934 
0110001010001100010
0110001010001100010
0110001011001100010
0110001010001100010
1001100000110000000
1000100000110000000
1000100000110000000
0010001000001010010
1000100000110000000
1000100100110001000
1000110000110000000
1000100000110000000
1001100000110000000
1000100000110000000
1000100000110000000
0110001010001100011
1000100000110000000
0110001011001100110
