../msdir/ms 100 1 -s 19 
1620610771

//
segsites: 19
positions: 0.0162 0.0588 0.1335 0.1385 0.1473 0.1595 0.1607 0.1723 0.3268 0.3281 0.3739 0.4614 0.4891 0.5080 0.5577 0.7652 0.8213 0.8606 0.9992 
0000101001010000000
0000111001000000000
0000101001000000000
0000101001000000000
0000101001000000000
0001000000101101110
0000101001000000000
0000101001000000000
0000101001000000000
0000101001000000000
0000111001000000000
0000101001010000000
0000101001000000000
0000101001000000000
0000101001000000000
0000101001000000000
0100111001000000000
0110111001000000000
0000101001000000000
0000111001000000000
0000101001010000000
0000101001000000000
0000101001000000000
0000111001000000000
0000101001000000000
0000101001000000000
0000101001000000000
0000101001000000000
0100111001000000000
0000111001000000000
0000101111000000001
0000101001000000000
0000111001000000000
0000101001010000000
0000111001000000000
0000101101000000001
0000101001000000000
0000101001000000000
0000101001000000000
0000101001010000000
0001000000101101110
0000111001000000000
0000101001000000000
0000101001010000000
0000101001000000000
0000111001000000000
0000101101000000001
0000111001000000000
0000111001000000000
0000101001000000000
0000111001000000000
0000101001000000000
0000101001000000000
0000101001000000000
0001000000101101110
1000101001000000000
0000111001000000000
0000101001000000000
0000111001000000000
0000111001000000000
0000101001000000000
1000101001000000000
0000101001000000000
0000111001000000000
0000101001000000000
0000101001000000000
0000111001000000000
0000101001000000000
0001000000101101110
0000111001000000000
0000101001000000000
0000101001000000000
0000101001000000000
0001000000101101110
0000111001000000000
0000101001000000000
0000101001000000000
0000101001000000000
0000111001000000000
0000101001000000000
0001000000101101110
0000101001010000000
0000101001000000000
0000101001000000000
0001000000101101110
0000101001000000000
0000101001000010000
0000111001000000000
0000101001000000000
0000101001000000000
0000111001000000000
0000101001000000000
0000111001000000000
0000101001000000000
0000111001000000000
0000111001000000000
0000111001000000000
0000101101000000001
0000101001000000000
0000111001000000000
