../msdir/ms 100 1 -s 17 
1300630665

//
segsites: 17
positions: 0.0137 0.0280 0.0386 0.0481 0.0855 0.0956 0.0992 0.1303 0.1371 0.1385 0.1620 0.1849 0.1921 0.2336 0.2852 0.3246 0.9151 
11000000000000010
01010000000000000
11000000000000010
11000000000000010
01010000000000000
01010000000000000
11100000000100000
11000000000000010
01010000000000000
00001101001000101
11000000000000010
11100000000100000
01010000000000000
01010000000000000
01010000000000000
00000101001000101
01010000000000000
11100000000100000
00000101001000101
01010000000000000
00000111001000101
11100000000100000
11100000000100000
01010000000000000
01010000000000000
11100000000100000
01010000000000000
01010000000000000
01010000000000000
01010000000000000
11100000000100000
11100000000100000
01010000010000000
01010000000000000
00000111001000101
11100000000100000
11000000000000010
11000000000010010
11000000000000010
01010000000000000
11000000000000010
00001101001000101
01010000000000000
01010000000000000
01010000000000000
00000101001000101
01010000000000000
01010000000000000
01010000000000000
00000101001000101
01010000000000000
01010000000000000
00000111001000101
11100000000100000
01010000000000000
00000101001000101
11000000000000010
01010000000000000
01010000000000000
01010000000000000
00000101001000101
01010000000000000
11000000000000010
11100000000101000
00000101001000101
01010000010000000
01010000000000000
11000000000000010
01010000000000000
01010000000000000
00000101001000101
11000000000000010
01010000000000000
01010000000000000
00000101001000101
11100000000100000
00000101001000101
11100000000101000
00000101001000101
11000000000000010
01010000000000000
11000000000000010
11000000000010010
00000101001000101
01010000000000000
01010000000000000
01010000000000000
11100000000101000
01010000000000000
11100000000101000
11000000000000010
01010000000000000
01010000010000000
11100000000101000
11100000000100000
01010000000000000
00000101001000101
01010000000000000
01010000100000000
00001101001000101
