../msdir/ms 100 1 -s 6 
124318618

//
segsites: 6
positions: 0.1067 0.1366 0.4877 0.5561 0.6433 0.9343 
000000
000000
000100
000000
000000
000000
001000
000000
000000
000000
000010
000000
010000
000000
000000
000000
000000
000001
000000
000000
000000
000000
000000
000000
000000
000000
000000
000000
000010
000000
000000
000000
000000
000010
000000
010000
000000
010000
000000
000000
000000
000000
000000
000000
000000
000010
000000
000000
000000
000000
000000
000000
000000
000000
000000
010000
000000
010000
000000
010000
000000
000000
010000
000010
000010
000010
000000
000000
000000
000000
100000
010000
000000
000000
000000
000000
000000
000000
000000
000000
000000
000000
000000
001000
000000
000000
000000
100000
010000
000000
000000
000000
000000
000010
000010
000000
000000
000000
010000
010000
