../msdir/ms 100 1 -s 9 
460606831

//
segsites: 9
positions: 0.3620 0.3741 0.4232 0.4694 0.6181 0.6556 0.6739 0.9096 0.9827 
000000000
000000000
000000100
000000000
000000000
000000000
000000000
000000000
000000000
000000000
000000100
000000100
000000100
000000100
000000100
000000000
000000100
000101000
000101000
000000000
100000100
000000000
000000010
000000100
000000000
000000000
000000000
000000100
000000000
000000100
000000100
000000100
000000000
000000100
000000100
000000100
000000000
000101000
000000000
000000000
000000000
000000000
000000000
000000000
000101000
000101000
000101000
000000000
000000000
000101000
000101000
000000100
000101000
000000000
000000100
000000100
000000000
000000100
000101000
000000100
000000000
000000000
000101000
000000000
000101000
000000000
000000000
000000000
000000100
000000100
000000000
000000000
000000000
000000100
000000000
000000000
000000000
000000000
000000000
000000000
000010000
000101000
000101000
000000100
000000000
000000000
000000000
000000100
000000100
000000000
000000100
011000001
000000100
000000000
000000000
000000000
000000000
000000000
000000000
000000100
