../msdir/ms 100 1 -s 8 
1116503822

//
segsites: 8
positions: 0.1962 0.6027 0.6758 0.7180 0.7645 0.8855 0.9136 0.9932 
01000001
00010000
01100001
01000001
01000001
00010010
01000101
01000001
00010000
01000001
01000001
01000001
01000001
00010010
01000001
01000001
01000001
00010010
01100001
01000001
01001101
01000001
00010010
00010010
00010010
01000001
00010010
01000001
01000001
01000001
01000001
01000001
01000001
01000001
00010010
01100001
00010010
01000001
01000001
00010010
00010010
01000001
01000001
01000001
01000001
01000001
01000001
01000001
01000001
00010010
01000001
01000001
11000001
00010010
01000001
01000001
01000101
01000001
01000001
00010010
01000001
00010010
01000001
01100001
01000101
00010010
01100001
01000001
00010010
00010010
01000001
01000001
01000001
00010010
00010010
01000001
01000001
00010010
01000001
00010010
01000001
00010010
01000001
01000001
01000001
01000001
00010010
00010010
01000001
01000001
00010010
01000001
01000001
00010010
01000001
01000001
00010000
01000001
01000001
01001101
