../msdir/ms 100 1 -s 7 
41425802

//
segsites: 7
positions: 0.0561 0.2762 0.3300 0.3971 0.4348 0.7343 0.8237 
0001010
0000000
0000000
0000000
0000000
0000000
0000000
0000000
0000000
0000000
0000000
0010000
0000000
0000100
0000100
0001010
0001010
0000000
0000100
0000000
0100000
0000000
0000000
0001010
0000000
0000000
0000000
0000000
0000001
0000000
0000000
0000000
0000000
0000000
0000000
0000000
0000000
0001010
0000000
0000000
0001010
0000100
0000000
0000000
0000000
0000000
0000000
0001010
0000000
0001010
0000000
0001010
0000000
0000000
0000000
0001010
0000100
0001010
0000000
0001010
0000000
0000000
0000000
0000000
0001010
0000001
0000000
0000000
0001010
0000000
0000000
0001010
0000000
0001010
0000000
0001010
0000000
0001010
0001010
0000100
0000000
0001010
0000000
0000000
1000000
0001010
0000000
0000000
0000000
0000000
0000000
0000000
0000000
0000000
0000000
0001010
0000000
0001010
0010000
0001010
