../msdir/ms 100 1 -s 4 
293348191

//
segsites: 4
positions: 0.4031 0.4827 0.6653 0.9878 
0100
0000
0000
0100
1000
0100
0000
0000
0000
0100
0000
0000
0000
1000
0000
0100
0000
0000
0100
0100
0100
0000
0000
0000
0100
0010
0000
0000
0000
0000
0100
0000
0001
1000
0000
0000
0000
0100
0000
0100
0100
1000
0010
0000
0100
0000
0100
0000
0000
0100
0000
0000
0100
0000
0000
0010
0000
0010
0000
0000
0000
0100
0000
0000
0100
0000
0100
0100
0100
0000
0000
0000
0100
0010
0000
0000
0000
0000
0100
0100
0000
0100
0000
0000
0100
0010
0000
0001
0100
0000
0000
0000
0001
0100
0100
0000
0000
0001
0000
0000
