../msdir/ms 100 1 -s 13 
379257734

//
segsites: 13
positions: 0.0439 0.1015 0.1131 0.1181 0.2003 0.3602 0.4213 0.5323 0.5454 0.7040 0.8676 0.9588 0.9703 
0000100000000
0000100000000
0000100000000
0000100000000
0000100000000
0000100000000
0000101000000
0000100000000
0000100000000
0000100000000
0000100000000
0000100000000
0000100000000
0000100000000
0010100001010
0000100000000
0000100000000
0000000000000
0000000000000
0000100000000
0000100000000
0000100000000
0000100000000
0000100001000
0000100000001
0000100000000
0000000000000
1000000000000
0000100000000
0000000000000
0000100000000
0000100000000
0001100000000
0000100001000
0000100000000
0000100000000
0000100000000
0000100000000
0000101000000
0000100000000
0000100000000
0000100000000
0000100000000
0100100000000
0000100000000
0000100000000
0000000000000
0000101000000
0000100000000
0000100000000
0000000000000
0000100000000
0000100100000
0000100000000
0000100000000
0000100000000
0000100000000
0000100000000
0000100000000
0000100000000
0000000000000
0000000000000
0000100000000
0000100010000
0000000000000
0000000000000
0000100000100
0000100000000
0000100000000
0000100000000
0000100000000
0000100000000
0000100001000
0000100100000
1000000000000
0000100000000
0000100000000
0000100000000
0000100001000
0000100010000
0000100010000
0000100000000
0000100000000
0000100000000
0000000000000
0000100000000
0000000000000
0000100000000
0000100000000
0000100000000
0000100000000
0000100000000
0000111000000
0000100000000
0000100000000
0000100000000
0000101000000
0000111000000
0000100000000
0000000000000
