../msdir/ms 18 1 -s 20 
778011294

//
segsites: 20
positions: 0.0337 0.1003 0.1650 0.2306 0.3635 0.4211 0.4312 0.5313 0.5355 0.5619 0.6701 0.7212 0.7844 0.7887 0.8109 0.8220 0.8759 0.8815 0.9523 0.9591 
01000000000000000000
00101001000000000000
01010000000000100010
00000100100000011000
01000000000000100010
10001001011000000000
01000010000000000000
01000000000000100010
00000000000000000000
01000000000001100000
01000000000010100010
00000000000000000000
01000010000000000000
00000000000000000000
01000000000000000100
00000000000000000000
00000000000100000001
00000000000000000000
