../msdir/ms 100 1 -s 12 
1237717839

//
segsites: 12
positions: 0.0417 0.1398 0.3309 0.3596 0.4571 0.4650 0.5594 0.5857 0.7445 0.8171 0.8694 0.8896 
001001000010
001001000010
001001000010
001001000010
001001000010
001001000010
110010100100
001001000010
001001000010
001001000010
001001000010
001001000010
110010100100
001001000010
110010100100
001001000010
110010100100
001001000010
001001000010
110110100100
110010100100
001001000010
001001000010
001001000010
110010100100
110110100100
001001000010
110010100100
001001000010
001001000010
110010100100
001001001010
001001010010
001001000010
001001000010
110010100100
001001000010
001001000010
001001000010
001001000010
001001000010
110110100100
001001000010
001001000011
001001000010
001001000010
001001010010
001001000010
110110100100
001001000010
001001000010
110010100100
001001000010
001001000010
110010100100
110010100100
001001000010
110010100100
110010100100
001001000010
110110100100
001001000010
110010100100
001001000010
001001000010
001001000010
110010100100
110010100100
001001010010
110010100100
001001000010
110010100100
001001000010
110010100100
001001000010
110110100100
110010100100
001001000010
001001000010
110110100100
001001000010
001001000010
001001000010
110010100100
001001000010
001001000010
110110100100
001001000010
001001000010
001001000010
001001000010
001001000010
001001000010
001001000010
001001000010
110110100100
001001000010
110010100100
001001000010
001001000010
