../msdir/ms 100 1 -s 10 
453892137

//
segsites: 10
positions: 0.0370 0.1989 0.3294 0.5537 0.6108 0.6607 0.8667 0.9517 0.9544 0.9830 
1100001010
0010000100
1100001010
1100001010
0010000100
1100001010
0010100100
0010000100
0010000100
0010000101
1100001010
0010000100
0010000100
1100001010
0010000100
0010000100
0010000100
1100001010
1100001010
0010100100
0010000100
0010000100
0010000100
0010000100
0010000100
0010000100
0010000100
0010000100
0010000100
0010000100
0010000101
1100001010
0010100100
1100001010
0010000100
1100001010
0010000100
0010000100
0010000100
1100001010
0010000100
0010000100
0010000100
0010000100
1101001010
0010000100
0010100100
0010000100
1100001010
0010000100
0010000100
0010000100
0010000100
0010000100
0010000100
1100001010
0010010101
0010000100
0010000101
0010000100
0010000100
0010000100
0010000100
0010000100
0010000100
0010000100
0010000100
1100001010
0010000100
0010000100
0010000100
0010000100
0010000100
0010000100
0010000100
0010000100
1100001010
0010000100
0010000100
1100001010
1100001010
0010000100
1100001010
0010000100
0010000100
0010000100
0010100100
0010000100
1100001010
1100001010
0010000100
0010000100
0010000100
0010000100
0010000100
0010000100
1100001010
0010000100
0010000100
0010100100
