../msdir/ms 100 1 -s 15 
1907963270

//
segsites: 15
positions: 0.0269 0.1013 0.1259 0.1344 0.2476 0.2965 0.3035 0.3937 0.4267 0.4801 0.5277 0.7053 0.8068 0.8280 0.9230 
000000010000010
000000010000000
000000010000000
000000000000000
000000000000000
000000010000000
000000010000010
000000000000000
000010110100000
000000010000000
000000110100000
000100010000000
000000010000000
000000010000010
000100010000000
000000000000000
000000010000000
000000010000000
000000000000000
000000010000000
000001010000000
000100010000001
000000000000000
000100010000000
000100010000000
000000000000000
000100010000000
010000010010000
000100010000000
000000000000000
000000010000000
000000010000010
000100010000000
000000010000000
000000010000100
000100010000000
000000010000000
000000010000010
000000010000000
000000010000000
000000010000000
000000110100000
000000010000010
000100010000000
000000010000000
000000010000000
000001010000000
000000010000010
000000010000000
000100010000000
000000010000010
000100010000000
000000010000000
000000010000000
000000000000000
000001010000000
000000000000000
010000010010000
000100010000000
000000010000000
000000010000000
000000000000000
000000000000000
100100010000000
000000110100000
000000110100000
000000010001000
000000011001000
000000000000000
000000110100000
000001010000000
010000010010000
000100010000000
000100010000000
000000011001000
000000000000000
000010110100000
000000110100000
001000000000000
000100010000000
000000010000010
000000010000000
000000110100000
000000010000000
000000010000010
000000010000000
000000000000000
000100010000000
000000000000000
000000010000000
000100010000000
000100010000000
000000010000000
000000010000000
000000000000000
001000000000000
000000010000000
000000010000000
000000010000000
000000000000000
