../msdir/ms 26 1 -s 18 
1288923940

//
segsites: 18
positions: 0.0222 0.1629 0.1887 0.2068 0.2196 0.2771 0.2827 0.2891 0.3466 0.5643 0.5724 0.5811 0.6651 0.6718 0.8547 0.8982 0.9057 0.9558 
000100010000000010
110000001100000001
110000001100000001
100001001110001100
000100110000000010
100000001110000100
110000001100000001
110000001100000001
000110010000000000
000000010000000000
000000010000000000
110000001100000001
000100010000000000
110000001100000001
000100010000000000
101000001110000100
000000010000000000
110000001100010001
100001001110001100
000000010001000000
000100010000000000
100000001110000100
000100010000100010
110000001100000001
000000010000000000
100001001110001100
