../msdir/ms 28 1 -s 13 
215240964

//
segsites: 13
positions: 0.1451 0.1523 0.1793 0.3297 0.3715 0.4346 0.7420 0.7530 0.7981 0.8532 0.8680 0.8945 0.9534 
0001010001000
1000000000000
0000000000000
0000000000000
0001010001000
0110110100010
0000000000000
0001010001000
1000000000000
0001010001000
0001010001000
0000000000000
0001010001000
0001010001000
0001010001000
0110110100010
0001010001000
0001010001101
0001010011000
0001011001001
0001010001000
0001010001000
0000000000000
0001010001001
0001010001000
0001011001001
0001010001000
0001010001000
