../msdir/ms 26 1 -s 17 
1480820495

//
segsites: 17
positions: 0.0130 0.0987 0.1238 0.2422 0.2639 0.3105 0.3301 0.3793 0.5299 0.5334 0.6017 0.6073 0.6431 0.6843 0.6876 0.9836 0.9896 
10000001000000101
00000010000000000
01000010100000000
00000101010100100
10000001000000101
10000001000000101
00000101000111100
10000001000000101
10000001001000101
01000010100000000
00000101010100100
00000101010100100
00000101010100100
01000010100000000
00000101000111100
01000010100000000
00000001000000101
10000001000000101
00000101000111100
00000101000111100
00000101010100100
00000101010100100
00000010000000000
00101001000000111
00110001000000101
10000001000000101
