../msdir/ms 22 1 -s 16 
1505200163

//
segsites: 16
positions: 0.1620 0.2415 0.3035 0.4042 0.4418 0.4497 0.4578 0.5634 0.7840 0.8203 0.8342 0.8475 0.8825 0.8912 0.9152 0.9859 
1010101001101000
0101010010000110
0100010010000110
0100010010000110
0100010000000010
0100010010000110
0100010100010010
1010100001100000
1010100001100000
0100010010000110
1010100001100001
0100010000000010
0100010010000110
1010100001100000
1010100001100000
0100010010000110
1010100001100000
1010100001100001
0100010010000110
0100010010000110
0100010010000110
0100010010000110
