../msdir/ms 28 1 -s 14 
1251519553

//
segsites: 14
positions: 0.0040 0.1560 0.1921 0.4570 0.5342 0.5548 0.5743 0.5935 0.6034 0.6967 0.8329 0.8861 0.8893 0.9458 
10010011100101
10010011100101
10010011100101
10010011100101
10010011100101
01101100011010
10010011100101
10010011100101
01101100011010
10010011100101
10010011100101
01101100011010
01101100011010
10010011100101
10010011100101
10010011100101
01101100011010
10010011100101
10010011100101
10010011100101
01101100011010
01101100011010
10010011100101
01101100011010
10010011100101
10010011100101
01101100011010
01101100011010
