../msdir/ms 26 1 -s 20 
605698901

//
segsites: 20
positions: 0.0274 0.0721 0.0946 0.1203 0.1792 0.2381 0.3008 0.3483 0.3513 0.3570 0.4843 0.5167 0.5199 0.5216 0.6229 0.6262 0.6495 0.7045 0.7136 0.7377 
11000010000000010100
11000010000000010100
00000001000000000010
00000100000000101000
11000010000000010100
11000010000000010100
00001000000100001001
00001000000100001000
11000010000000010100
00001000000100001000
11100010010000010100
00000000000100001000
11010010000000010100
11000010000000010100
11000010000000010100
00000100101010101000
00000000000100001000
00000100000000101000
00001000000100001001
00000000000100001000
00000000000101001000
00000000000101001000
00000000000100001000
00001000000100001000
00001000000100001000
00000000000100001000
