../msdir/ms 24 1 -s 16 
1813343774

//
segsites: 16
positions: 0.0007 0.0947 0.1601 0.1762 0.2874 0.3868 0.4661 0.4822 0.4956 0.5874 0.6030 0.6160 0.6644 0.7176 0.7984 0.8992 
0100011000110000
0011100100000010
0100011000110000
0011100100000000
0011100100000000
0100011000110000
0011100100000000
0011100100000010
1100011000110000
0011100101000000
0100000010111000
1100011000110000
0011100100000000
0100000010111000
0011100100000000
0011100100000000
0011100100000000
0011100100000000
0011100101000000
0011100100000000
0100000010111000
0011100100000000
0011100100000010
0100011000110101
