../msdir/ms 28 1 -s 15 
761676350

//
segsites: 15
positions: 0.1071 0.1848 0.1936 0.2026 0.2300 0.2835 0.3019 0.4653 0.5697 0.5826 0.6879 0.8723 0.9068 0.9205 0.9493 
111101100010000
011000000001000
000000001000001
011000000000000
000000000000001
000000001000001
111101100010000
011000000001000
011000000000000
011010000000000
000000000000001
000000000000001
001000000100110
000000001000001
000000000000001
000000000000001
000000001000001
111101100010000
111101100010000
011000000001000
000000001000001
000000001000001
000000011000001
000000000000001
000000001000001
111101100010000
111101100010000
011000000001000
