../msdir/ms 28 1 -s 17 
1178026897

//
segsites: 17
positions: 0.0482 0.0938 0.1888 0.2889 0.2970 0.3223 0.3363 0.3950 0.6558 0.6823 0.6891 0.7703 0.7797 0.7873 0.8038 0.9361 0.9413 
00100001100001111
00101000000001101
00100001100001111
00101000000001101
00101000000001101
01111000000001101
00100001100001101
10101000000001101
00100001100001111
00101000000001101
00101100010001101
00101000000001101
10101000000001101
00101100010001101
00100001100001111
10101000000001101
00000010000000000
10101000000001101
00101000000001101
00101000001001101
10101000000001101
01111000000001101
00101100010001101
00100001100001111
00101000000001101
00101000001001101
00101000000001101
00100001100111101
