../msdir/ms 24 1 -s 19 
1136041203

//
segsites: 19
positions: 0.0334 0.0933 0.1434 0.2427 0.3421 0.3465 0.3732 0.4049 0.4075 0.4192 0.5566 0.5620 0.7346 0.7619 0.7743 0.7875 0.8740 0.8941 0.9284 
1000100010010110000
1000110010011110000
0000000100000001000
1000100010010110000
1000100010010110000
1000110010011110000
0000000000000001000
0001000000000001010
1000100010011110000
1000100010010110000
0001000000000001010
1000100010011110100
0010101010110100001
1000110010011110000
0000000000000001000
1000100010010110000
1000100010011110100
0010101010110100001
1000100010010110000
0000000001000001000
0000000000000001000
0010101010110100001
0100000000000001000
1000100010010110000
