../msdir/ms 22 1 -s 19 
1923321243

//
segsites: 19
positions: 0.0421 0.1237 0.2052 0.2553 0.3088 0.3387 0.3539 0.4044 0.4107 0.5167 0.5946 0.6410 0.6568 0.6602 0.6642 0.7667 0.7803 0.8478 0.9530 
1000011010011100000
0010100000000000100
1000011001010000010
1000000000000010000
1000011000110000001
1000011010011101000
1000011010011100000
1000011010011100000
1000011010011100000
1000011001010000010
1000011010011100000
1000011000110000001
0010100000000000100
1000011001010000010
0010000000000000100
1000011010011100000
1000011001010000010
0010100000000000100
1101000100000010000
1000011010011100000
1000011001010000010
0010000000000000100
