../msdir/ms 22 1 -s 17 
367733034

//
segsites: 17
positions: 0.1305 0.1876 0.3206 0.3602 0.3885 0.3912 0.4773 0.4842 0.5589 0.5625 0.5727 0.5790 0.6792 0.6806 0.7257 0.9370 0.9611 
00011101001001000
00001100001101010
00001100001001000
00101100001001001
00001100001101010
11000010110010100
00011101001001000
00001100001001010
00001100001001010
00001100001001010
00000010110010100
00001100001001000
00011100001001000
00001100001001000
00001100001001000
00001100001001000
00000010110010100
00001100001101010
00001100001001010
00001100001001000
00001100001001000
00001100001101010
