../msdir/ms 20 1 -s 19 
1409018810

//
segsites: 19
positions: 0.0548 0.1691 0.1793 0.1945 0.2136 0.2579 0.2699 0.2901 0.3134 0.3190 0.5015 0.6549 0.6851 0.7383 0.7524 0.7973 0.8466 0.8741 0.9064 
0000010000101000000
0100100100010001011
0100000100010000000
0010010000101010000
0100001100010000000
0000010000101000000
0000010001101000000
0100000100010000000
1000010010101000000
0100000100010000000
0000010000101000100
0100100100010001010
0100000100010101000
0100000100010001000
0100000100010000000
0001010000101000000
0010010000101010000
0000010000101000000
0100000100010000000
0000010000101000000
