../msdir/ms 24 1 -s 14 
1497735980

//
segsites: 14
positions: 0.0394 0.2744 0.2771 0.3072 0.5444 0.5800 0.5994 0.7167 0.7506 0.8374 0.8834 0.9003 0.9515 0.9601 
00000000010000
00010000010000
00000000010000
10000000010000
01010000010001
00001101001100
01010000010001
00000000010000
00000010000010
00000010000010
01010000010001
01010000010001
00010000010000
00001101001000
10000000010000
01010000110001
00000000010000
00000000010000
00000000010000
01110000010000
01010000110001
00010000010000
00000000010000
01110000010000
