../msdir/ms 20 1 -s 20 
1522432692

//
segsites: 20
positions: 0.0035 0.1240 0.1785 0.3260 0.3585 0.3874 0.3915 0.4022 0.4228 0.4341 0.4365 0.4450 0.5273 0.5496 0.5580 0.6014 0.6198 0.7533 0.7642 0.9899 
00000010001000011000
10000011100101000000
00000100000010000010
00000010011000000100
00000100000010000010
00000010011000000100
00100010011000000100
00000010011000000100
00000010011000000101
00000010011000000100
00000010011000000100
00000010011000000100
01000010001000010000
10000011100100100000
00000010011000000100
00000100000010000010
00011010011000000000
10000011100100100000
00000100000010000010
10000010100100000000
