../msdir/ms 26 1 -s 13 
193905951

//
segsites: 13
positions: 0.1931 0.2132 0.2317 0.2502 0.3992 0.4759 0.7283 0.7557 0.7608 0.7781 0.8123 0.9270 0.9775 
1001010011110
1011000011100
0000100000000
0100101000000
0100100000000
1001000011110
1001010011110
1011000011100
1001010011111
1011000011100
1001010011110
1001000011110
0000100000000
1011000011100
0000100000000
1001010011110
1001000111110
1001000011100
1001000111110
0000100000000
1001010011110
0100100000000
1001010011110
1001010011110
1001000111110
0000100000000
