../msdir/ms 22 1 -s 18 
194588588

//
segsites: 18
positions: 0.0499 0.1145 0.1235 0.1312 0.1768 0.3105 0.4255 0.4722 0.4788 0.5162 0.6752 0.7478 0.7974 0.8772 0.8827 0.9565 0.9689 0.9956 
000000001000101000
110001010101000000
000000001000101000
110001010101000000
001000001000101001
010010010100000000
000000001000101000
000100001000101000
010010010100000000
001000001000101001
001000001000101001
010000010100000000
000000001000101010
010010010100000000
010010010100000000
000000001000101000
001000001000101001
010000010100000000
001000001000101001
000000101010101000
000000001000111110
010000010100000000
