../msdir/ms 22 1 -s 15 
632041343

//
segsites: 15
positions: 0.0383 0.1667 0.2519 0.2734 0.5209 0.5323 0.5525 0.5790 0.6896 0.7594 0.7628 0.8165 0.8454 0.9365 0.9820 
000000001110000
000010001110000
000000001110000
000000001110000
000000000010000
000000001110000
000100000010001
000010001110000
000100000010001
101000110001110
000001000010001
000000001110000
000010001110000
000100000010001
000000001110000
101000010001110
000000001110000
000000001110000
000000001110000
010000000010000
000001000010001
000000000010000
