../msdir/ms 28 1 -s 16 
138231763

//
segsites: 16
positions: 0.0351 0.1311 0.1368 0.1482 0.1576 0.2252 0.3252 0.3417 0.4659 0.5264 0.6275 0.6858 0.7156 0.7408 0.9103 0.9641 
0100100001010111
0010000000000000
0000010000000000
0100100001010101
0100100001010101
1010000000000000
0010000000000000
0010000000000000
0100100001010111
0010000000000000
0100100101010101
0000010000000000
0100100101010101
0010000000000000
0100100001010111
0000010000000000
0010000000000000
0010000010001000
0010000000000000
0100100001010111
0010000000000000
0010000000000000
0010000000000000
0001001001100001
0010000000000000
0100100001010111
0100100001010111
0001001001100001
