../msdir/ms 28 1 -s 12 
1578073142

//
segsites: 12
positions: 0.0814 0.1782 0.3225 0.3417 0.3562 0.3622 0.3701 0.6499 0.7212 0.7289 0.8103 0.9873 
101000000000
001000000000
001001000000
000100100000
000000011100
000100100000
000100100000
001000000000
000100100000
000100100000
001000000001
001000000000
001000000000
001000000000
011000000010
001000000000
000000011000
001001000000
001000000000
001000000000
000100100000
001000000000
001001000000
001001000000
001001000000
001001000000
001010000000
000100100000
