../msdir/ms 22 1 -s 20 
1442121089

//
segsites: 20
positions: 0.0230 0.0497 0.0506 0.1484 0.2386 0.2397 0.2997 0.3292 0.3588 0.3962 0.4052 0.4263 0.4557 0.6267 0.6736 0.7628 0.7770 0.8238 0.8580 0.9876 
01010001011000000111
01010000011000100011
01011000011000000111
00100010100100001000
01010000011000100011
01010001011000000111
01011000011000000111
01010000011000000011
00000110100110011000
01010001011000000111
01010000011000000011
01011000011000000111
01010000011000100011
10000010100100001000
00000010100100001000
01010000011000000011
01011000011000000111
00000110100110011000
10000010100101001000
00000110100110011000
00000110100110011000
00000110100110011000
