../msdir/ms 28 1 -s 18 
798162902

//
segsites: 18
positions: 0.0623 0.1669 0.1787 0.2183 0.3068 0.3179 0.3377 0.3596 0.3696 0.4254 0.5154 0.6496 0.6792 0.7835 0.8401 0.8943 0.9264 0.9380 
111001010000000000
111011010000000000
111101110000000000
000000000110001000
111011010000000000
111011010000000000
111101010000000100
111011010000000000
000000000111001000
000000001110001000
000000001110001000
000000000110001000
000000001110001000
000000000110001000
111011010000000000
000000000111001000
000000000110001000
000000000110001000
111011010000000000
000000000110001000
000000000110001000
111101010000000000
111001010000110000
111001010000000000
111001010000000010
000000001110001000
000000001110001000
111101010000000001
