../msdir/ms 26 1 -s 16 
975279323

//
segsites: 16
positions: 0.0426 0.0868 0.1218 0.1901 0.2245 0.2646 0.2996 0.3223 0.4850 0.4874 0.5879 0.7030 0.7072 0.8069 0.8389 0.9825 
0011000000010010
0011000000010011
0011100100010010
0011000000000110
0011100000010010
0100000000000000
0011000000010010
1100000000000000
1100000000000000
0011000000010010
0011000000000110
0011010010011010
0100000000000000
0100000000100000
0011000000010011
0011000000010010
0011010010011010
0011000000010010
0011000000010011
0011010010011010
0011000000010011
0011000000010010
0011101000010010
0011000000010010
0011100001010010
0011100100010010
