../msdir/ms 24 1 -s 20 
391663063

//
segsites: 20
positions: 0.0456 0.0782 0.1223 0.1404 0.1794 0.1875 0.2019 0.2779 0.3844 0.3845 0.4905 0.5649 0.6074 0.6209 0.6447 0.7082 0.7092 0.7839 0.9080 0.9698 
10010010101000000011
10010011101000000011
10010010101000000011
00000100010111100100
00001000000011101100
00000100010111100100
10110010101000010011
00000100010111100100
01000100000011100100
00000100010111100100
00000100010111100100
00001000000011101100
01000100000011100100
10010011101000000011
00000100010111100100
01000100000011100100
01000100000011100100
10010011101000000011
01000100000011100100
00001000000011101100
01000100000011100100
10010010101000000011
10010010101000000011
01000100000011100100
