../msdir/ms 28 1 -s 20 
72516565

//
segsites: 20
positions: 0.0697 0.1055 0.1070 0.1386 0.2441 0.2463 0.2797 0.2933 0.5033 0.6743 0.6849 0.6851 0.7282 0.8153 0.8969 0.8978 0.9317 0.9473 0.9757 0.9934 
00000110000100001001
00000110000100001001
01110001000000000010
00001110000100001001
00000110001110001001
10000110100100101001
01110001000000010010
00000110000100001101
01110001000000000010
00000110001100001001
01110001010000000010
00000110000100001001
01110001000000000010
00000110000100001001
00000110000100001001
01110001000000000010
00001110000100001001
01110001010000000010
00000110000100001001
00000110000100001001
00000110100101001001
00000110000100001001
00000110000100001001
00000110001100001001
01110001000000000010
00000110001100001001
00000110000100001101
00000110000100001101
