../msdir/ms 24 1 -s 17 
1872644947

//
segsites: 17
positions: 0.0957 0.1633 0.1738 0.2947 0.2988 0.3596 0.3880 0.3901 0.4249 0.4310 0.5028 0.5037 0.5728 0.5782 0.5846 0.6630 0.8622 
01011111010000001
01111110010000001
01011111010000011
01011111010000001
01011111010000001
01011111110000001
01011111010000011
10000000000011100
01011111110000001
01011111010000011
01011111110000001
01011111010000001
10000000000011100
10000000000011100
01111110010000001
01011111110000001
01011111110000001
01011111010000001
01011111010100001
01011111110000001
01111110011000001
01011111010000011
01011111110000001
01011111010000001
