../msdir/ms 20 1 -s 16 
359742402

//
segsites: 16
positions: 0.0975 0.2668 0.3241 0.3739 0.4733 0.5165 0.5646 0.6019 0.6374 0.6529 0.6787 0.7849 0.8402 0.9560 0.9788 0.9953 
1111100000000000
1111100000000000
1110100000000000
0000001000011001
1110100000000000
0000000001000010
1110100000000100
1110100100100000
0000000001000010
1110100100100000
0000000000000000
1110100000000000
0000011010011001
1110100000000000
1110100100100000
0000011010011001
0000001000011001
1110100000000000
0000000001000010
0000001000011001
