../msdir/ms 26 1 -s 14 
1746515027

//
segsites: 14
positions: 0.0768 0.1629 0.2373 0.2465 0.2585 0.3995 0.5285 0.6261 0.6346 0.6757 0.6850 0.7644 0.8464 0.9255 
00001100011010
00011110011001
01100001000100
00011110011000
00100001000100
00001100011010
00100001000100
00100001000100
00100001000100
00100001000100
00100001000100
00011110011000
00001100111000
00100001000100
00001100111000
00100001000100
00001100111000
00011110011000
00100001000100
00100001000100
10001100011010
00001100111000
00100001000100
00100001000100
00011110011001
00100001000100
