../msdir/ms 26 1 -s 15 
51712250

//
segsites: 15
positions: 0.1843 0.2072 0.2412 0.4122 0.4609 0.4693 0.5144 0.5504 0.5647 0.6202 0.7426 0.7834 0.8051 0.8686 0.8985 
010011000011001
010011000011001
010011000011001
110011000001011
010011010001001
010011000001011
010011000001011
010011000001011
010011000001001
010011000011001
001000101100100
010011000011001
010011000011001
010011000011001
010011000001001
010011000011001
001100101100100
010011000001011
001100101100100
001000101100100
010011000001001
001000101100100
010011000011001
010011000011001
001000101100100
010011000001001
