../msdir/ms 36 1 -s 19 
1816007468

//
segsites: 19
positions: 0.0427 0.0490 0.0590 0.0869 0.1359 0.1902 0.2649 0.3400 0.4640 0.5887 0.6875 0.7122 0.7176 0.7417 0.7812 0.8458 0.8606 0.9668 0.9993 
0000000000001010111
0011010011010000000
0011010011010000000
0000000000000010111
0011010011010000000
0000000000000000001
0000000000000000001
0000000000000010111
0011010011110000000
0011010011010000000
0100000000000000001
0000000000001010111
0000000000001010111
0000000000000100000
0100000000000000001
0000000000001010111
0000001000000010011
0011010011010000000
1000000000000010011
0000000000000010111
0000000000000010111
0000000000000000001
0011010111010000000
0011010011010000000
0000000000000010011
0011010011010000000
0011010011010000000
0000000000000010011
0000000000001010111
0000000000000010111
0011110011010000000
0011010011010000000
0011010011010001000
0000000000000010111
0000000000000000001
0011010011010000000
