../msdir/ms 38 1 -s 13 
739261122

//
segsites: 13
positions: 0.0971 0.1219 0.2928 0.3217 0.4259 0.4468 0.4719 0.5361 0.6242 0.6759 0.7203 0.9111 0.9823 
1001000000000
0000000010000
0000000000000
1001000000000
1001000000000
1001000000000
1001000000000
0000000000000
0010010000000
0010010000000
1001000000000
1001000000000
0000100101000
0000000000000
1001000000000
0010010000010
0010010000010
1001000000000
0010010000010
0000100101000
0010010000001
0000000010000
0010010000000
1001000000000
0110010000000
1001000000000
0010010000000
0000000010000
1001000000000
0010010000000
0001001000000
1001000000000
1001000000000
1001000000000
0010010000100
0000000000000
0010010000010
0000000010000
