../msdir/ms 32 1 -s 15 
1113051361

//
segsites: 15
positions: 0.0024 0.0278 0.1964 0.3724 0.3750 0.4674 0.4769 0.5517 0.5878 0.6192 0.6239 0.6718 0.8599 0.9322 0.9960 
000010000000000
000010000001000
000010000000000
000010000000000
000010000001000
000010000000000
000010001000000
000010000000000
000111000010000
000010000000100
010000110000011
000010001000000
000010000000000
000010000100000
100010000000000
000010000100000
000010001000000
000010000000000
000010000000000
000010000000000
000010000000000
010000110000011
000010000000000
000010000000000
000010000000000
000010000000000
000010000000000
000010000000000
000010000001000
001010000000000
000010000000000
010000110000011
