../msdir/ms 32 1 -s 13 
1974321738

//
segsites: 13
positions: 0.0596 0.2595 0.3922 0.4560 0.5064 0.5693 0.6033 0.6426 0.6763 0.7365 0.8090 0.9559 0.9961 
0000000100001
1000000000000
0000000000001
1000010000000
0000000000001
0000000001001
1000000000000
1000000000100
1100000000100
1000010000000
0000000000001
0000000000001
0000000000001
0000100000001
0000000100001
1000000000000
0000000100001
0000000100001
0000000100001
1000000000000
0000000100001
0000001000011
1000000000100
1000000000100
0000100000001
0000000000001
0000000000001
0000000000001
1001000000100
0010000010001
1000000000000
1000000000000
