../msdir/ms 34 1 -s 14 
2011100619

//
segsites: 14
positions: 0.0187 0.0503 0.0920 0.1400 0.2387 0.2862 0.4118 0.4139 0.4173 0.5066 0.5408 0.5777 0.7327 0.7862 
00000000000000
11000000010010
00000000000001
00000000000000
00000000000000
00000000000000
00000000000000
00000000000000
00000010000000
00000010000000
00000001001000
00000001001000
00000001001000
00000001001000
00000000000000
00000000000000
00000000000000
00000001001000
00010000000100
11001000010010
00100100100010
00000001001000
11000000010010
00000000000000
00000000000001
00000000000000
00000000000000
00100100100010
00000000000000
11000000010010
00000000000000
00000000000000
00000000000000
00010000000100
