../msdir/ms 34 1 -s 11 
1161015347

//
segsites: 11
positions: 0.0314 0.0563 0.0971 0.1560 0.1673 0.2426 0.3411 0.4980 0.6422 0.6453 0.6873 
10010000000
10000000000
10000000100
10000000000
10000000000
00000010000
10000000000
01001100001
01001001010
10000000000
10000000000
10000000000
10000000000
10000000000
10000000000
00000010000
10000000000
10000000000
10100000000
00000010000
10000000000
10000000000
10010000000
10000000000
10000000000
10000000000
10000000000
01001001010
10000000000
10000000000
10000000000
10000000000
01001001010
10000000100
