../msdir/ms 38 1 -s 12 
936653539

//
segsites: 12
positions: 0.0184 0.0267 0.0619 0.2929 0.3021 0.3050 0.3559 0.4361 0.6665 0.7984 0.8428 0.8453 
100110000010
100111000010
100110000010
100110000010
010000100001
000000100001
100010000010
100110000010
100010000010
100111000010
100110000010
100010000010
100010000010
100010000010
100010001010
000000100001
100010001010
100010000010
100010000010
100110000010
100111000010
100110000110
100010000010
100010000010
100111000010
100111000010
100111000010
001000110001
100010001010
010000100001
000000100000
100111000010
100110000110
100010001010
100110000110
100010001010
100010000010
100111000010
