../msdir/ms 36 1 -s 16 
2110835691

//
segsites: 16
positions: 0.1467 0.1725 0.1822 0.2442 0.2829 0.4383 0.4633 0.4639 0.4711 0.5353 0.5714 0.5726 0.6012 0.6772 0.8653 0.9268 
0001111100000011
0001111000010010
0001111100000011
0001111000000010
0001111100000011
1110000010000000
1100000010000000
0001111000000111
1100000010000000
0001111000100111
1000000000000000
1000000000001000
1100000011000000
1100000010000000
0001111100000011
0001111100000011
1000000000000000
0001111000000010
1000000000001000
1100000010000000
0001111000100111
0001111000000111
0001111000000111
0001111000000111
0001111000000111
1100000010000000
1000000000001000
1100000010000000
1000000000001000
0001111000000111
1100000010000000
1100000010000000
0001111000000010
0001111100000011
0001111000000111
0001111000000111
