../msdir/ms 30 1 -s 20 
1475933385

//
segsites: 20
positions: 0.1996 0.2115 0.2227 0.2769 0.3135 0.3217 0.3259 0.3302 0.3357 0.4727 0.4777 0.4855 0.5082 0.5193 0.5279 0.5865 0.6583 0.6727 0.8243 0.9043 
00000000010001100000
00000010000000000000
00000010000000000000
00000100010001100000
00100000010001100000
00000000000010000000
00000010000000000000
00000000010001100000
00000000010001100000
00000000010001100000
00000001010001100000
00000010000000000000
10000001010001100000
00001000110100100011
00000000001000000000
00000000010001100000
00000000010001100000
00000000010001100000
00000010000000000000
00000010000000000000
00000001010001100000
00000000000010000000
00100000010001100000
00000000010001110000
00000001010001101000
00000000010001100000
01010000010001100100
00100000010001100000
00000000010001100000
00000001010001100000
