../msdir/ms 30 1 -s 18 
1460477338

//
segsites: 18
positions: 0.0484 0.1187 0.2428 0.2439 0.2762 0.3301 0.4120 0.4182 0.4451 0.4719 0.4838 0.5699 0.5745 0.6313 0.7465 0.7703 0.8037 0.8878 
000100101000000010
000011000000001001
000100101001100010
000000000100000010
010000010000000010
000100101000000010
000100101010100010
000100101000000010
000100101000100010
000100101000000010
000100101010100010
001000000000011100
010000000000000010
000100101000000010
000100101000000010
000100101000000010
000100101010100010
010000000000000010
000100101000100010
000100101010100010
000100101010100010
010000000000000010
001000000000011000
000100101010100010
001000000000011100
100100101000000010
000100101000000010
000100101000100010
000100101000000010
001000000000011000
