../msdir/ms 30 1 -s 17 
1197609355

//
segsites: 17
positions: 0.0068 0.0376 0.1028 0.1254 0.2989 0.3036 0.3269 0.3378 0.3444 0.3742 0.5564 0.6140 0.6230 0.6250 0.6843 0.7824 0.8274 
01010100010100000
11010100010100010
01010100010100000
01010100010100010
00001000000011100
01010100010100000
00001010000011000
01010100010100000
01010100010100000
01010100010100010
01010100010100000
01010100010100000
00001001000000001
01010100110100010
01010100010100010
01010100010100000
01010100010100000
01010100010100000
01010100010100000
00001001000000001
00001010001011000
01010100010100010
01010100010100000
01010100010100010
00001010001011000
00001010000011000
01010100010100000
00001001000000001
01110100010100000
01010100010100000
