../msdir/ms 32 1 -s 12 
723282463

//
segsites: 12
positions: 0.0075 0.0488 0.1619 0.1646 0.1664 0.4073 0.6299 0.6458 0.7749 0.8021 0.8391 0.9023 
000100111110
000100111110
011011000001
000100111110
000100111110
000100111110
011011000001
000100111110
000100111110
000100111110
000100111110
000100111110
000100111110
000100111110
000100111110
000100111110
000100111110
000100111110
000100111110
000100111110
000100111110
000100111110
000100111110
000100111110
000100111110
000100111110
000100111110
100100111110
100100111110
011011000001
000100111110
000100111110
