../msdir/ms 34 1 -s 19 
1893824949

//
segsites: 19
positions: 0.0372 0.1211 0.2268 0.2926 0.2970 0.4350 0.4807 0.5069 0.5329 0.5471 0.5956 0.6211 0.6293 0.6398 0.8787 0.9047 0.9155 0.9628 0.9892 
0000001000010000000
0000100010010000001
1000000000000000000
0000000000010001000
0000001000010000000
0000100010010000001
0000000000010001000
0000001000010000000
0010000000010001000
0000000000010100000
0000000000010001000
0000100010010000001
0000000000010001000
0001000000010100000
0000100010010000001
0000100010010000001
0001000000010100000
0000001000010000000
0000001000010000000
0000000000010100000
0000000000010001000
0000000000011100000
0000000000010001000
0000000000010100010
0100001000010000000
0000001000010000000
0010000000010001000
0000010101010010100
0010000000010001000
0000001000010000000
0000000000010001000
0010000000010001000
0000000000110000000
0000000000010001000
