../msdir/ms 38 1 -s 9 
2048286402

//
segsites: 9
positions: 0.0805 0.1445 0.1711 0.1920 0.3748 0.3861 0.5644 0.8534 0.9613 
100000000
000000000
100000000
100001000
100001000
101100100
100000000
100010000
100000000
100001000
100001000
000000001
100000000
100001000
101100000
100010000
100000000
101100100
101100100
100010000
100000000
100000000
100000000
101100000
110000000
101100000
101100010
100000000
100000000
100001000
100000000
100010000
100000000
000000000
100000000
100000000
000000001
100000000
