../msdir/ms 38 1 -s 16 
1929106750

//
segsites: 16
positions: 0.0146 0.1586 0.1826 0.1849 0.2138 0.3609 0.4974 0.5150 0.5335 0.5762 0.5956 0.6604 0.6977 0.7065 0.8789 0.9378 
0001000001000010
0001000001010010
0001000111000000
0011001001000001
0001100011000000
0001000111000000
0000000000001000
0001000001000010
0001000001000010
0101000001000000
0001000001000010
0001000111000000
0001000001000010
0001000001000010
0001000111000000
0001000001000010
0000000000101000
0001000111000000
0001000111000000
0001010001000100
0001000111000000
1001000001000010
0001000001000010
0000000000101000
0001000111000000
0101000001000000
0001000001010010
0000000000101000
0001100011000000
0001000001000010
0001000001000010
0001000001000010
0001000111000000
0001000111000000
0001000001000010
0001000001000000
0001000111000000
0001000111000000
