../msdir/ms 34 1 -s 10 
428707390

//
segsites: 10
positions: 0.0143 0.0163 0.0238 0.3150 0.3702 0.6533 0.6632 0.7133 0.7877 0.9884 
0000000010
0000100001
0101001000
0101000000
0000000010
0000000010
0101000000
0101001000
0000010010
0101000100
0000100001
0101001000
1000100001
0000000010
0101000000
0000100001
0000100001
0010000010
0101000000
0000100001
0000000010
0000000010
0010000010
0000100001
0101001000
0101000000
0000000010
0101000100
0101000000
0000000010
0101000100
0000000010
0101000100
0101000000
