../msdir/ms 34 1 -s 20 
1410373230

//
segsites: 20
positions: 0.0216 0.1162 0.1207 0.1852 0.1919 0.2033 0.2207 0.2633 0.2773 0.4231 0.5749 0.6349 0.6940 0.7939 0.8024 0.8389 0.8645 0.8784 0.9400 0.9418 
00000000010011001000
00000000010010001000
00001000100000001000
00000000010010001010
00000000010000001000
00000000010000001000
00000000000000110000
00001000100000001000
00000000010000001000
00000000000000110000
00000000010000001000
00101100101000001000
00001000100000001000
00000000000000110000
00000000010010001000
00000000010010001000
00001000100000001100
00000000010000001000
00000000000000110000
01001000100000001001
10001000100000001000
00000000000000110000
00001000100000001000
00010000000000110000
00000000000000110000
00000010000100001000
00000000010000001000
00001000100000001000
00000000010010001000
00000000010000001000
00010000000000110000
00000001010000001000
00000000010000001000
10001000100000001000
