../msdir/ms 38 1 -s 14 
1181024299

//
segsites: 14
positions: 0.0052 0.0520 0.0637 0.1840 0.2401 0.2657 0.2720 0.3738 0.4130 0.5708 0.6516 0.7015 0.8630 0.8985 
00111101100100
00000010000000
00000000000000
00001001100100
10001001100100
00001001100100
00000000001000
00001001100100
00001001100101
00000000000000
00000000000000
00001001100100
10001001100110
00001001100100
00000000000000
10001001100100
00000000000000
00111101100100
10001001100110
00001001100100
00001001100100
00111101100100
00000000000000
00001001100100
00001001100101
01000010000000
01000010000000
00001001100100
00000000010000
00001001100100
00000010000000
00001001100100
00000000010000
00001001100100
00000000000000
00000000000000
00000010000000
00000010000000
