../msdir/ms 36 1 -s 17 
1294545634

//
segsites: 17
positions: 0.0624 0.1093 0.1344 0.1729 0.2203 0.3405 0.3856 0.4024 0.4431 0.5609 0.6000 0.6419 0.6539 0.6876 0.7478 0.9670 0.9685 
00000010110111101
00000001110110001
11000000001000000
11100000000000000
00000000110110001
00000010110111101
00000000110010000
00000000110010000
11110000000000000
00000010110111101
00000000110010000
00000100110110001
00000000110010000
11000000001000000
00000100110110001
00000000110110001
11100000000000000
00000000110110001
11001000001000010
11001000001000000
00000000110010000
11000000001000000
00000001110110001
00000000110110001
00000000110010000
11000000001000000
00000000110110001
00000000110110001
00000000110010000
00000000110010000
11100000000000000
00000000110010000
00000100110110001
00000000110010000
00000000110010000
00000010110111101
