../msdir/ms 32 1 -s 18 
2103424787

//
segsites: 18
positions: 0.1883 0.3047 0.3128 0.3344 0.3608 0.4824 0.5007 0.5193 0.5426 0.5771 0.6688 0.7331 0.7464 0.8560 0.8633 0.8891 0.9022 0.9588 
001000100010000000
100000101000000000
000000100000000000
011000100000000000
001000100010000000
000100100101000000
000010100000000000
011000100000100100
000010100000000000
000000010000011010
000000010000011010
011000100000000000
001000100010000000
000010100000000000
001000100010000000
000101100101000001
000000100101000000
000000100000000000
000010100000000000
011000100000000000
001000100010000000
011000100000000000
001000100010000000
000100100101000000
001000100010000000
001000100010000000
000010100000000000
000010100000000000
001000100010000000
011000100000000000
001000100010000000
000000100000000000
