../msdir/ms 34 1 -s 15 
520562817

//
segsites: 15
positions: 0.1718 0.2767 0.3575 0.4158 0.4236 0.5136 0.5692 0.6561 0.7236 0.7839 0.8726 0.8807 0.8828 0.9428 0.9920 
010001001000101
000010010000000
000010010000000
100100100110000
100100000100010
100100000100010
100100100100000
100100000100010
010001001000101
000010010000000
100100000100010
100100100100000
000000000000000
100100100110000
010001001000101
010001001000101
100100000100010
010001001000101
000010010000000
100100100100000
010001001001000
010001001000101
100100000100010
010001001000000
011001001000000
000000000000000
011001001000000
100100000100010
100100100100000
000000000000000
100100000100010
000010010000000
000000000000000
100100000100010
