../msdir/ms 38 1 -s 11 
1230782983

//
segsites: 11
positions: 0.2588 0.2637 0.2953 0.4140 0.4637 0.6998 0.7063 0.7091 0.7220 0.8481 0.9585 
10001000100
00000111011
10001000100
11001000000
10001000100
00000110010
00000111011
10101000100
10001000000
10001000000
00000110010
10001000100
10001000100
00010110010
10001000100
10001000100
00000110010
10001000100
10001000100
10001000100
10001000100
10001000100
10001000100
10001000100
10001000000
00000110010
10001000100
10001000100
00000110010
10001000100
11001000000
10001000100
10001000100
10001000100
10001000100
10001000100
10001000100
10001000100
