../msdir/ms 36 1 -s 20 
1721479502

//
segsites: 20
positions: 0.0720 0.1152 0.1480 0.1486 0.2003 0.3928 0.3973 0.4464 0.5014 0.5324 0.5752 0.6335 0.6570 0.6764 0.6990 0.7177 0.8046 0.8452 0.9400 0.9967 
00000100000000011001
01000000000000011001
10001000000010000100
10001000000010000100
00000001000000011001
00000001000001011001
00000000000000011001
00000100000100011001
00000001000000011001
00000000000000011001
00000001000000011001
00000000000000011001
10001000000010000100
00100001010000011001
00000001010000011001
00000000000000011001
00000000001000011001
10001000000010000100
01000000000000111001
10001000000010000100
10001000000010000100
10001000000010000100
10001000100010000100
00000001010000011001
00000001010000011001
00000000000000011001
00000000000000011011
00000100000000011001
00000100000000011001
00000000000000011001
00010010000000011001
00000001000000011001
00000000000000011001
00000000000000011001
10001000000010000100
10001000000010000100
