../msdir/ms 34 1 -s 18 
996555320

//
segsites: 18
positions: 0.0077 0.1075 0.2893 0.3149 0.3299 0.3321 0.3927 0.4452 0.5856 0.7553 0.7994 0.8979 0.9018 0.9353 0.9567 0.9629 0.9650 0.9770 
001000011000000101
000000000000000101
000100000000000101
000000000000100101
000100000000000101
000000000000000101
000000000000000101
000000000000100101
000100000000000101
100000000010011000
001000011000000101
000010000000100101
000000000000000101
000000000010011000
000000000000100101
000000000001100101
000001000100000101
010000100010011000
000000100010011000
000000100010011000
000000100010011000
000000100010011000
000000100010011000
000000000000000101
000000100010011000
000000000000000101
000000000000000111
010000100010011000
000000000010011000
000010000000100101
001000011000000101
000000000000000101
000000000000000101
000000000000000101
