../msdir/ms 36 1 -s 11 
597738405

//
segsites: 11
positions: 0.0708 0.0976 0.3595 0.3840 0.4593 0.4651 0.4930 0.5337 0.8377 0.9812 0.9862 
00001000000
11000010000
00000000000
11000010000
00000000000
00000000000
00010100000
11000010000
11000011000
00000000000
00010000010
00000000000
00000000000
00010000100
00010100000
00110000100
00000000000
11000011000
00010100000
00010000000
00010000100
00010000100
00000000000
11000011000
11000010000
11000010000
00010000101
11000010000
00000000000
11000010000
00010000000
00010000100
00010000010
00010000100
00000000000
00000000000
