../msdir/ms 38 1 -s 20 
1590878162

//
segsites: 20
positions: 0.0573 0.2268 0.2944 0.3003 0.3918 0.4224 0.4422 0.5100 0.5243 0.5519 0.6419 0.6747 0.6752 0.7205 0.7461 0.7918 0.8687 0.9135 0.9289 0.9981 
00010100000000010001
01000010010001001100
00001001000010100000
00010100000100010001
01100010010001000110
01000010010001000100
00001001000010100000
00010100000000010001
00010100000100010001
01000010010001000100
01000010010001000100
01000010010001000100
01100010010001000110
00010100000000010001
00010100000100010001
01000010010001000100
01000010011001000100
10010100000000000001
10010100000000000001
01000010010001000100
00010100000000010001
01000010010001001100
00010100100000010001
00010100100000010001
00001001000010100000
00010100000000010001
00001001000010100000
00001000000000100000
10010100000000000001
01000010010001001100
00010100100000010001
00001000000000100000
01000010010001001100
01000010010001000100
10010100000000000001
01000010010001000100
00010100000000010001
00010100000000010001
