../msdir/ms 36 1 -s 18 
320692365

//
segsites: 18
positions: 0.0249 0.0555 0.1788 0.2424 0.3145 0.3790 0.4010 0.4171 0.5197 0.6160 0.6691 0.6872 0.6970 0.7617 0.7648 0.8127 0.8468 0.8567 
000011101000110000
001000010001000111
000011101000110000
001000010001000111
000011101000110000
000011101000110000
000011101000110000
000011101000110000
000011101100110000
010011101000110000
000011101000110000
000011101100110000
000011101000110000
000011101000110000
000011101100110000
000011101000110000
000011101000110000
000011101010110000
000011101000110000
100011101000111000
001100010001000111
000011101000110000
000011101100110000
001000010001000111
000011101100110000
000011101000110000
001000010001000111
000011101000110000
000011101000110000
001000010001000111
001000010001000111
100011101000111000
000011101000110000
001000010001000111
000011101100110000
000011101000110000
