../msdir/ms 32 1 -s 16 
100479809

//
segsites: 16
positions: 0.1720 0.1747 0.2382 0.2563 0.3011 0.3195 0.3437 0.5189 0.5404 0.5472 0.5603 0.6100 0.6479 0.6681 0.7833 0.8896 
0000000000000000
0000000000000000
0000001001000000
0000001001000000
0010000000000001
0000000000000000
0000000000000000
0000000000000000
1000010110001110
1000010110001110
1000010110001110
0000101001000000
1000010110001110
1000010110101110
0000000000000000
0010000000000001
1000010110011110
0000000000000000
1000010110101110
0000000000000000
0000000000000000
0000000000000000
0010000000000001
0100000000000000
0000000000000000
0001000000000000
0000000000000000
0010000000000001
0000000000000000
0010000000000001
0010000000000001
1000010110001110
