../msdir/ms 36 1 -s 12 
1575809992

//
segsites: 12
positions: 0.0190 0.0659 0.0668 0.0772 0.2427 0.3635 0.4656 0.5036 0.6510 0.6570 0.7283 0.9066 
000000011000
010100000000
000000011000
110100100001
010100000000
000000011000
010100000000
000000011000
000000011000
000000011000
010101000000
010100000000
000000011000
000010001010
001000001100
000000011000
010100000000
001000001000
000000011000
000010001010
000000011000
110100100001
010100000000
001000001000
001000001000
000000011000
010100000000
000000011000
010100000000
000000011000
000000011000
010100000000
000000011000
000000011000
010100000000
000000011000
