../msdir/ms 30 1 -s 11 
657989597

//
segsites: 11
positions: 0.0003 0.0513 0.1434 0.2240 0.2622 0.3281 0.3589 0.6809 0.7520 0.7569 0.8526 
01011000011
01011000011
00100010100
01011000011
10010101001
00100010100
00011000011
10010101001
01011000011
00100010100
01011000011
01011000011
01011000011
00011000011
00100010100
00100010100
00100010100
00100010100
01011000011
01011000011
10010101001
00100010100
00100010100
00100010100
00100010100
01011000011
01011000011
01011000011
00100010100
01011000011
