../msdir/ms 36 1 -s 14 
970306756

//
segsites: 14
positions: 0.0726 0.0772 0.1004 0.1984 0.2844 0.2905 0.4313 0.4637 0.5006 0.5696 0.7697 0.7966 0.8287 0.9117 
10111000001001
10011001001001
00011000001001
01000100010110
00000100010010
00000100010110
00000100010110
10011000001001
00000100010110
10011001001001
00000110010010
10111000001001
00000100110010
10011000001001
00000100010010
00000100010010
10011000001001
00000100010010
00000100010010
10011000001001
00011000001001
10011000001001
10011000001001
10011000001001
00000100010010
10111000001001
10011000001001
00000100010110
00000100010110
00000100010110
00000100010110
00000100010010
00000100010010
10111000001001
00000100010010
00000100010010
