../msdir/ms 36 1 -s 13 
755422237

//
segsites: 13
positions: 0.0221 0.0276 0.2051 0.2871 0.3988 0.4270 0.4335 0.4795 0.4913 0.6592 0.8154 0.8272 0.9945 
0110010100001
0000001000000
0000001000000
0010000000001
0010000000001
0010000000001
0010000000001
0010000000001
0010000000001
0110000010001
0010000000001
0010000000001
0010000000001
0010000000001
0110000100001
0010000000001
0000001000000
0110000010001
0001000000010
0110000100101
0010000000001
0110000010001
0110000010001
0010000000001
0010000000001
0110000100001
0000001000000
0010000000001
0010000000001
0000100000000
0000001000000
0010000000001
0010000000001
1110000101001
0000000000000
0000001000000
