../msdir/ms 30 1 -s 13 
1610860532

//
segsites: 13
positions: 0.0392 0.1869 0.1987 0.2256 0.3774 0.4521 0.4537 0.4957 0.6503 0.7057 0.8073 0.8284 0.8797 
0000000000000
0001001000000
0000100000011
0000100000011
0010000010000
0100100000111
0000000000000
0000000010000
0000010000000
0001001000000
1000100000011
0000010000000
0000000101000
0000000010000
1000100000011
0000000010000
0000000000000
0000100000011
0000100000111
0000000010000
0100100000111
0000100000111
0001001000000
0001001000000
0000000000000
0000010000000
0001001000000
0000000010000
0001001000000
0000000010000
