../msdir/ms 38 1 -s 17 
844086332

//
segsites: 17
positions: 0.0238 0.0313 0.0660 0.1148 0.1513 0.1782 0.2107 0.2551 0.2668 0.3267 0.3827 0.6095 0.7724 0.7937 0.8185 0.8253 0.8278 
00010000001000000
00000000000000000
01101000000010000
10000000000001011
00010001000000000
00000000000000000
00001100000010000
00000010110100100
00000000000000000
01101000000010000
00000000000000000
00000000000000000
00000000000000000
00010000000000000
00000000000000000
00000000000000000
00000000000000000
00000000000000000
00010000001000000
01101000000010000
00000000000000000
00010000000000000
00010000000000000
00000000000000000
00010000000000000
00001100000010000
01101000000010000
00001100000010000
01101000000010000
00000000000000000
10000000000001011
01101000000010000
00010001000000000
01101000000010000
00001100000010000
00010000001000000
00000000000000000
00000000000000000
