../msdir/ms 30 1 -s 12 
1312027804

//
segsites: 12
positions: 0.0735 0.3497 0.4222 0.4660 0.4889 0.6023 0.6063 0.6211 0.7391 0.7432 0.8294 0.9392 
010010100100
101101010001
100101000001
010010100100
100101000001
010000101000
100101000001
100101000001
100001000011
010000101000
010010100100
100101000001
101101010001
100001000011
100101000001
100101000001
100101000001
010000101000
100101000001
100101000001
100101000001
100101000001
100101000001
010010100100
100101000001
010010100100
100101000001
101101010001
010010100100
100101000001
