../msdir/ms 32 1 -s 11 
1579179181

//
segsites: 11
positions: 0.1088 0.1365 0.2028 0.2493 0.2516 0.3314 0.3944 0.4022 0.6704 0.8267 0.8303 
00001000010
01010001001
01010001001
10000000100
01010001001
01010001001
01010001001
10100010000
01010001001
01010001001
10100010000
01000000001
01010001001
01010001001
00000100010
00000000010
00000000010
01010001001
01010001001
00000000010
10100010000
01010001001
01010001001
00001000010
01010001001
01010001001
01010001001
01010001001
10100010000
10000000100
01010001001
00001000010
