../msdir/ms 30 1 -s 16 
1198083885

//
segsites: 16
positions: 0.1001 0.1360 0.3580 0.4681 0.5322 0.5482 0.5853 0.6465 0.6492 0.6532 0.7361 0.7430 0.7767 0.7824 0.8427 0.9960 
0000100001100010
0001100000100000
0000100001100000
0000100001100010
0000100001100010
0001100000100000
0001100000100000
0100000000010000
0001100000100000
0000000110001000
0000100001100010
0000000010001000
0001100000100000
0000100001100010
0000000000001000
0000100001100010
0010011000000000
0010011000000000
0000100001100000
0001100000100000
0001100000100000
0000100001100010
0000100001100101
0001100000100000
1001100000100000
0000100001100000
0000100001100010
0001100000100000
0100000000010000
0000100001100010
