../msdir/ms 32 1 -s 17 
404815949

//
segsites: 17
positions: 0.0708 0.1180 0.1232 0.2292 0.3524 0.4204 0.4873 0.4929 0.5136 0.5274 0.5894 0.7058 0.7376 0.8233 0.8335 0.8859 0.9435 
11010000100000001
00000000000011000
11010100100000001
11000000110000101
00000011001000001
11010000100000001
00001000000000000
00000000000010010
00001000000000000
00000000000010000
11010000100000001
11010000100100001
11000000110000101
11000000110000101
11000000110000101
11000000110000101
11000000110000101
11010000100000001
11010000100000001
11000000110000101
11000000110000101
00000000000010000
11000000110000101
11010100100000001
00000000000010000
00000000000010000
11000000110000101
11110000100000001
11000000110000101
00000000000010000
11000000110000101
11010000100000001
