../msdir/ms 38 1 -s 10 
548038848

//
segsites: 10
positions: 0.1665 0.2037 0.3621 0.3851 0.4180 0.5059 0.7574 0.7622 0.8441 0.8755 
1000000000
1000000000
0010000000
1000000000
1000000000
0010000000
1000000011
1000000011
1000000000
1000000000
0010000000
0010000000
1000000011
1000000000
1101100000
1000000000
1000010000
0010000000
0010000000
0010000000
0010000000
1000000100
1000000000
1000000011
1000001000
1000000000
1000000011
1000000000
0010000000
1000000100
1000000010
1000000000
0010000000
1000000011
1000000100
1000000010
0010000000
1000000011
