../msdir/ms 36 1 -s 10 
1701154102

//
segsites: 10
positions: 0.0022 0.2018 0.4222 0.4733 0.5833 0.6228 0.6734 0.6910 0.8752 0.9388 
0000000100
0000000100
0000000000
0000000100
0000000100
0000000000
0000000000
1100000000
0010010011
0000000100
0000000100
1100000000
0000000100
0000000100
0000000100
1100000000
0000000100
0010011011
0000000100
0000000000
0000000000
0000000100
0001100001
0000100001
0000000000
0000000100
0000000100
0010010011
0000000000
0000000100
0000000000
0000000100
0010010011
0010011011
1100000000
0000000100
