../msdir/ms 44 1 -s 18 
673413735

//
segsites: 18
positions: 0.0096 0.0415 0.0564 0.0661 0.0749 0.1244 0.2228 0.3664 0.4192 0.5283 0.5284 0.5339 0.5774 0.6337 0.8091 0.8311 0.8543 0.9993 
010000011010100001
010000011010100001
010000011011100001
010000011010110001
010000011010110001
010000011010110001
010000011010110001
100000000100001000
000000011010000111
010100011011100001
010000011010110001
001000011010000111
010010011010100001
100000000100001000
010010011010100001
010000011010110001
010010011010100001
010100011011100001
010000011010100001
010000011011100001
010000011010100001
010000011010100001
010000011010100001
010000011010100001
100000000100001000
010000011010110001
010000011010110001
100000000100001000
010000011010100001
010000011010110001
010000011010100001
100000000100001000
010000111010100001
000000011010000111
010000011010110001
100000000100001000
010000011010110001
001000011010000111
010000011010100001
010000011011100001
010000011011100001
010000011010100001
010000011010100001
010001011010110001
