../msdir/ms 40 1 -s 14 
1199735319

//
segsites: 14
positions: 0.0629 0.1295 0.2709 0.2835 0.2879 0.3302 0.3641 0.5323 0.5896 0.5985 0.6491 0.8911 0.9366 0.9726 
00010000000001
00000000000011
00000000000001
00011000000001
00000001000000
00000000000001
01000001000000
00100010000001
00000100100001
00000001000000
00000100100001
10100010000001
00000010000001
00000000000001
00000001001000
00000000000001
10100010000001
00000000000001
00000001000000
00010000000001
00000001000000
10100010000001
00000001000000
00000001000000
00000000000001
00000000000001
10100010000001
00000000000011
00010000000001
00000000000001
00000001000000
00000001001000
00000001000000
00010000000001
00010000000001
00000001010000
00000001000000
00000001000100
00000001000000
00000001000000
