../msdir/ms 48 1 -s 8 
2126805102

//
segsites: 8
positions: 0.0486 0.3034 0.4302 0.4453 0.6964 0.8707 0.9434 0.9809 
00001011
00001011
00001011
00001001
00001001
00001011
10000001
00001011
10000001
01000000
01000000
01000000
01000000
00001101
10000001
00001011
00001011
01000000
10100001
10000001
00001011
00001011
00001101
01000000
01000000
01000000
00001001
00001011
00001101
01000000
01000000
00001001
10100001
00001101
00001101
10000001
00011011
00001001
00001011
10100001
00001001
00001001
00001001
00001001
00001011
00001011
10000001
00001011
