../msdir/ms 40 1 -s 20 
1643289469

//
segsites: 20
positions: 0.1475 0.1518 0.1627 0.1659 0.1942 0.2821 0.3748 0.4217 0.5707 0.5852 0.6070 0.6166 0.6363 0.6545 0.6921 0.8539 0.8889 0.8892 0.8924 0.9557 
00110000101000001000
00000000000100000010
00110100101001000000
00110100101001000000
00000000000100000010
00110000101000000000
00110000101000000000
00110000101000010000
00110000101010000000
00110000101010100000
00110000101010100000
00110000101000001000
00000000000100000010
00001000000100000010
00110000101000000100
00110100101001000000
00110010101000000000
00000000000100000010
00110000101000000000
00000000000100000010
00110000101010100000
00000000000100000010
00110001101000001000
01110000111000000001
10000000000100000010
00110000101000000100
00000000000100000010
00000000000100000010
00110010101000000000
00000000000100000010
00110000101000000000
00110000101000000000
00110000101000001000
00110000101010100000
00110000101000001000
10000000000100000010
00000000000100000010
00110000101000010000
00110000101010000000
00000000000100000010
