../msdir/ms 48 1 -s 15 
836161119

//
segsites: 15
positions: 0.0083 0.0314 0.0976 0.1408 0.1613 0.1860 0.2565 0.2761 0.3978 0.4369 0.4705 0.6381 0.7168 0.8311 0.8980 
000000010010100
000000001000010
000000001000010
000000001000010
000000010000000
000010000001000
000000001000010
000000010000000
000000010000000
000010000001000
000000001000010
000000010010100
000010000001000
000000001000010
000000001000010
000000010100000
000000001000010
000000010010100
000010000001000
000000001000010
000001001000010
010000010000000
000000001000010
000010000001000
000000010000001
000000001000010
000000010000000
000000001000010
000000001000010
000000001000010
000000010000000
000000001000010
100000001000010
000000010010100
000010000001000
000000001000010
000000010000000
000000001000010
000000001000010
100000001000010
000000010010100
000000001000010
000000010010100
000000010010100
000000001000010
000000010010100
000100001000010
001000101000010
