../msdir/ms 46 1 -s 17 
92746758

//
segsites: 17
positions: 0.0070 0.0123 0.0149 0.0829 0.1117 0.1174 0.1629 0.1748 0.2338 0.4879 0.6904 0.7612 0.7794 0.8757 0.9216 0.9245 0.9621 
00010000010100000
00010000010100000
01001110101000101
01001110101000101
01001010101000101
00010000010100000
00010000010100000
00010000010100000
01001010101000101
01001010101000101
01001010101000101
00010001010100000
01001010101000101
00010000010100000
00010001010100000
01001010101000101
00010000010100000
01001010101011111
10010000010100000
01001010101000101
00010000010100000
01001010101000101
00010000010100000
00010000010100000
00010000010100000
01101010101000101
01001010101000101
00010000010100000
01001010101000101
00010000010100000
00010000010100000
01001010101011111
00010000010100000
00010000010100000
01001010101010101
10010000010100000
01001010101000101
01001010101000101
01001110101000101
00010000010100000
01101010101000101
01101010101000101
00010000010100000
01001110101000101
10010000010100000
10010000010100000
