../msdir/ms 48 1 -s 16 
1686594450

//
segsites: 16
positions: 0.1170 0.2082 0.2815 0.3466 0.4061 0.4676 0.5307 0.6033 0.6276 0.6621 0.6634 0.7379 0.8107 0.8566 0.8901 0.9654 
0000000000101010
0001010000000000
1010000111010000
0000000000101010
0100001000100010
1010000111010000
0000000000101010
0000000000100011
1010000111010000
1000000110010100
0000000000101010
1010000111010000
0100001000100010
1010000111010000
1000100110010100
0001010000000000
0001010000000000
1010000110010000
0000000000101010
1010000111010000
0001010000000000
0000001000100010
0001010000000000
1010000111010000
1010000111010000
0001010000000000
0001010000000000
0000000000100010
0000001000100010
0000001000100010
1000000110010100
0001010000000000
0001010000000000
0000000000100010
1010000111010000
0001010000000000
0001010000000000
0001010000000000
0000001000100010
1000000110010100
0000000000101010
0001010000000000
0001010000000000
0000001000100010
0000000000101010
0001010000000000
0001010000000000
0000000000101010
