../msdir/ms 46 1 -s 19 
1249207075

//
segsites: 19
positions: 0.0290 0.1848 0.1976 0.2652 0.3664 0.3847 0.3870 0.4276 0.4539 0.5324 0.5539 0.5758 0.6963 0.7275 0.7529 0.7530 0.8346 0.8425 0.9375 
0000110101010000111
0100001100100010110
0010000000000101000
0010000000001101000
0010000000000101000
0010000000001101000
0010000000000101000
0000110101010000111
1010000010001101000
0010000000000101000
0010000000001101000
0000110100000000111
1010000010001101000
0100001100100000110
0010000000000101000
0010000000000101000
0000110101010000111
0010000000000101000
0011000000000101000
0010000000001101000
1010000010001101000
0010000000000101000
0010000000000101000
0010000000000101000
0010000000000101000
0010000000001101000
0011000000000101000
0010000000001101000
0010000000001101000
0010000000000101000
0010000000000101000
0100001100100000110
0010000000000101000
0010000000000101000
0100001100100000110
0011000000000101000
1010000010001101000
0010000000000101000
0010000000001101000
0010000000001101000
0010000000000101000
0000110101010000111
0010000000000101000
0010000000001101000
0010000000000101000
0000110100000000111
