../msdir/ms 40 1 -s 18 
127265651

//
segsites: 18
positions: 0.0342 0.0745 0.0758 0.1742 0.2148 0.3571 0.4263 0.4360 0.4383 0.4870 0.4927 0.5634 0.7352 0.8170 0.8289 0.8545 0.9181 0.9753 
001000001001110010
000000000100001000
000000000100001000
010010000100001100
000000000100001000
100000010100001000
000000000100001000
000000000100001000
000000000100001000
001100001001110010
100000010100001000
000000000100001000
000001101001110010
000000000100001000
000000000100001000
100000010100001000
000000000100001000
000001101001110010
000000000100001000
000001101001110010
001000001001110010
000000000100001000
010010000100001000
001000001001110011
001100001001110010
000000000100001000
100000010100001000
100000010100001000
000000000100001000
000000000100001000
000000000100001000
000001101001110010
000000000100001000
000000000100001000
100000010100001000
001000001001110010
000000000100001000
100000010100001000
100000010100001000
000000001011110010
