../msdir/ms 48 1 -s 9 
971321410

//
segsites: 9
positions: 0.0704 0.0791 0.1222 0.1301 0.1393 0.1726 0.1849 0.1912 0.8967 
001000000
000000000
000000000
000000000
000000101
000000000
000000000
001000000
000000000
000000000
000000000
000000101
001000000
000000000
000000000
000000000
000000000
000000000
100010000
000000000
000000000
000000000
000001010
000000000
000000000
000000000
000000000
000000000
000000101
000001010
000000000
000000000
000000000
100110000
100110000
000000000
000000000
110010000
000000000
000000000
000001010
000000000
000000000
000000000
000000000
000001010
000000000
100110000
