../msdir/ms 48 1 -s 17 
2082149149

//
segsites: 17
positions: 0.0568 0.0908 0.1063 0.1118 0.2357 0.3108 0.3185 0.3335 0.3987 0.4484 0.5548 0.6373 0.7874 0.8481 0.8944 0.9103 0.9774 
01000010001100000
01000010001100100
01000010001100000
01000010001100000
01000010001100000
01000010001100000
01000010001100000
01000010001100000
10001000000000000
01000010001100000
01000010001100100
01000110001100000
01000010001100000
01000010001100000
10001000000000000
10001001100001000
10001000000000000
01000010001100100
01000010001100010
10001000000000000
10001000000000000
01000010001100001
01100010001100100
10001001100001000
01000010001100000
01000010001100000
01000010001100000
01100010001100100
01000010001100000
01000010001100000
01000010001100000
10001001100001000
01000010001100010
10011001100001000
01000010001100100
01000110001100000
10001000000000000
01000010001110000
01000010001100000
01000010001110000
01100010001100100
01000010001100000
01000010001110000
01000010001100010
10011001100001000
01000010001100000
01100010001100100
10001000010000000
