../msdir/ms 44 1 -s 14 
1400428845

//
segsites: 14
positions: 0.0152 0.2782 0.3190 0.3459 0.3982 0.4579 0.5792 0.6163 0.6990 0.7261 0.8335 0.8650 0.9723 0.9998 
00000001001000
00000001001000
00000001001000
00000001001000
00000001001000
00001000100000
00001000100000
00010001001000
00010001001000
00000001001000
00010001001000
00000001001000
10001000000010
00000001001000
00000001001000
10001000000010
00100010001000
00000001001000
00000001011000
10001000000010
00001100000000
00001000100000
00001000100000
00001000000010
00001000100000
00000001001100
00000001001000
01000001001000
00000001001000
00000001001000
00001000100000
00000001001000
00001000100000
00001100000000
00000001001000
00000001001000
00000001001000
00001000100000
00001000100001
00001000100001
00000001001000
00000001001000
00000001001000
00001000100001
