../msdir/ms 40 1 -s 13 
561887710

//
segsites: 13
positions: 0.1211 0.1221 0.2768 0.5077 0.5099 0.5114 0.5244 0.6880 0.7363 0.8544 0.8716 0.9298 0.9520 
0000000100000
0000000101010
0000000100000
0000000101000
0001000100000
0010000100000
0000000101000
0000000100001
1000000100000
0000000100000
0000000101000
0000000100000
0000000100001
0000000100000
0000000100100
0000000100000
0000000100000
0000000100001
0000001100000
0000000100100
0000000101000
0000000100000
0000000101000
0000000100000
0000000100000
0100100000000
0001000100000
0010000100000
0000000100001
0000000101000
0000000101000
0000000100000
0100110010000
0000000101000
0000000100000
0100100000000
0000000100000
0000000100000
0000000101000
0000000100000
