../msdir/ms 42 1 -s 12 
620841136

//
segsites: 12
positions: 0.1080 0.1267 0.2850 0.4099 0.4154 0.4994 0.6830 0.8307 0.8438 0.8984 0.9063 0.9150 
100000101001
100000101101
100000101000
100000101101
100000101000
100000101001
100000100000
100001101000
100100101000
100000100000
100000101001
100000101001
100000101101
100000101001
100100101000
100001101010
100010110000
100000101000
100000101001
100000101000
100000101000
100001101000
100010110000
100000101001
100000101101
100000101001
100000101001
101000101000
110000101001
100100101000
100000101001
100000101001
100000101001
100000101000
100000101001
100000101001
100000101001
000000000000
100000101001
100001101000
100000101001
100000101001
