../msdir/ms 46 1 -s 8 
430996277

//
segsites: 8
positions: 0.0979 0.1314 0.1721 0.3456 0.6475 0.6894 0.7271 0.7277 
00000000
00011000
00000000
00000000
00000000
01001101
10011000
00100000
00011000
00011000
00000000
00000000
00011000
00011000
01001011
01001101
01001011
00000000
00000000
00000000
01001011
00011000
00011000
00000000
00011000
00011000
00011000
01001011
01001011
00011000
00011000
00000000
00100000
00000000
00011000
01001011
00011000
01001101
01001011
00011000
00000000
01001101
01001101
00100000
00011000
00000000
