../msdir/ms 46 1 -s 16 
1687811714

//
segsites: 16
positions: 0.0557 0.0861 0.1800 0.1838 0.2116 0.3299 0.4817 0.4871 0.5274 0.6728 0.7029 0.7033 0.7433 0.7972 0.8359 0.8546 
1001001101001000
0000000000000000
0000000000000001
0010000000000101
0000000000100000
0000000000000001
0010000000000101
0000100000000000
0100000000000000
0010000000000101
0000000000000011
0010000000000101
0000000000000001
0010000000000101
0010000000000101
0000000000000001
0000000000010011
0000000000000000
0000000000100000
0000000000000000
0010000000000101
0000100000000000
0000000010000000
0000010000000001
0000000000000000
0010000000000101
0000000000000011
0000000000000001
1001001101001000
0010000000000101
0000100000000000
0010000000000101
1001001101000000
0000000010000000
0010000000000101
0010000000000101
0000000000000001
0000000010000000
0000000000000001
0000000000000000
0010000000000101
0010000000000101
1001001101001000
0000000010000000
0000100000000000
0000000000000001
