../msdir/ms 40 1 -s 9 
1538120995

//
segsites: 9
positions: 0.0146 0.0651 0.2003 0.2408 0.2777 0.4485 0.6819 0.7947 0.8443 
000000000
001000001
011000001
101000001
011000001
101000001
001000001
101001001
001000001
000000000
101000001
101010101
101000001
101000001
001000001
101000001
101000001
000000000
001000001
001000011
101001001
101000001
001000001
000000000
000000000
000000000
101100001
101000001
101001001
000000000
001000001
001000011
101000001
001000001
000000000
000000000
011000001
001000001
101001001
101000001
