../msdir/ms 46 1 -s 9 
106051542

//
segsites: 9
positions: 0.0536 0.0548 0.1230 0.3591 0.4284 0.5504 0.5878 0.6201 0.6614 
000010000
000100000
000000000
000000010
000000110
000000000
000000000
000000010
000000010
000100000
000000010
000000010
001000000
000100000
000000000
000000000
000101000
000000000
000000010
000000010
000000000
000000010
010000010
100000000
000100001
001000000
000000010
000000000
010000010
000000010
000000000
000100001
000000000
000000000
000000010
000000010
000000000
000000000
000000000
000101000
000000000
000000000
010000010
000000000
000000000
000100000
