../msdir/ms 42 1 -s 11 
1733848910

//
segsites: 11
positions: 0.2642 0.3114 0.3882 0.4394 0.4516 0.4866 0.5573 0.7243 0.7321 0.8012 0.9049 
10000000010
10000011011
10000010011
10000100010
10000100010
10000010011
11000000110
00100000000
00100000000
10000100010
10000010011
10001000010
10000010011
10000000010
10000000010
10000000010
10000010011
10000010011
10000010011
10000100010
10000010011
10000011011
10000010011
11000000010
10000010011
10001000010
00010000000
11000000010
10000011011
10000000010
10000010011
10000010011
00010000000
10000000010
11000000110
10000010011
10000010011
10000000010
10000000010
10000000010
10000000010
10000100010
