../msdir/ms 48 1 -s 11 
1432262815

//
segsites: 11
positions: 0.0001 0.0160 0.2553 0.2870 0.2883 0.4145 0.4399 0.4919 0.6033 0.6352 0.9170 
00000000100
00000000100
10000001000
00100000100
00010000001
00010000000
00010000000
00010000000
00010000000
10000001000
00010000000
11000001000
11000001000
00010000000
00010000000
00000000100
00100000100
00010000000
00010000000
00010000001
00010000000
00010000000
00010000000
00010000000
00010000000
00100000100
00100000100
10000011000
00010000000
00010000000
00010000000
00010000000
00010000001
00100000100
00100000100
00000000110
00010000000
11000001000
00100000100
00000000100
00010100000
11000001000
00010000000
10000001000
00001000100
00010000001
00100000100
00010100000
