../msdir/ms 40 1 -s 17 
948197325

//
segsites: 17
positions: 0.0385 0.1310 0.1475 0.2000 0.3106 0.3531 0.3550 0.3578 0.3988 0.5056 0.5800 0.6080 0.6130 0.6798 0.7235 0.8444 0.8522 
00001110100000000
00001010100000000
10001110100000000
00001110100000000
00000000001100010
00001010100000000
00001010100000000
00011110100000000
00001110100000000
00001110100000000
00001110100000000
00000000001000000
00001110100000000
00000000001000000
00101010100000000
00001110100000000
00001110100000000
00011110100000000
00001110100000000
00001110100010000
00001110100000000
00001110100000000
00001110100010000
00001110110000000
00001110100000001
00001110100000000
00001110100000000
00011110100000000
00001110100010000
00101010100000000
01001110100000000
00001010100000000
00000000001000000
00001010100000000
00001110100000000
00001011100001100
00001110100000000
00001110100000000
00000000001000000
00001110100000000
