../msdir/ms 46 1 -s 20 
2016940720

//
segsites: 20
positions: 0.0169 0.0292 0.0363 0.0803 0.0831 0.2304 0.2832 0.3238 0.3383 0.3736 0.4084 0.4154 0.6806 0.7136 0.7862 0.8254 0.8349 0.9309 0.9456 0.9554 
00000010100000101000
00110000000100010000
00000010000000101000
00010000001000010000
10010000000110010000
01011001010000010000
00010000000100010001
00010000000000010000
00010000000000010000
00010000000101010000
00010000000000010000
10010000000110010000
00010000001000010000
00010000000100010000
00010000000100010000
00010000001000010000
00010000000000010000
00010000000100010000
00010000001000010100
00010000001000010000
00110000000100010000
10010000000110010000
00010000000000010000
10010000000110010000
00010000000000010010
00010000000000010000
01011001010000010000
00010000001000010000
00110000000100010000
00010000000000010000
00010000001000010000
01011001000000010000
00010000001000010000
00010000000000010000
00000010100000101000
00010000001000010000
00010000000000010000
00000010000000101000
00010000000000010000
00010000000000010000
00010000000000010000
00010000001000010100
00010100000000010000
00010000000100010000
00000010000000101000
00010000000000010000
