../msdir/ms 44 1 -s 8 
523883457

//
segsites: 8
positions: 0.1453 0.1636 0.3555 0.3948 0.4085 0.4416 0.9019 0.9428 
00001000
00001000
00011001
00001000
00001000
00001000
01001000
00001000
00001100
00001000
00001001
00001100
00001000
00001000
00001000
00001000
00001000
00001000
10001100
00001000
00001000
00001000
01001000
00000000
00001000
00001000
00001000
00001000
00001000
00001000
00001000
00001000
00001000
00001000
00001100
00001000
00001000
00101010
00001000
00001000
00001000
00001000
00001000
00001000
