../msdir/ms 48 1 -s 13 
484687792

//
segsites: 13
positions: 0.0440 0.0942 0.1015 0.3902 0.4013 0.4758 0.6211 0.6680 0.6991 0.9101 0.9212 0.9785 0.9835 
0000001001001
0001001001001
0000001001001
0000000001001
0000000000000
0100000001001
0000010001001
0100000001001
0000001001001
0000000000000
0000010001001
0000000000000
0000000000010
0000000000000
1000000010010
0000001001001
0000000000000
0000000000000
0000000000000
1000000010010
0000000000010
0000010001001
0100000001001
0000000000000
0000000001001
0100000001101
0000100001001
0000001001001
0000000001001
0000001001001
0000001001001
0000001001001
0000000100000
0000001001001
0000100001001
0000001001001
0100000001001
0000000001001
0000001001001
0000000000010
0000000001001
0000000000000
0000000000010
0000000001001
0000100001001
0000000001001
0000000000010
0010000000000
