../msdir/ms 44 1 -s 16 
668914642

//
segsites: 16
positions: 0.0974 0.2244 0.2644 0.4858 0.4879 0.5886 0.6642 0.6706 0.7215 0.7875 0.7905 0.8231 0.8385 0.8589 0.9457 0.9574 
1000001100000001
1100001101000001
1000001101000001
1000101101000001
1000001101000001
1000001101000001
1000001100000001
1000001100000001
1000001101000001
1000001101000001
0000000010000110
1000001100001001
1000001100000001
0000000010000110
1000001101000001
1011001100000001
1000011101000001
1000001101000001
1000011101000001
1000001101000001
1000001100001001
1000001101000001
0000000010100110
1000001101000001
1011001100010001
1000001100001001
1000001101000001
1000001100000001
1000001100000001
0000000010100110
1011001100000001
1000001101000001
1000001101000001
0000000010000110
0000000010000110
1000001101000001
0000000010000110
1000001101000001
1000011101000001
1000001101000001
0000000010100110
1000001101000001
1000011101000001
1000101101000001
