../msdir/ms 46 1 -s 11 
1432372198

//
segsites: 11
positions: 0.0638 0.2003 0.3153 0.4147 0.4493 0.5846 0.5962 0.7019 0.7249 0.8551 0.9735 
10001100100
00000100100
00000100100
00100100100
00100100100
00100100101
00000100100
00000011010
00000100100
00100100100
00100100100
00000011010
01010100100
00000100100
00100100100
00100100100
00100100100
00000100100
00000100100
00000100100
00100100100
00100100100
00000100100
00000100100
00000011010
00100100100
01000100100
01010100100
00000100100
00100100100
00000100100
00000100100
10001100100
00000011010
01000100100
00000100100
00100100100
00000100100
00000100100
00100100100
00000100100
00000011010
00000100100
00000011010
00100100100
00000100100
