../msdir/ms 46 1 -s 10 
1820661446

//
segsites: 10
positions: 0.0343 0.1114 0.2344 0.2355 0.3859 0.3999 0.4618 0.4901 0.6217 0.8735 
0010000000
0000000101
1001100010
0000010000
0000000001
1001000010
1001000010
0000000001
1001000010
1001000010
0000000001
0000001001
1001000010
0000000001
1001000010
0000010000
1001000010
0010000000
1001000010
1001000010
0000000001
0010000000
1001100010
1001000010
0010000000
1001000010
1001000010
1001000010
1001000010
1001100010
1001000010
0000010000
0000010000
1101000010
0000010000
1001000010
1001000010
1001000000
1001000010
1001000010
0000000101
1001000000
1001100010
0010000000
1101000010
1001000010
