../msdir/ms 42 1 -s 20 
1769052629

//
segsites: 20
positions: 0.0681 0.1018 0.2570 0.2632 0.3496 0.3721 0.5582 0.5956 0.6019 0.6061 0.6441 0.6690 0.6767 0.7316 0.7388 0.7771 0.8014 0.8083 0.9101 0.9370 
01010000000000000000
00000000000000000010
00000000000000000010
00000000000100000011
00000000000000000010
00000000000000000010
01010000000000000000
00000000000000000010
01010000001000000000
00000000000100000011
00000000000001000010
00000001000001000010
00011010000000011000
01010000000000000000
00000000000100000011
00000001000001000010
10000000000000100010
01010000000000000000
00100100010000000010
00000000000000000010
00100100010010000010
10000000000000100010
01010000000000000000
00011000000000000100
00000000000000000010
00000000000001000010
01010000000000000000
00000000000100000011
00000000000100000011
00000000000001000010
00000000000000000010
00000000000001000010
00100100010000000010
00100100110000000010
00100100010000000010
00100100010010000010
01010000000000000000
00100100010010000010
00000000000000000010
00000001000001000010
01010000001000000000
00011000000000000100
