../msdir/ms 46 1 -s 12 
620098182

//
segsites: 12
positions: 0.0858 0.1320 0.1732 0.2220 0.3597 0.5395 0.5844 0.6596 0.6703 0.7008 0.7629 0.8498 
000000010011
000000010011
001000000000
000000010011
000000110011
000000110011
001000000000
000000010011
000000010011
001000000000
000000110011
000000010011
000000110011
000000110011
000000110011
000000010011
000000010011
000000010011
000000110011
000000110011
000000010011
000000010011
000000110011
000000010011
000000110011
000000010111
000000010011
000000110011
000000010011
000000010011
110111001000
000000010011
000000110011
000000110011
000000010011
001000000000
000000110011
000000010011
110111001000
000000010011
000000010011
000000010011
000000010111
000000110011
001000000000
000000110011
