../msdir/ms 46 1 -s 13 
186253456

//
segsites: 13
positions: 0.0489 0.1326 0.2087 0.2582 0.3329 0.3640 0.4459 0.5719 0.6722 0.7855 0.8547 0.9080 0.9250 
0000110001110
0000110001110
0000110001110
0000110001110
0000110001110
1100000100001
1100001000001
0000110001110
0000110001110
0000110001110
0000110001110
0000110001110
0000110001110
0000110001110
0000110001110
0000110001110
0000110001110
0000110001110
0000110001110
1100001000001
0000110001110
0000110001110
0000110001110
0010110001110
0000110001110
0000110001110
0000110001110
0000110001110
0000110011110
0000110001110
0000110001110
0000110001110
0000110001110
0000110001110
0010110001110
0000110001110
0000110001110
1100001000001
1100001000001
0000110001110
0000110001110
0000110001110
1100001000001
1101000100001
1100000100001
0000110001110
