../msdir/ms 48 1 -s 14 
857360931

//
segsites: 14
positions: 0.0290 0.1509 0.1682 0.2142 0.3860 0.4213 0.5311 0.6383 0.7476 0.7543 0.8208 0.8822 0.9673 0.9892 
00000000011000
00001000100100
10110010000011
00001000100000
01000000011000
00000000011000
00000000011000
00000000011000
00000001011000
00000000011000
00001000100000
00000000011000
01000000011000
00000100011000
00001000100000
00001000100000
01000000011000
00000000011000
00000000011000
00001000100000
00000000011000
00001000100000
01000000011000
01000000011000
00000000011000
00000000011000
00000000011000
00000000011000
00000000011000
00000000011000
00000100011000
10110010000011
00000100011000
00000000011000
00001000100000
00000000011000
00000000011000
00000000011000
00000000011000
00000000011000
00000000011000
00000000011000
00001000100000
00000000011000
00000000011000
00000000011000
00001000100000
00001000100000
