../msdir/ms 44 1 -s 19 
1858835778

//
segsites: 19
positions: 0.0171 0.0904 0.0938 0.1452 0.1770 0.1878 0.1940 0.2414 0.2822 0.5039 0.6211 0.6276 0.6490 0.7137 0.7630 0.8090 0.8466 0.8770 0.8946 
0000000000000111000
0000000000000011000
1000100010001000000
1000100010001000000
1000100010001000000
0000000000000011000
1000100010001000000
0100000100100011000
0000000000000011000
0000000000000011000
0000000000000011000
1000100010001000000
1001001010000000000
1000100010001000000
1001001010000000000
0000010000000011000
0000010000000011000
1000100010001000000
0100000000100011000
1000100010001000000
0000000000000011000
1000100010001000000
1000100010001000000
1000100010001000000
0000000000000111000
0000000000000111000
0100000000100011000
0000000000000011000
1000100010001000000
1001001010000000000
1000000010011000111
1010100010001000000
1001001010000000000
1001001011000000000
1000000010011000110
1000100010001000000
0000000000000111000
0100000000100011000
1000100010001000000
1000100010001000000
1000100010001000000
1001001010000000000
0000000000000011000
1000100010001000000
