../msdir/ms 46 1 -s 18 
1057518935

//
segsites: 18
positions: 0.0867 0.1208 0.1544 0.2408 0.2468 0.2514 0.2706 0.3334 0.4184 0.4508 0.4680 0.6212 0.6237 0.6951 0.7206 0.8257 0.9298 0.9956 
000110000100000100
000100010100001101
000100000100001101
000101000100000101
000000100010000000
001100000100001101
000110000101000100
000100000100001101
000110000101000100
000100000100010101
001100000100001101
000110000100000100
000110000101000100
000101000100000101
000000100010000000
000110000100000100
000100000100010101
000100000100010101
000000100010000000
000100000100000101
000000100010000000
000000100010000000
000100000100000101
000110000101000100
000100000100000101
000000100010000010
000110000101000100
000000100010000000
000000100010000000
000100000100000101
000100000100000101
100100000100000101
000110000100000100
000101000100000101
000100010100001101
000110000100000100
010100000100100100
000100000100000101
000101000100000101
000000101010000000
000100000100000101
000110000100000100
000110000101000100
000110000100000100
000100000100000101
000100000100010101
