../msdir/ms 42 1 -s 9 
1755077664

//
segsites: 9
positions: 0.0076 0.0986 0.2046 0.3694 0.5387 0.6309 0.7496 0.8927 0.9845 
011000000
100110001
011000000
100110000
000000100
100110000
011000000
011000000
100110001
000000100
011000000
100110001
100000000
100110000
100110001
011000000
100000000
100110001
000000100
100110000
011000000
011000000
100110000
100110001
011000000
011000000
011000000
011000000
011000000
010001000
100000000
011000000
010000000
100000000
011000000
011000000
100110001
010000000
100000000
010000000
010000000
010000010
