../msdir/ms 44 1 -s 11 
926233463

//
segsites: 11
positions: 0.0174 0.0926 0.1887 0.4649 0.4963 0.5181 0.5564 0.7947 0.8069 0.8322 0.8339 
00001000100
01000000000
00001011000
01000000000
00000000011
00110000000
01000000000
00001000100
10110000000
00001000100
01000000000
00001000000
01000000000
01000000000
01000000000
10110000000
00010000000
01000000000
01000000000
00010000000
01000000000
00001101000
00010000000
00001000100
00001000000
00010000000
01000000000
01000000000
00000000011
00001000000
01000000000
01000000000
00001101000
00000000011
00001000100
00110000000
00000000011
00001000000
01000000000
00001000100
00110000000
00110000000
01000000000
00110000000
