../msdir/ms 48 1 -s 18 
1009301481

//
segsites: 18
positions: 0.0090 0.0107 0.2398 0.2805 0.3405 0.3461 0.4196 0.5393 0.5489 0.5783 0.6599 0.7035 0.7513 0.7829 0.8830 0.8965 0.9321 0.9832 
010000000001100001
010000000001100001
100001100000000000
100001100000000000
100001100000000000
100001100000000000
010000000001100001
010000010001100101
010000000001100001
010100000101100001
010000000001100001
100001100000000000
011000010011100101
010000000001100001
010000000001100001
010000000001110001
100001100000000000
100001100000000000
010000000001110001
010000000001100001
010000000001100001
010000000001100001
010100000101100001
010000000001100001
100001100000001000
010000000001100001
010000000001100001
010000000001100001
010000000001100001
010000000001100001
010000000001110001
010000000001100001
010010000101100001
010000000001100001
010000000001100001
010000000001110001
100001101000000000
010000010001100101
010000000001100001
010000000001110001
100001100000000000
010000000001100011
100001100000000000
010010000101100001
010000000001110001
010010000101100001
010000000001100001
010000000001100001
