../msdir/ms 42 1 -s 17 
42177382

//
segsites: 17
positions: 0.0171 0.0554 0.0704 0.0816 0.1481 0.2216 0.2533 0.3231 0.3775 0.3881 0.5628 0.5955 0.7298 0.8546 0.8645 0.8916 0.9738 
01100100000100000
01100100000001000
01100100000100000
01100100100001000
01100100000100000
01101100000000000
00110100000000100
01101100000000000
01101100000000000
00110100000000100
00100100000010100
00100100000010100
01100100000100000
00110100000000100
01101100000000000
01101100000000000
00100100000010100
01100100000001000
00110100000000100
01100100000100000
01101100000000000
01101100000000000
00110100000000100
01100100000000000
01100100000000000
00100100010010100
00100100010010100
01100100000100000
01100100000000000
00100100000010100
01100100000100000
00110100000000100
10000010001000010
01101100000000000
01101100000000000
01100100000100000
00110100000000101
10000010001000010
01101100000000000
00100100010010100
01101100000000000
00110101000000101
