../msdir/ms 40 1 -s 12 
2135237695

//
segsites: 12
positions: 0.0084 0.1517 0.1574 0.2577 0.3648 0.3703 0.5575 0.6118 0.6400 0.7242 0.8908 0.9413 
101000000010
101000010010
101000000110
101000100010
101100100010
101000100010
010001000001
101000000010
101000101010
101000000010
101000010010
101000000010
101000000010
101000000010
101000000010
101000000010
101000000010
101000000010
101000000010
101000000010
101000000010
101000000010
101000000010
101000010010
101000000010
101000010010
101000000010
101000100010
101000000010
101010000010
101000000010
101000000010
101000000010
101000010010
101000010010
101000010010
101000010010
101000010010
101000000010
101000000010
