../msdir/ms 44 1 -s 9 
413541

//
segsites: 9
positions: 0.0843 0.1667 0.3009 0.3467 0.3711 0.5196 0.6305 0.7286 0.9604 
100110000
011001110
010001110
100110000
010001110
000110000
010001110
000110000
000110000
100110000
011001110
011001110
011001110
010001110
011001110
011001110
010001110
010001110
100110000
011001110
100110000
100110000
100110000
100110000
010001110
010001110
010001111
010001110
010001110
010001110
100110000
010001110
010001110
010001111
011001110
100110000
100110000
010001110
010001110
010001110
100110000
010001110
010001110
010001110
