../msdir/ms 48 1 -s 19 
1181648237

//
segsites: 19
positions: 0.0317 0.0505 0.1412 0.1928 0.2057 0.3040 0.3220 0.3389 0.3455 0.4307 0.5380 0.6105 0.7005 0.7085 0.7104 0.7704 0.8346 0.8552 0.9471 
1000001000001111000
0001000000000010000
0001000000000010000
0000001000000111000
0000001000000111000
0000010000000010000
0000100000000010000
0001000000000010000
0001000000000010000
0100001000000111000
0000000000100010000
0000010000000010000
0000000000100010000
0000000000100010000
0000000111000000001
0000000000000010000
0000001000000111010
0000001000010111100
0000000000100010000
0001000000000010000
0000000000100010000
0000000111000000001
0000001000000111010
0001000000000010000
0000001000010111100
0010000000100010000
0000000111000000001
0000000111000000001
0000010000000010000
0000000000000010000
0000001000000111000
0100001000000111000
0000000000100010000
0000000111000000001
1000001000001111000
0001000000000010000
0000001000000111000
0001000000000010000
0001000000000010000
0000001000000111010
0000000111000000001
0000001000010111100
0000000000000010000
0000000000000010000
0000000000000010000
0000001000010111100
0000010000000010000
0000000000100010000
