../msdir/ms 44 1 -s 12 
2058180429

//
segsites: 12
positions: 0.0655 0.0954 0.1085 0.2308 0.3496 0.3509 0.3840 0.4414 0.6281 0.8432 0.9519 0.9753 
000010001100
000010001100
000000010100
000010001100
000000000100
010010001100
100000000100
000111001100
000000000100
000111001100
000000000100
000000000100
000000000100
000000000101
000000100100
000010001100
001000000110
001000000110
000000000100
000000000100
000010001100
000000000100
010010001100
000010001100
000000000101
000000000100
001000000110
000000000000
000000000100
000000000100
000000000100
000010001100
001000000110
000010001100
000000000100
001000000110
000000000100
000010001100
000000000100
000000000100
000000000100
000000000100
000010001100
000000010100
