../msdir/ms 40 1 -s 15 
1711660618

//
segsites: 15
positions: 0.0073 0.2640 0.3021 0.3106 0.4017 0.5041 0.5621 0.5865 0.6013 0.7653 0.7964 0.8218 0.8459 0.8481 0.8573 
000000000001000
011100100100000
000011010001100
000011000001100
001000100000000
001000100000000
001000100000000
001000100000000
001000100000000
001000100000000
000011010001100
001000100000010
000000001000000
000000001000000
001000100000001
001000100000000
000011000001100
001000100000000
001000100000000
011100100100000
000000001000000
001000100000000
001000100000000
000011010001100
101000100000000
001000100000000
001000100000010
001000100000010
001000100010000
001000100000001
001000100000001
000011010001100
001000100000000
001000100000000
000011000001100
001000100000000
000000001000000
001000100000000
011000100000000
000011010001100
