../msdir/ms 40 1 -s 11 
807548958

//
segsites: 11
positions: 0.0210 0.0848 0.0976 0.1259 0.1976 0.3725 0.4959 0.5785 0.6667 0.8428 0.8582 
11101000000
00000010000
00000010000
00000010000
00000010000
10100001111
10100000011
10100000111
00000010000
00010010000
10100000000
10100000011
00000010000
10100000111
00000010000
00000010000
11101000000
00000110000
10100001111
00000010000
10100000000
11101000000
00000010000
00000010000
00000010000
00000010000
10100000111
10100000111
00000010000
11101000000
00000010000
11101000000
00000010000
00000010000
00000010000
00000010000
00000010000
00000010000
00000010000
00000010000
