../msdir/ms 48 1 -s 20 
89442491

//
segsites: 20
positions: 0.0328 0.0508 0.0861 0.1574 0.1774 0.2292 0.2835 0.3325 0.3927 0.4295 0.4847 0.4939 0.5033 0.6390 0.7977 0.8285 0.8681 0.8797 0.8932 0.9969 
01000000000000000100
01000000000000000000
01001000000100100000
00100001001000000000
00100000000000000000
01010000000000001000
01010000000000001000
01000010000000000000
01010000000000001000
01010000000000001000
00100000000000000000
01000010000000000000
10000100100001000010
01010000000000001000
01000000000000000100
01001000000100100000
01000010000000000000
00100000000000000000
00100000000000010001
01000010000000000000
01000010000000000000
01010000000000001000
10000100100001000010
00100001001000000000
00100000000000000000
01000000000000000000
01000000000000000000
00100000000010000000
01000010000000000000
01001000010100100000
01001000000100100000
01001000000100100000
00100000000000010001
00100001001000000000
00100001001000000000
10000100100001000010
00100000000000000000
10000100100001000010
01001000000100100000
01001000000100100000
00100000000000010001
01001000000100100000
00100000000000000000
01000000000000000000
01000010000000000000
10000100100001000010
00100001001000000000
01000000000000000000
