../msdir/ms 40 1 -s 10 
2000597556

//
segsites: 10
positions: 0.3048 0.4248 0.4402 0.5253 0.6564 0.8192 0.8425 0.8475 0.9056 0.9363 
0000001000
0000001000
0000001010
0000001000
0000001000
0000001000
0010001000
0000001100
0010001000
1100000001
0000001000
1100000001
0000001100
1100000001
1100000001
0000001000
0000001100
1100000001
1100000001
0000001000
1100000001
0000001000
0000101010
0001001010
1100000001
0000001000
0000001000
0000001000
0010011000
1100000001
0000001000
0000001000
0010001000
0000001100
0000001010
0000001000
0010001000
0000001000
0010001000
1100000001
