../msdir/ms 44 1 -s 13 
415636389

//
segsites: 13
positions: 0.0589 0.0912 0.0957 0.1252 0.2557 0.3763 0.4555 0.4568 0.4697 0.5974 0.6992 0.8003 0.9640 
1010000000100
1010000000100
1010000000100
0000100000001
0001100000001
1010000000100
1010000000100
0100000000100
0000100011001
0000110100011
1010000000100
0100000000100
0000110000011
0000100000001
1010000000100
1010000000100
0000100000001
0000100000001
0000110000011
1010000000100
0000100000001
0000100000001
0100000000100
0000100000001
0000100000001
1010001000100
1010000000100
0000110000011
1010000000100
1010000000100
1010000000100
0000100000001
1010000000100
0000100011001
1010000000100
1010000000100
1010000000100
0100000000100
0000100000001
0000110100011
1010000000100
1010000000100
1010000000100
0100000000100
