../msdir/ms 46 1 -s 15 
2019204707

//
segsites: 15
positions: 0.0158 0.0322 0.0324 0.1707 0.2714 0.3932 0.4448 0.4550 0.5855 0.6483 0.6539 0.7594 0.8889 0.9135 0.9235 
000000000000000
000000011000010
000000000000000
000000000100000
000000000100000
000000000100000
011101000000000
000010000001001
000000000000000
000000000100000
000000000100000
000000100000000
000000000100000
000010000001001
011101000000000
000000000100000
000000000000000
000000100000000
100000000010000
000000000100000
000000011000010
000000011000010
000000000100000
000000000100000
000000011000010
000000011000010
000000011000010
000000000100000
000000000100000
000000011000010
000000000100000
000000000100000
000000000000000
000000000100000
000000100000000
000000000100000
000000100000000
000000000100000
000000011000010
000000100000000
000000100000000
100000000010000
100000000010100
000000000100000
000000000100000
000000000100000
