../msdir/ms 58 1 -s 15 
1764808750

//
segsites: 15
positions: 0.1120 0.1859 0.3425 0.3710 0.3918 0.4083 0.4300 0.4499 0.4886 0.6625 0.7216 0.8082 0.8598 0.9279 0.9435 
101000010000000
101000010000000
101000010000000
000001000001000
000001100001000
101000010000001
101000010000001
101000010000000
101000010000000
101000010000001
101000010000000
101100000000000
000001000001000
101110000000000
000001000001000
101000010000001
101000010000001
101000010000000
101000010000001
000001000001000
101100001000000
101000010000000
101000010000000
000001000001100
101000010100001
000001000001000
000001000001100
101000010000001
101100000010000
000001000001100
101100001000000
101000010000000
101000010000001
000001000001010
101000010000000
000001100001000
101000010000001
000001000001010
101100000000000
101000010000001
101000010000001
101000010000000
000001000001000
101000010000000
101100000010000
101000010000001
101100000000000
101000010100001
101000010000000
000001000001000
101000010000000
000001000001100
101000010000000
101000010000001
101000010000000
101100000000000
101100000000000
111100000000000
