../msdir/ms 50 1 -s 19 
1713620592

//
segsites: 19
positions: 0.0050 0.0846 0.0882 0.1237 0.1664 0.2682 0.3484 0.3533 0.4521 0.4577 0.6504 0.6547 0.6714 0.6880 0.7379 0.7560 0.7823 0.7993 0.9355 
0000001100100000000
0100000000010100100
0100000000010100100
0010000000010000101
0100000000010100100
0000001100100000000
0010000000010000101
0000100000010001111
0010000001010000101
0000000010010000101
0000001100100000000
0000001100100000000
0000000000010010101
0000000010010000101
0100000000010100100
0000001000100000000
0000000000010000101
0000001100100000000
0010010000010000101
0010000000010000101
0000000010010000101
0000000010010000101
0010000000010000101
0100000000010100100
0100000000010100100
0000000000010000101
0010000000010000101
0000001100100000000
0000001100100000000
0000000000010000101
0000001100100000000
0100000000010100100
0000000000010000101
0010000000010000101
0000000000010000101
0100000000010100100
0010000000010000101
0100000000010100100
0010010000010000101
0000001100100000000
1001000000010000101
0000000010010000101
0100000000010100100
0000000010010000101
0000100000011000111
0100000000010100100
0100000000010100100
0000000010010000101
0000000010010000101
0010000000010000101
