../msdir/ms 54 1 -s 11 
1733187400

//
segsites: 11
positions: 0.1957 0.2116 0.2715 0.3225 0.4437 0.4887 0.7143 0.7308 0.8027 0.8054 0.8535 
01000000110
01000000110
01000000110
01000000110
11001011110
00010000000
01000000110
11000011110
11000011110
11000011110
11000011110
01000000110
01000000110
11000011110
11000011110
01000000110
01000000110
01000000110
01000000110
11000011110
11000011110
01000000110
11000011110
11000011110
11000011110
00010000000
11100011110
11001011110
11000011110
01000000110
11000011110
11100011110
11000011110
00010000000
01000000110
11100011110
00010000000
11000011111
01000000110
11000011110
11000011110
11000011111
11000011110
01000000110
11000011110
01000000110
11100011110
01000000110
11000011110
01000000110
11000011111
11000011110
11000111110
11000011110
