../msdir/ms 52 1 -s 17 
1694901312

//
segsites: 17
positions: 0.0615 0.0781 0.0925 0.1090 0.1188 0.1295 0.2137 0.2953 0.2988 0.3304 0.3317 0.5098 0.5904 0.7355 0.7620 0.7852 0.8638 
00010011000101000
00000000100101000
00000000000101010
00000011000101000
00000000000111110
00000000000111110
00000000000101010
10100100000000000
00001000000101010
10100100000000000
00000001010101000
10100100000000000
00001000000101010
00000011000101000
00000000000111110
00000001010101001
10100100000000000
10100100000000000
00000000100101000
00001000000101010
00010011000101000
00000001010101000
00000000000111010
00000000100101000
00000000000111110
01001000000101010
00000001010101001
10100100000000000
00000000001101010
00000000000101000
10100100000000000
00000000000101010
00000000000101000
00000000000111010
10100100000000000
00000001010101001
00000001010101000
10100100000000000
10100100000000000
00000011000101000
00000000000111010
01001000000101010
00000000000101000
10100100000000000
00000000000111010
00000000100101000
00000000000111010
00010011000101000
00000000000111010
00000001010101000
00000000000101010
00000000000111110
