../msdir/ms 50 1 -s 8 
1470651595

//
segsites: 8
positions: 0.0030 0.3265 0.3474 0.3951 0.4486 0.6009 0.7605 0.9112 
00000100
00000100
10100001
10100001
10100001
10100001
00000100
00000100
00011001
00011001
00011001
00000100
10100001
10100001
00011001
00011001
10100001
00000110
00011001
00000100
11100001
00000100
00011001
00011001
10100001
10100001
11100001
10100001
10100001
10100001
00011001
10100001
00011001
10100001
10100001
00000100
00011001
00000100
00000100
00011001
00000100
00011001
10100001
10100001
10100001
10100001
10100001
10100001
10100001
00011001
