../msdir/ms 52 1 -s 12 
374222146

//
segsites: 12
positions: 0.0298 0.0625 0.1201 0.2391 0.3441 0.4020 0.4770 0.5184 0.5932 0.7422 0.8573 0.9104 
001100000000
001100000000
001100000000
001100000000
001100000000
010000000100
010000000100
110000001100
110000001100
001110100000
110000001100
001110100000
110000001100
010001010100
010000000100
001100000000
010000000100
001100000000
110000001100
001100000000
001100000000
001100000000
010000000100
001100000000
001100000000
110000001100
010001010100
001100000000
110000001100
001100000000
001100000000
010000000100
001100000000
010000000100
110000001100
110000001100
001100000000
110000001100
001110100000
001100000000
010000000100
001100000000
010000000100
010000000110
001100000000
001100000000
001100000000
001100000001
001100000000
010000000100
001100000000
010000000100
