../msdir/ms 52 1 -s 11 
1422855882

//
segsites: 11
positions: 0.0150 0.2148 0.5499 0.6027 0.7273 0.7304 0.7521 0.7601 0.7603 0.8051 0.8775 
00010010000
00101000010
00001000010
00101000010
00001000010
10000010000
10000010000
00101000010
00101000010
00001000010
00101000010
10000010000
00101000010
00001000010
00101000010
00001100010
00000010000
00101000010
00101000010
00001000010
00001000010
00101000010
00001000010
00101000010
00001000010
00001000010
00000010000
01000001100
00001000010
00101000010
10000010000
01000001100
00010010000
00101000010
10000010000
00001000010
00001000011
00101000010
00101000010
00001000010
10000010000
00101000010
00001000010
00101000010
00001000010
00001000010
00001000010
01000001100
00101000010
00001000010
00001000010
00001100010
