../msdir/ms 58 1 -s 19 
214745766

//
segsites: 19
positions: 0.1085 0.1821 0.1956 0.2352 0.3589 0.3637 0.3903 0.4189 0.4501 0.4545 0.5252 0.5257 0.5970 0.6280 0.6740 0.7852 0.8062 0.8415 0.8437 
0010000000000000000
0000101000101000010
0010000000000000000
0000101000101000010
0010000000000000000
0010000000000000000
1000000011000100000
0000101000101000010
0000101000101000010
0010000000000000000
0010000000000000000
0000101000101000010
1000000011000100001
0011000000000000000
1000000011000100000
0010000000000000000
0000010000010000100
0010000000000000000
0000101000101000010
0010000100000000000
0010000000000000000
0010000000000000000
0010000000000000000
0010000000000000000
1000000000000110000
0010000100000000000
0010000000000000000
0010000000000000000
0010000000000000000
0010000000000000000
0010000000000000000
0010000000000000000
0000101000101000010
0010000000000000000
1000000011000100000
0010000000000000000
1000000000000110000
0010000000000000000
0010000000000000000
0000010000010000100
1000000000000110000
0010000000000000000
0000101000101000010
0010000000000000000
0010000000000000000
0010000000000000000
0000101000101000010
0010000000000000000
0010000000000000000
0010000000000000000
0000101000101000010
0000101000101000010
0000101000101000010
0110000000000000000
0000101000101001010
0010000000000000000
0010000100000000000
0010000100000000000
