../msdir/ms 56 1 -s 18 
1636586215

//
segsites: 18
positions: 0.1521 0.1765 0.1799 0.1819 0.2490 0.2681 0.4486 0.4867 0.4981 0.6006 0.6745 0.6912 0.7384 0.7505 0.8230 0.8358 0.9047 0.9704 
001110000010000000
000000010001110000
000000010001110000
000000010001110000
000000010001110000
100100000010001010
000000100100010001
100100000010001010
000000010001010000
000100000010000000
001110000010000000
000101000010000000
000100000010000000
100100000010001010
000101000010000000
000000010001110000
000000010001110000
000100000010000000
001110000010000000
000100000010000000
000100000010000000
000100000010000000
000100000010000000
000100000010000000
000100000010000000
000100000010000000
000100000010000000
000000010001110000
000000010001110000
001100001010000000
000100000010000000
000000010001010000
001110000010000000
000100000010000000
000100000010000000
000000100100010001
000000010001110000
000100000010000000
100100000010001010
000000100100010001
010000010001110000
001100000010000000
100100000010001010
001100000010000000
010000010001110000
000100000010000000
000000010001110000
100100000010001010
001110000010000000
000100000010000000
001110000010000000
000101000010000100
000000100100010001
000100000010000000
000100000010000000
000000010001110000
