../msdir/ms 50 1 -s 18 
1110713847

//
segsites: 18
positions: 0.0897 0.0996 0.1544 0.3030 0.3045 0.3441 0.3872 0.4020 0.4774 0.5173 0.5816 0.6579 0.6608 0.6900 0.7184 0.7459 0.7882 0.8609 
001000011100000000
001000011100000000
110001100000000000
110001100000000000
110001100000000000
000100100000100000
001000011100001010
000100100000100000
110001100000000000
110001100011000000
110001100000000000
001000011100011010
110001100000000000
001000011100000000
001000011100011010
110001100001000000
110001100000000000
110001100000000000
110001100000000000
001000011100001010
001000011100000000
110001100001000000
110001100001000000
110001100000000000
110001100000000000
110001100000000000
110001100001000000
110001100001000001
110001100000000000
110001100000000000
110001100000000000
110001100000000000
110001100000000000
110001100001000000
001000011100011010
001000011100011010
001000011100011010
110001100001000000
001000011100011010
001010011100011010
110001100000000000
001000011100011010
001010011100011010
001000011100011110
001000011100000000
110001100001000000
001000011100011010
110001100011000000
110001100011000000
110001100001000000
