../msdir/ms 54 1 -s 8 
1538799839

//
segsites: 8
positions: 0.0043 0.2304 0.2936 0.2987 0.5939 0.7579 0.9123 0.9172 
10000000
00010010
01010001
00010001
10000000
10000000
10000000
00010010
00010001
00010001
10000000
00010010
00010001
00010001
00010010
00010001
00010010
00010001
10000000
10000000
10000000
01010001
00010001
10000000
00010001
00010010
10001000
01010001
10000000
10000000
10000000
00010001
01010001
00010001
00010010
00010001
10000000
00010001
00010000
00010001
00010001
00010001
00010001
10001000
10000000
10000000
01010001
00010001
00010010
00010001
10000100
10101000
10000000
10000000
