../msdir/ms 58 1 -s 20 
1833227550

//
segsites: 20
positions: 0.0128 0.1198 0.1314 0.1551 0.1915 0.2720 0.3033 0.3350 0.3631 0.3813 0.5215 0.5661 0.7145 0.7572 0.7661 0.8059 0.8188 0.8531 0.9091 0.9244 
00000001001000110010
00000000000000110010
10000000000000110010
10000000000000110010
00000000000000000000
00000000100000000000
00000000000000110010
00000001001000110010
00000000100000000000
10000000000000110010
00000100000010011010
00000001001000110010
00000000010000110010
00000000000000110010
00000000100000000000
00001010000010011111
10000000000000110010
00000100000010011010
00000001001000110010
00000100000010011010
10000000000000110010
00000000000000000000
00000000100000000000
10000000000000110010
00000100000010011010
00000000010000110010
00000000010000110010
00000000100000000000
00000000000000110010
00000000000101110010
00000100000010011010
00000100000010011010
10000000000000110010
00000000100000000000
00010000000000000000
00000100000010011010
00000000000000000000
00000100000010011010
00000000010000110010
10000000000000110010
10000000000000110010
10000000000000110010
00010000000000000000
00000000000000110010
00000000010000110010
00100000000000000000
00000000100000000000
00000100000010011010
00000000100000000000
00000000000000000000
00000000100000000000
00000100000010011010
00000000000000110010
00000000000000110010
00000000000000110010
00000000000101110010
01000000100000000000
00000000000101110010
