../msdir/ms 56 1 -s 16 
1859593914

//
segsites: 16
positions: 0.0280 0.0376 0.1293 0.1448 0.1490 0.1847 0.2156 0.3292 0.4048 0.5486 0.5919 0.5986 0.7554 0.7960 0.9159 0.9603 
0010000000000011
0010010000000011
0010000000000011
0010100000000011
0010000000000011
0010000000000011
0010000000000011
1010000000000011
0010000000000011
0010000000000011
0010000000000011
0010000000000011
0010100000000011
0010000000000011
0010000000000011
0010000100000011
0010000000000011
0010000000000011
0010000000000011
1010000000000011
0010000100000011
0010000000000011
0010000000000011
0010000010000011
0010000000000011
0010000010000011
0010000000000011
0010000000000011
0010010000000011
0010000000001011
0010000000000011
0010000000000011
0010100000000011
0010000000000011
0010000100000011
0010100000000011
0010000000000011
0010000000000011
0101000001010100
0010000000000011
1010000000000011
0010100000000011
0010000100000011
1010000000000011
0010000000100011
0010001000000011
0010000000000011
0010000000000011
0010000000000011
0010000000000011
0010000000000011
0010000000100011
0010000000000011
0010000000000011
0010000000000011
1010000000000011
