../msdir/ms 52 1 -s 14 
1813132681

//
segsites: 14
positions: 0.0093 0.0465 0.0558 0.1013 0.1459 0.1693 0.2304 0.2443 0.3177 0.3627 0.4300 0.5640 0.6596 0.7006 
00101001100000
00101001000000
00101001000000
00101001000010
00101001100000
00101001000000
00101001000000
00101001000000
00111001000000
00100001000000
00101001000000
00100001000000
00100001000000
00101001000010
00101001000000
00101001100000
00101001000010
00101001000000
11000100001101
00101011000010
00101001000000
00101001000000
00111001000000
00101001100000
00101001010000
00101001000000
00101001000000
00101001000000
00101001000000
00101001000000
00101011000010
00101001010000
00101001000000
00101001010000
00100001000000
00101001000000
00101001000000
00101001000000
11000100001101
00101001100000
11000100001101
00111001000000
00100001000000
00101001010000
00101001000000
00100001000000
00101001100000
00101001000010
00101001000010
00101001000000
00101001000000
00101001010000
