../msdir/ms 50 1 -s 11 
259340867

//
segsites: 11
positions: 0.2133 0.3266 0.4297 0.5652 0.6610 0.7035 0.7591 0.8078 0.8143 0.8696 0.9462 
00000000100
00000000100
01100001001
01000000000
11100001001
01100001001
01100001001
00001000110
01000000000
01100001001
01000000000
01100001001
01000000000
01000001001
01000000000
01000000000
01000000000
01000000000
00000000100
01000000000
01000010000
01000100000
00001000100
01000000000
00000000100
01000000000
00000000100
01000000000
01000000000
01000000000
01100001001
01100001001
01000000000
01000001001
00000000100
01100001001
01000000000
01000000000
01000000000
01000000000
01100001001
01000000000
01010000000
01000010000
01000000000
00000000100
01010000000
01000000000
01000000000
00000000100
