../msdir/ms 58 1 -s 10 
1537535379

//
segsites: 10
positions: 0.0061 0.2900 0.3846 0.4054 0.6527 0.7427 0.7877 0.8770 0.8923 0.9286 
0000110000
1000001010
0000110000
1000001010
0000110000
1100001010
0000110000
1000001010
1001001110
1000001010
0000110000
0000110000
1100001010
0000110000
1000001010
0000110000
1000001010
1000001010
1100001010
0000110000
1100001010
0000110000
0000110000
1100001010
0000110000
0000110000
1000001010
0010110000
1000001011
0000110000
1000001010
1100001010
1001001110
0000110000
1001001110
0000110000
0000110000
1001001110
0000110000
1100001010
1000001011
1000001010
0000110000
1000001010
1000001010
1000001010
0000110000
0000110000
1000001010
1000001010
0000110000
0000110000
0000110000
1000001010
0000110000
0000110000
0000110000
1100001010
