../msdir/ms 54 1 -s 15 
1768160458

//
segsites: 15
positions: 0.0281 0.0564 0.0746 0.1138 0.1949 0.3579 0.3951 0.4271 0.4524 0.4947 0.5670 0.7221 0.7618 0.8701 0.9231 
010001001110000
010000001110100
010000001110000
000010010000001
000010010000001
000000101000010
010000001110000
010000001110000
010000001110000
001000101000010
010000001110000
010000001110000
100010000001001
000010000001001
010000001110000
001000101000010
000010010000001
010000001110000
010000001110000
010000001110000
000100101000010
010000001110000
000010010000001
000000101000010
000100101000010
010000001110000
010000001110000
001000101000010
010000001110000
010000001110000
001000101000010
010000001110000
000010010000001
010000001110000
000010000001001
100010000001001
000010010000001
001000101000010
010000001110000
001000101000010
010000001110000
010000001110000
000000001000000
010000001110000
000000001000000
010000001110000
000010010000001
010000001110000
010000001110000
000010010000001
000010010000001
100010000001001
001000101000010
000000101000010
