../msdir/ms 52 1 -s 16 
1367597290

//
segsites: 16
positions: 0.0211 0.0382 0.2025 0.2194 0.3043 0.3321 0.4300 0.5146 0.5662 0.6249 0.6283 0.6746 0.7331 0.7372 0.7646 0.8876 
0000000000001000
0000010000000000
0000011000000000
0000010000000100
1000010000000100
0000000000001000
1000010000000100
0000000000001001
0000000000001000
0000010000000000
0000010001000100
0000010000000000
0000000000001000
0000000000001000
0000000000001000
0000010000000000
0000010001000100
0000000000001000
0000010000000000
0100010001000100
0000010000000000
0000010000000000
0010110010100010
0000000000001000
0000000000001000
1000010000000100
0000000000001000
0000010000000000
1000010000000100
1000010000000100
0000010001000100
1000010000000100
0000010000000000
0000010000000000
0000000000001001
1000010000000100
0000010000000100
0000010000000000
0000000000001000
1000010000000100
0000000000001000
0000010000000000
1000010000000100
0000000000001000
0000010000000100
0000010000000000
0000000100001000
0000010000000000
0000010000000000
1000010000000100
0011010010110010
0000000000001000
