../msdir/ms 52 1 -s 15 
293818914

//
segsites: 15
positions: 0.0080 0.2901 0.3580 0.4060 0.4397 0.5546 0.5962 0.6016 0.6119 0.6755 0.7497 0.8023 0.8896 0.9312 0.9361 
010000000000010
000011000000000
010000000000010
000011000000000
010000000000010
101000000001000
010000000000010
010000000000010
000000101010000
000011000000000
101000000001000
101000000001000
101000000001000
010000000000010
000000101010000
010000000100010
101000000001000
101000000001000
000000001010000
101000000001000
010000000000010
000000001010000
000011000000000
101000000001000
101000000001000
101000000001000
101000000001000
010000000000010
000100000000101
000100000000101
010000000000010
010000000000010
000100010000100
010000000000010
101000000001000
010000000000010
010000000000010
000011000000000
010000000000010
010000000000010
101000000001000
101000000001000
010000000000010
101000000001000
101000000001000
000011000000000
101000000001000
101000000001000
010000000000010
010000000000010
000011000000000
000000001010000
