../msdir/ms 54 1 -s 9 
1051271125

//
segsites: 9
positions: 0.0751 0.1763 0.3008 0.3757 0.4365 0.8229 0.8596 0.9120 0.9438 
000000110
000000110
001111000
001011000
001011000
000000000
000000110
000000110
000000111
001011000
001011000
000000110
001011000
000000111
001011000
001011000
001011000
000000111
000000111
000000111
100000111
010000000
000000111
001011000
001011000
001011000
001011000
000000110
000000110
001011000
000000111
000000111
100000111
001011000
000000111
001111000
001011000
000000111
000000111
001111000
100000111
000000111
000000111
001111000
001011000
000000111
000000111
001111000
000000111
000000111
001011000
000000111
000000111
001011000
