../msdir/ms 56 1 -s 10 
1038414068

//
segsites: 10
positions: 0.1406 0.2915 0.3106 0.3936 0.4142 0.4765 0.6719 0.7026 0.7575 0.9800 
1011000100
0000010000
1011000100
0000010000
1011000100
0000010000
1011000100
1011100100
1011000100
1011100100
1011000100
1011000100
1011000100
1011000100
1011000100
1011100100
1011000100
1011000100
1011000100
1011000100
1011100100
1011100100
1011000100
1011000100
1011000100
1011000100
1011000100
1011000100
1011000100
1111000100
1011000100
1011000100
1011100100
1011000100
1011000100
1011000100
1111000100
1011100100
1011000100
1011100100
1011000100
1011000100
1011000100
1011100100
1011000100
1011000100
1011001111
1011000100
1011000100
1011000100
1011000100
1011000100
1011000100
1011000100
1011100100
1011000100
