../msdir/ms 56 1 -s 17 
1670509207

//
segsites: 17
positions: 0.0332 0.0623 0.0800 0.1246 0.2701 0.2973 0.3108 0.3226 0.3765 0.3809 0.7006 0.7482 0.7679 0.8254 0.9010 0.9682 0.9805 
00000000001000001
00101000100100000
00000000001000001
00000000000000100
00000000000000100
11000000010001100
00000000001000001
00000000000000100
10000000000001100
00000000001000001
00000000000000100
00010001000000100
00000000000000100
00000100000100000
00000000001000001
00000000001000000
00000000000000100
00010001000000100
10000000000000110
00000000000000100
00000000000000100
00000000000010100
00000000000000100
10000000000000110
00000000000000100
00101000100100000
00000010000000100
00000000000000100
00000000000000100
00010000000000100
00101000100100000
00101000100100000
00000000001000001
00000100000100000
00000100000100000
10000000000000110
00000100000100000
00000000000000100
00000100000100000
00000000001000000
00010000000000100
00000100000100000
10000000000000110
00000000000000100
00000000001000001
00000000000000100
00010000000000100
00010000000000100
00010000000000100
00000000000000100
00000100000100000
00000000000000100
00000100000100000
00000000000000100
00000000001000001
00000000000000100
