../msdir/ms 54 1 -s 13 
1192512834

//
segsites: 13
positions: 0.1720 0.3627 0.4059 0.5375 0.5855 0.5954 0.6345 0.6527 0.7112 0.7300 0.7320 0.7561 0.8219 
0000001001000
0000001001000
0000001011000
0000001001000
0011111001000
0100000000010
0100000000010
0000001001100
0000001001000
0010101001000
0010101001000
0010101001000
0100000000010
0000001001000
1000001101001
1000001001000
0010101001000
0010111001000
0000001001000
0010111001000
0000001001100
0000001011000
0010101001000
1000001101001
0000001001000
0000001001000
0011111001000
0000001001000
0100000000010
0000001001000
0100000000010
0010101001000
0000001001000
0100000000010
0010101001000
0000001001000
0000001001000
0010101001000
0000001001100
0010101001000
1000001101001
0000001011000
0000001001000
0000001001100
0000001001000
0000001001000
0000001001000
0000001001000
0000001001000
0000001001000
0000001001000
0010111001000
0000001001100
0000001001000
