../msdir/ms 58 1 -s 13 
523089702

//
segsites: 13
positions: 0.0783 0.1088 0.1741 0.2565 0.2713 0.4499 0.5153 0.5627 0.6834 0.7717 0.8282 0.8891 0.9679 
1000000001000
1000000011000
1000000001000
1000000001100
1000000001100
1000000001000
1001000001000
1000000001000
1000001001000
1000000001000
1000000001100
1000100001000
1000000001000
1000000001100
1000000001000
1000000001000
1000000001000
1000000001000
1000000001000
1000000001100
1000000001100
1000100001000
1000000001000
1000000001000
0110010100011
0110010100011
1000000001000
0110010100011
1000000001000
1000000001100
0110010100011
1000000001000
1000000001000
1000000001000
1000000001100
1000000001000
1000000011000
1000000001000
0110010100011
1000000001000
1000000001000
1000000001000
1000000001100
1000000001000
1000000001000
1000000001000
1000000001000
1000000001000
0110010100011
1000000001000
1000000001000
1000000001000
0110010100011
1000000001000
1000000001000
1000000001000
0110010100011
1000100001000
