../msdir/ms 50 1 -s 9 
426614231

//
segsites: 9
positions: 0.2121 0.2620 0.6888 0.8318 0.8441 0.8771 0.8820 0.8858 0.9222 
000000101
000010101
000000010
000000101
000010101
100000101
000000101
000000000
000100101
000000101
000000101
000000101
000000000
000000101
000000101
000000101
100000101
000100101
000000101
000000101
000000101
000001101
000000010
100000101
000000101
000010101
000000101
000000000
000000000
000000101
000000101
000000101
000000101
000000101
000000000
100000101
000100101
100000101
000000101
000000000
000010101
000000101
001000101
000000101
000000101
000000101
000000101
000000101
000000101
010000010
