../msdir/ms 58 1 -s 17 
339315406

//
segsites: 17
positions: 0.0177 0.0191 0.0922 0.1135 0.2014 0.2573 0.3807 0.3962 0.4251 0.4617 0.5836 0.6176 0.6215 0.6231 0.6676 0.7867 0.9619 
00010000000000010
00010000000000010
00011000000100110
00010000000000010
00010000000100110
00010000000000010
00010010000000010
00011000000100110
00011000000100110
00010010000000010
00010000000000010
00011000000100110
00010000000100110
00010000000100110
00010000000000010
00010000000000010
00010001000000010
00010000010000010
00010000000000010
00011000000100110
00010000000000010
00011000000100110
01000000001010001
00010100000000010
00110000000000010
00011000000100110
00011000000100110
00011000000100110
10010000000000010
00011000100101110
00010000000000010
00010000000000010
00011000000100110
00010000000000010
10010000000000010
01000000001010001
00011000000100110
00010000000000010
00011000000100110
00011000000100110
00010000000100110
00010000000000010
00010000010000010
10010000000000010
00011000000100110
00010000000000010
00010000000000010
10010000000000010
00011000000100110
01000000001010001
10010000000000010
10010000000000010
00011000000100110
00010010000000010
00011000000100110
00010000000000010
00011000000100110
00011000000100110
