../msdir/ms 52 1 -s 19 
1031123351

//
segsites: 19
positions: 0.0295 0.1202 0.2925 0.2934 0.3362 0.4125 0.5000 0.5118 0.5528 0.6959 0.6997 0.7194 0.7646 0.8200 0.8485 0.9095 0.9117 0.9465 0.9976 
0000000001100000101
0111010010001011000
0111010010001011000
0000000001100000101
0000000000100000111
0000000001100000101
1000100000100000111
0000000000100000111
0111010010001011000
0000000000100000111
0000000000100000111
0000000000100000111
1000100000100000111
0110010010001011000
1000001000100000111
0000000000100000111
0111010010001011000
0111010010001011000
1000100000100000111
0000000001110000101
0110010010001011000
0110010010001011000
0110010010001011000
0000000000100000111
0110010010001011000
0000000000100000111
0110010010001011000
0000000000100000111
0000000000100000111
0110010010001011000
0000000001100100101
0000000001100000101
0110010010001011000
0111010010001011000
0000000000100000111
0110010010001011000
0000000000100000111
0000000001100000101
1000001000100000111
0000000001100000101
0000000000100000111
1000000100100000111
0000000001100000101
0110010010001011000
0110010010001011000
0000000000100000111
0110010010001011000
0000000000100000111
0111010010001011000
1000100000100000111
0000000000100000111
0000000000100000111
