../msdir/ms 58 1 -s 6 
1071788562

//
segsites: 6
positions: 0.1315 0.3578 0.4286 0.4991 0.5868 0.6783 
100011
100000
000000
110001
100001
100001
100000
100000
100001
100001
000000
110001
100001
100000
000000
100011
100100
100000
110001
100000
100000
100100
100001
100001
100001
100011
100000
100001
100001
100000
100001
100000
110001
100000
100000
100000
100001
100000
100100
101000
100011
100011
100000
000000
100001
000000
100011
000000
110001
100000
110001
100000
100000
000000
000000
100100
100000
000000
