../msdir/ms 54 1 -s 18 
1138872455

//
segsites: 18
positions: 0.0400 0.1138 0.1570 0.1836 0.2356 0.2439 0.3099 0.3799 0.4230 0.6502 0.6943 0.6951 0.7354 0.7674 0.7701 0.8181 0.8860 0.9721 
000000000100000000
000001010100000000
000000000100000000
010001010100000000
000100000100000000
100000000110000000
100000001110000000
000001010100000000
100000000110000000
000000000100000000
100000000110000000
000000000100000000
000001010100000000
000000000100000000
000001010100000000
001010100001000010
000001010100010001
000000000100000000
000000000100000000
000000000100101000
000001010100000000
000001010100000000
000001010100000000
010001010100000000
000000000100000000
100000000110000000
000000000100000000
000000000100101000
000000000100000100
000000000100000000
000000000100000000
100000001110000000
000100000100000000
100000001110000000
000001010100000000
000000000100000000
100000001110000000
000001010100000000
000001010100010001
000000000100000000
000001010100000000
000000000100000000
000000000100000000
000000000100000000
000001010100000000
100000000110000000
000000000100000000
000000000100000000
000001010100010001
000000000100000000
000000000100000000
010001010100000000
100000001110000000
100000000110000000
