../msdir/ms 54 1 -s 17 
1090429230

//
segsites: 17
positions: 0.0797 0.1657 0.1833 0.1922 0.2037 0.2415 0.3065 0.4134 0.4993 0.5132 0.5891 0.6589 0.7553 0.7709 0.9250 0.9269 0.9728 
00010101000100001
00000010010001100
00010000000100000
10000010010000000
00010101000100001
00010100000100010
00010000000100000
00000010000000000
00000010010000000
00010101000100001
00010100000110010
00000010010000000
00010101000100001
00000010010001100
00000010010000000
00010000000100000
00000010010001100
00000010000000000
00010100000110010
00010101000100001
00011000000100000
00010000000100000
00000010000000000
00000010000000000
00010000000100000
00000010110000000
00010101000100001
00000010000000000
00000010010001100
00000010000000000
00000010000000000
00000010010001100
10000010010000000
00100010010001100
00000010000000000
00010000000100000
00010000000100000
00000010010000000
00000010010000000
00000010110000000
00000010010000000
00010000000100000
01010100001100000
00010101000100001
00000010010001100
00010100001100000
00000010000000000
00000010010000000
00010000000100000
00010000000100000
00010000000100000
00000010000000000
00010100000110010
00000010010000000
