../msdir/ms 54 1 -s 16 
466528892

//
segsites: 16
positions: 0.0029 0.1833 0.3028 0.3789 0.4022 0.4830 0.5043 0.5601 0.6343 0.7559 0.7808 0.8296 0.9261 0.9457 0.9655 0.9805 
0110001000100000
0110001000100010
0110001000110010
0110001000100000
0110001000100000
0000000010000001
0110001000100000
0110001100100000
0110001001100010
0110001001100010
0110001000100010
0110001000100010
0110001100100000
0000000010000001
0110001100100000
1111001000000000
0110001000100010
0110001100100000
0110001000100010
0110001000100110
0110001000100010
0110001001100010
0110001000100000
0110001100100000
0110001100100000
0000000010000001
0000000010000001
0110001100100000
0110001001100010
0000000010000001
0000010000000001
0110001000100010
0110001000100010
0110001100100000
0110001100100000
0000000010000001
0110001100100000
0110001000100010
0110001000100010
0110001000100010
0000010000000001
0110001100100000
0110001000100010
0110001000100010
0110001100100000
0110001000100010
0110001000100010
0110001000100010
0110001100100000
0110001000100010
0000000010000001
0110001000100010
0110001000100010
0110101000101010
