../msdir/ms 58 1 -s 16 
281421488

//
segsites: 16
positions: 0.0401 0.1187 0.1542 0.1567 0.1653 0.3750 0.3786 0.4225 0.4495 0.6507 0.7281 0.8057 0.8290 0.8396 0.8561 0.9385 
0100100001000000
0001000000010101
0100100001000000
0100100001000000
0100100001000000
0100100001000010
0100100001000000
0100100001000000
0100100001000000
0100100001000000
0100100001000010
0110100001000000
0100100001000000
0100100001000000
1110100001000000
0110100001000000
0110100101000000
0110100101000000
0100100001000000
0100100001000000
0100100001000000
0100100001000000
0100100001100000
0100100001000000
0100100001000010
0100100001000000
0100100001000010
0100100001000000
0100110011001000
0100100001000010
0100100011001000
0100100001000000
0100100001000000
0100100001000000
0100100001000000
0100100001000010
0100100011001000
0100100011001000
0100100001000000
0001001000010101
0001000000010101
0100100011001000
0110100001000000
0100100001000000
0100100001000000
0100100011000000
0100100001000000
0110100001000000
0100100001000000
0100100001000000
0100100001000010
0100100001000010
0100100001000010
0100100001000010
0100100001000000
0001001000010101
0100100001000000
0001001000010101
