../msdir/ms 58 1 -s 14 
684978515

//
segsites: 14
positions: 0.1671 0.1755 0.2057 0.2661 0.3047 0.3518 0.4451 0.4857 0.5351 0.5790 0.5896 0.6796 0.7665 0.8083 
00000000001011
11001000000010
00000000001011
11001000000010
00000101110100
11001000000010
11011000000010
00000101110100
11001000000010
11011000000010
00000000001011
11001000000010
00000101100100
11001000000010
00000000001011
11001000000010
00000101110100
11001000000010
00000000001011
00000101100100
11001000000010
11001000000010
11001000000010
11001000000010
00000101110100
00000101110100
00000101110100
00100000001011
00000101100100
11001000000010
00000000001011
00000101110100
00000000001011
11001000000010
11001000000010
11001000000010
11001000000010
00000000001011
11011000000010
00000000001011
11011000000010
11001000000010
00000000001011
00000000001011
11001000000010
00000000001011
11001000000010
00000000001011
11001010000010
00000101110100
11001000000010
00000101100100
11011000000010
00000000001011
11001000000010
00000000001011
00000101100100
00000101100100
