../msdir/ms 58 1 -s 18 
1743845560

//
segsites: 18
positions: 0.0513 0.0722 0.0792 0.0855 0.1457 0.2830 0.2929 0.3120 0.3854 0.5504 0.6435 0.7655 0.7835 0.8993 0.9018 0.9170 0.9529 0.9536 
010010101000011110
010000101010111010
010000101010111010
010110101000011110
010000101010111010
010000101010111010
010110101000011110
011000101010111011
010110101000011110
011000101010111010
011000101010111010
010010101000011110
010000101010111010
010110101000011110
010000101010111010
000000010001000000
010010101000011110
010000101010111010
010010101000011110
010110101000011110
010000101010111010
010010101000011110
010000101010111010
010000101010111010
010010101000011110
010000101010111010
011000101010111010
010010101000011110
010000101010111010
010000101010111010
011000101010111010
010110101000011110
010010101000011110
010010101000011110
010010101000011110
010010101000011110
010000101010111010
010011101000011110
011000101010111010
010010101000011110
100000010001000000
011000101010111010
010000101110111010
011000101010111010
010010101000011110
010000101010111010
010011101000011110
010000101010111010
010000101010111010
010000101010111010
010000101010111010
010010101000011110
011000101010111011
010010101000011110
011000101010111010
100000010001000000
010000101010111010
010110101000011110
