../msdir/ms 56 1 -s 8 
1129424925

//
segsites: 8
positions: 0.0036 0.0599 0.1163 0.2992 0.3474 0.5962 0.6036 0.9001 
00000000
00000000
10000100
00000000
00000000
00000000
00000000
10000100
00010000
00000000
00000000
00010000
00000000
00000000
00010000
00000000
00001001
10000100
00000000
00000000
10000100
10000100
00000000
00010000
10000000
00000000
10100100
01000010
00000000
00000000
00000000
00000000
00010000
00000000
00000000
00000000
00001001
00000000
10000100
00000000
00000001
10000000
00001001
00000000
00000000
00010000
10000000
00000000
00000000
00000000
00010000
00010000
00000001
10000100
00000000
10000100
