../msdir/ms 56 1 -s 11 
118330820

//
segsites: 11
positions: 0.2990 0.3091 0.3925 0.4096 0.5202 0.6616 0.8816 0.8817 0.8981 0.8994 0.9169 
00000100001
00000100010
00100100001
00000100001
00000100000
00100100001
11000001000
00100100001
00010100000
00000100001
00000100000
00000100000
00100100001
00010100000
00000100001
00000100001
00010100000
00000100000
00000100001
00000100000
00000100001
00000100001
00100100001
00000100000
00010100000
00010100000
00010100000
00000100000
00000100001
00000100000
00000100000
00000100001
00000100001
00000100001
00000100000
00000100001
00000100001
00000100000
00000100001
00000100001
00000100001
00100100001
00100100001
00000100001
00000100001
00000100001
00000100001
00001100001
00000100000
00000100000
00010100000
00000110001
00000100001
00000100010
00000110101
00010100000
