../msdir/ms 58 1 -s 8 
1318635432

//
segsites: 8
positions: 0.2302 0.4782 0.5282 0.5571 0.5970 0.6245 0.8924 0.9993 
00101000
00100000
00101000
00101000
00101000
00100000
00101001
00100000
00000110
00000110
00000110
00100000
00000010
00100000
00000010
00101000
00101000
00100000
00000110
00100000
00000110
00000110
00100000
00100000
00101000
10000010
00100000
00000110
00101000
00000010
00100000
00101000
10000010
00000110
00100000
00101000
00100000
00000110
00100000
10000010
00101000
00101000
00101000
00101000
00101000
00101000
00100000
00000010
00110000
00101000
00000110
01100000
00000010
00100000
00100000
00101000
00101000
00000010
