../msdir/ms 54 1 -s 12 
1145918789

//
segsites: 12
positions: 0.1108 0.4847 0.5048 0.5605 0.5957 0.6446 0.6505 0.6815 0.6914 0.8179 0.8392 0.8890 
000000011000
000000000100
000100000000
000000000000
000000000100
000000000000
000100000000
100000000100
000000000101
000100000000
001000011000
000000000000
000000000000
000100000000
010000000000
000100000000
000100000000
000000011000
000000011000
000000000000
000000011000
001000011000
000000000000
000010001010
000000011000
100000000100
000000000000
000000000100
000100000000
000000000100
000000000100
001000011000
000010001010
000000000100
000000000000
000000000100
000000000000
001000011000
000000000000
010000000000
000000000000
000100100000
000001011000
000001011000
000000000000
000100000000
001000011000
000000000100
000100100000
100000000100
000010001010
000000000000
010000000000
000000000000
