../msdir/ms 52 1 -s 9 
2075302679

//
segsites: 9
positions: 0.0628 0.1660 0.2718 0.4854 0.4972 0.7309 0.7803 0.9436 0.9481 
001000000
100000010
001000000
001000000
000000010
001000000
001000000
000000010
001000000
000000010
001000000
001000000
001000000
000000010
010001000
100000010
000000010
100000011
000010010
001000000
000001000
001000000
001000000
001000000
000000010
100000011
100000010
001000000
000001000
000000010
001100000
001000000
000000110
000000010
000000010
001000000
100000010
000001000
100000010
001000000
001000000
000000010
100000011
000000010
000001000
000000010
100000010
100000010
100000011
000000010
100000010
100000010
