../msdir/ms 50 1 -s 16 
1094830566

//
segsites: 16
positions: 0.0134 0.0640 0.1212 0.1842 0.2130 0.2316 0.2550 0.4086 0.5024 0.5692 0.5719 0.6972 0.7074 0.8319 0.8342 0.9741 
1000001000000100
0000100000010010
0000000000000000
0000000100000000
0000000000000000
0000000000000000
0000000000000000
1000000000100100
0000100000010010
0000000000000000
1010000000001100
0000000000000000
1000000000000100
1010000000001100
1010000000001100
1000000000100100
0000100000010010
1000000000000100
0000000000000000
0000000001000000
0000000000000000
0100000000000001
1000000000000100
0000000000000000
1000000000100100
0000100000010010
0000000000000000
1000000000000100
0000000000000000
0000000000000000
0001000000000000
1000001000000100
1000001000000100
0000100000010010
1000000000100100
0000000010000000
1000000000100100
1000000000000100
0000000000000000
0000000000000000
0000000000000000
1000001000000100
0000000000000000
0000000000000000
0000000000000000
1000000000000100
1010010000001100
1000000000000100
0000000000000000
1010000000001100
