../msdir/ms 54 1 -s 10 
698237715

//
segsites: 10
positions: 0.0560 0.0877 0.1431 0.1470 0.4489 0.5750 0.6140 0.8228 0.8793 0.9658 
0001100000
0000100000
0000100000
0000100000
0001100000
0000100000
0000100000
0010100000
0000100000
0000100000
0000100000
0100001010
0000100000
0000100000
0001100000
0010100000
0000100000
0000110000
0000100000
0000100000
0000100000
0010100000
1100001010
0001100000
0010100000
0010100001
0000100000
0000100000
0000100000
0000100100
0100001010
0000100000
0100001010
0000100000
0000100000
0000100000
0000100000
0000100000
0000100000
0000100000
0000100000
0000100000
0000100000
0000100000
0000100000
0000100000
0100001010
0010100000
0000100000
0000110000
0100001010
0000100000
0000100000
1100001010
