../msdir/ms 50 1 -s 14 
361743035

//
segsites: 14
positions: 0.0792 0.1280 0.1326 0.3080 0.3151 0.4376 0.5212 0.5517 0.5657 0.6784 0.6875 0.7331 0.8548 0.9042 
10001001110000
10000001010000
10010001010101
00000100000000
10000001010010
10000001010000
10000001110000
10000001010000
10000001010000
10000001110000
10000001110000
10010001010101
10000001010000
10000001010000
10010001010101
10000001010000
10000011110000
01000000000000
10000001010000
10000001010000
10010001010101
10000001010000
10001001110000
10000001010000
10000001010000
10000001010000
10000001010000
10001001110000
10010001010101
10010001010101
10000001010000
10000001010000
10001001110000
10000001110000
10110001010101
10000001010000
10000001011000
10000001010000
10010001010101
10000001010000
10010001010101
10001001110000
10000001010010
10000001110000
10000001010000
10000001010000
00000100000000
10000001110000
10000001110000
10000001110000
