../msdir/ms 58 1 -s 11 
869931993

//
segsites: 11
positions: 0.1135 0.2487 0.5538 0.6782 0.8813 0.8887 0.8955 0.9122 0.9246 0.9255 0.9589 
11000000000
00000000001
11000000000
00000000000
00000000001
00000000000
11000000000
00000000000
11000000000
11000000000
00000000000
11000000000
00000101000
11000000000
11000000000
00100000000
00000000011
11000000000
00000000000
11000000000
00000000000
11000000000
00000000000
00000000000
00010000000
00100000000
00000000000
00000101000
00000000000
11000000000
11000000000
00000000001
11000000000
00000000000
00000101000
11000000000
11000000000
11000000000
11000000000
11000000000
00000101000
11000000000
00001011000
00000000000
11000000000
00000000000
00001011000
00000000000
00000011000
11000000000
00000000000
11000000000
00000000000
11000000100
00000000000
00001011000
00000000011
11000000000
