../msdir/ms 50 1 -s 13 
770595488

//
segsites: 13
positions: 0.0420 0.2375 0.2764 0.2777 0.3613 0.4155 0.5149 0.5219 0.7004 0.7530 0.8434 0.9051 0.9611 
0000001001110
0000001001110
0000001001110
0000000001110
1000000001110
0000000001110
0000110010000
0001000001110
0000001001110
0001000001110
0000001001110
0000000001110
0000001101110
0000000001110
0000001001110
0100000001110
0000001101110
1000000001110
0000001001110
0000001001110
0000001001110
1000000001110
0000001001110
0100000001110
0001000001110
0000110010000
0000001001110
0000001001110
0001000001110
0000000001110
0000001001110
0000001001110
0100000001110
0000110010000
1000000001110
0010000001111
1000000001110
0000001101110
0001000001110
0001000001110
0001000001110
0000001001110
0100000001110
0001000001110
0000001001110
0000001101110
0000001001110
0001000001110
0100000001110
0000001001110
