../msdir/ms 52 1 -s 8 
869894346

//
segsites: 8
positions: 0.0870 0.1409 0.1449 0.3556 0.4944 0.9255 0.9412 0.9448 
10110010
01000000
10110010
10110010
01000000
01000000
10110010
01000000
00000000
01000100
01001000
01001000
10110010
01000000
01000000
10110010
01001000
00000000
01000000
01000000
01000000
01000000
10110010
10110010
10110010
10110010
01000100
01000000
01000100
01000001
01000100
01000000
01001000
01001000
01000000
10110010
01000000
01001000
01000000
01000000
01000000
01000000
01000000
01000000
01000000
01000000
00000000
01001000
01001000
01000000
01000000
10110010
