../msdir/ms 52 1 -s 18 
599673035

//
segsites: 18
positions: 0.1016 0.1150 0.1341 0.1781 0.1850 0.2084 0.2607 0.3053 0.4453 0.4729 0.6278 0.6428 0.6635 0.7393 0.7483 0.8120 0.8202 0.8606 
100100000010000000
100100000010000000
100100000010000000
100100000010000000
000000001000000000
000000000100011000
000000000000000000
000000000000000000
100000000010000110
000000000000000000
000000000000000000
000000000000000000
000000000000000000
000000000000000000
000000001000000000
000000000000000000
000011000000000000
000000000100011000
000000000000000000
000000000000000000
000000010000000000
000000010000000000
000000000000000000
000000001000000000
000000000000000000
100100000010000000
010000100000000000
000000001000000000
100100000010000000
000000010001000000
000000000000000000
100100000010000000
000000001000000000
000000000100011000
001000000000000001
000000001000000000
000000000000000000
100100000010000000
100100000010000000
000000000000000000
100100000010000000
000000000000000000
000000001000000000
000000000000000000
000000000000000000
000000010000000000
100100000010000000
000000000000000000
000011000000000000
000000010000000000
000000001000000000
000000000000100000
