../msdir/ms 56 1 -s 9 
494279427

//
segsites: 9
positions: 0.0597 0.0971 0.1023 0.2265 0.8243 0.9017 0.9462 0.9785 0.9998 
011010000
001000001
001000001
101010010
000100000
001000001
000100000
000100000
011010000
000100000
101010000
000100000
000100000
000100000
000100000
000100000
001000100
101010000
101010000
000100000
000100000
000100000
000101000
000100000
000100000
000101000
000100000
000100000
000100000
000100000
000100000
000100000
011010000
001000001
000100000
101010000
001000001
000100000
000100000
000100000
000100000
000100000
101010000
000100000
000101000
011010000
000100000
001000001
000100000
000100000
101010010
101010000
000100000
000100000
001000001
000100000
