../msdir/ms 52 1 -s 13 
990935174

//
segsites: 13
positions: 0.0111 0.0159 0.0740 0.4097 0.4748 0.5048 0.5429 0.5937 0.6320 0.6606 0.6746 0.7469 0.9418 
1000111100001
0000000010000
0000000011000
0000111100000
0000000010000
0000111100010
0000000010000
0000111100000
0000111100000
1100111100000
0000111100000
0000000010000
0000000010000
1000111100000
0000111100000
0000000010000
0000111100010
1001111100000
1000111100000
0000000010000
0000111100010
0010111100010
1000111100000
1000111100000
1001111100000
1001111100000
0000000010000
1000111100000
1000111100000
0000111100000
1001111100000
1001111100000
1000111100000
0000000011000
0000000010000
0000111100000
1001111100000
0000000010000
1100111100000
0000000010000
0000000010000
1001111100000
0000000010000
0000000010000
0000111100000
1001111100100
0000111100000
0000000011000
0000111100000
1100111100000
0000000011000
1000111100000
