../msdir/ms 56 1 -s 7 
296072744

//
segsites: 7
positions: 0.1338 0.3002 0.4278 0.5892 0.6007 0.6119 0.6385 
0100000
0000011
0000001
0100000
0000001
0100100
1000001
1000001
0000011
0100100
0000011
0000011
0100100
0100100
0000001
0000011
0000011
0100000
1000001
0100100
0100100
0100100
0000011
0100100
0100100
0100100
0100000
1000001
0100100
0100100
1000001
0000011
0100100
0000011
0100100
0100100
0100100
0000001
0100000
0100100
0100000
0000011
0100000
0000011
0000011
0101100
0100100
0100100
0110100
1000001
0100100
0100100
0100100
0100000
0100100
1000001
