../msdir/ms 58 1 -s 9 
811329634

//
segsites: 9
positions: 0.0219 0.0461 0.0670 0.1830 0.3207 0.4017 0.4695 0.6912 0.9758 
111100000
000010000
000000111
101100000
101100000
101100000
101100000
000000111
000010000
000010000
000000111
101100000
111100000
101100000
101100000
101100000
101100000
101101000
000010000
101100000
101100000
000010000
111100000
101100000
101100000
111100000
000010000
101100000
101100000
101100000
000010000
101100000
101100000
101100000
101100000
000010000
101100000
000010000
101100000
000010000
000010000
101100000
101100000
101100000
101100000
000010000
101100000
101100000
000010000
101100000
111100000
101100000
101100000
101100000
101100000
101100000
000000111
111100000
