../msdir/ms 54 1 -s 7 
712423801

//
segsites: 7
positions: 0.3103 0.3710 0.4353 0.4675 0.4945 0.6406 0.9935 
0101110
0101011
0000000
0000000
0101010
0101011
0101011
1000000
0101010
0101010
0101011
0000000
0101011
0101011
0101010
0000000
0101010
0000000
0000000
0101011
0101011
0101011
0101010
0101110
0101010
0000000
0101011
0101011
1000000
0000000
0000000
0101010
0000000
0101010
0101011
0101010
0101010
0101110
0101011
0101010
0000000
0000000
0000000
0101010
0101010
0101010
0111010
0101010
0101010
0101110
0101010
0101010
0101011
0101010
