../msdir/ms 54 1 -s 19 
1296379446

//
segsites: 19
positions: 0.0248 0.0336 0.1992 0.2176 0.4448 0.4948 0.5403 0.5711 0.6312 0.6732 0.7103 0.7830 0.7980 0.8007 0.8079 0.8103 0.8234 0.8705 0.9376 
0100000000100000000
1100000000000000001
0100000000100000000
0000000000000101100
0100000000100000000
1100000000000000011
0100010000100000000
1100000000000000001
0100000000100000000
1100000100000000001
1100000010001000001
0100000000100000000
1100000000000000001
0100000000100000000
0110000000100000000
1100000000000000011
0000000000000101100
0100000000100000000
0100000000100000000
0100000000100000000
0000000000000101100
1100000000000000011
1100000010011000001
0100000000100000000
0100000000100000000
0100100000100010000
1100000010001000001
1100000000000000011
1101001000000000001
0100000000100000000
0100000000100000000
1100000000000000001
1100000100000000001
0100000000100000000
0100000000100000000
0100000000100000000
1100000000000000001
1100000000000000001
0100000000100000000
1100000010001000001
0100000000100000000
0100000000100000000
0100000000100000000
1100000000000000011
0100000000100000000
1100000010001000001
1100000000000000011
0000000000000101000
0000000000000101100
1100000000000000001
0100000000100000000
1100000010001000001
0100010001100000000
1100000000000000001
