../msdir/ms 50 1 -s 7 
1821558244

//
segsites: 7
positions: 0.0125 0.5129 0.5714 0.7222 0.7993 0.8005 0.8985 
0000010
0000010
0000000
0000010
0000010
1100100
0001000
0000010
0000000
0000000
0000000
0010010
0000000
0000000
1100100
0000000
0000000
0000000
0000001
0000000
0001000
0000000
0000010
0000000
0000001
0000000
0000000
0000000
0000000
0000000
0000000
0000000
0000010
0001000
0000000
0000000
0000001
1100100
0000000
0000000
0000000
0000010
0000000
0000000
0000000
0000010
0000000
0001000
1100100
0000000
