../msdir/ms 58 1 -s 12 
1232219992

//
segsites: 12
positions: 0.0140 0.1207 0.1938 0.3028 0.4411 0.4950 0.5126 0.5792 0.6907 0.8421 0.8499 0.8998 
101000000000
101000000000
010000001110
000000001010
010000001110
000000011010
101000000000
010000001110
101000000000
010000001110
101000000000
101000000000
101000000000
010000001110
010000001110
101000000000
000000011010
010000001110
010000001110
000000011010
000000011010
101000000000
101000100000
101000000000
101001000000
000000001011
010000001110
010000001110
010000001110
000000011010
000000011010
010000001110
010000001110
101000000000
010000001110
101000000000
010010001110
101000100000
010000001110
010000001110
010000001110
000000001011
010000001110
101000000000
000000011010
000000011010
101000000000
101000000000
000000001010
010000001110
101000000000
000000001011
101000000000
101000000000
000000011010
010000001110
000000011010
000100011010
