../msdir/ms 52 1 -s 10 
1638332140

//
segsites: 10
positions: 0.1755 0.2241 0.2249 0.2284 0.2944 0.3753 0.5456 0.6891 0.9032 0.9233 
0001000000
0000000000
0000000000
0010000110
0000000000
0000000000
0000000000
0000000000
1010000010
0001000000
0001000000
0010000010
1010000010
0000000000
1010000010
0001000000
0010000010
0000000000
0001000000
0001000000
0000100000
0000000000
0001000000
0000000000
1010000011
0000000000
0000000000
0000000000
0010000010
0000110000
0101000000
1010000011
0001000000
1010000010
0000000000
1010000010
0010000010
0001000000
1010000010
0000000000
0000000000
1010001011
1010000010
0000000000
0000000000
0000000000
0010000010
0000000000
0000000000
1010000010
0001000000
0000000000
