../msdir/ms 56 1 -s 14 
2067067204

//
segsites: 14
positions: 0.1645 0.1718 0.2055 0.2327 0.2371 0.2583 0.3066 0.4668 0.6336 0.7538 0.7916 0.7959 0.8250 0.9783 
00001000000000
00001000000000
00010000000011
00001000000000
00010000000011
00010000000011
10000011110000
10000011110000
10000011010000
10000011110000
10000011010000
00001000000000
10000011010000
00000000000010
00010000000011
10000011010000
10000011010000
00000000000010
00000000000010
00001000000000
10000011010000
10000011010000
10000011010000
10000011010000
10000011010000
10000011010000
10000011010000
00010000000011
10000011110000
00010000000011
10000011010000
10000011010000
00000000000010
00110000000011
00001000000000
10000011110000
00010000000011
00010000001011
10000011010000
00001000000000
10000011010000
10000011010000
00000000000010
10000011010000
10000011010000
00010000000011
00001000000000
00010000000011
00010000000011
10000011010100
01000000000010
10000011010100
10000111010000
00010000001011
10000011010000
00000000000010
