../msdir/ms 66 1 -s 13 
105559517

//
segsites: 13
positions: 0.0079 0.0196 0.0263 0.2332 0.3970 0.4273 0.4708 0.6457 0.6733 0.7652 0.8093 0.8980 0.9772 
0001000000100
0001000000100
0000111001000
0001000000100
0000111001000
0001000000100
0001000000100
0001000000100
0011000000110
0000111001000
0000111001000
0011000000110
0001000010100
0001000000100
0011000000110
1000100101001
1100100101000
0000111001000
0000111001000
0000111001000
0000111001000
0000111001000
0000111001000
0000111001000
0011000000110
0001000000100
0000111001000
0000111001000
0001000010100
0001000000100
0000111001000
0001000000110
0000111001000
0000111001000
1000100101001
0000111001000
0000111001000
0000111001000
0000111001000
0001000000110
0000111001000
0000111001000
0001000000100
0000111001000
0001000000100
0000111001000
0001000000100
0000111001000
0000111001000
0000111001000
1000100101001
0001000000110
0000111001000
0001000000100
0001000000100
0000111001000
0001000000100
1000100101001
0000111001000
0000111001000
0000111001000
1100100101000
0001000000100
1000100101000
0000111001000
0001000000100
