../msdir/ms 64 1 -s 9 
756097096

//
segsites: 9
positions: 0.0891 0.2714 0.6675 0.7087 0.7322 0.8472 0.8648 0.8877 0.9987 
010000001
101001100
100001100
000000000
010000001
100001100
100010100
100010100
100001100
100001100
100010100
100010100
100001100
000000000
100001100
100001100
100001100
100010100
100001100
100010100
100001100
100010100
010000001
000000000
100001100
100010100
100000100
100001110
100000100
010000001
100010100
100001100
100010100
100001100
100000100
100010100
100010100
010000001
100001100
100010100
100010100
000000000
100010100
100001100
100010100
000000000
010000001
100010100
010000001
100001100
100000100
000100000
100010100
100010100
100000100
100001100
000000000
100000100
000000000
100001100
010000001
100010100
100001100
010000001
