../msdir/ms 62 1 -s 13 
1907451534

//
segsites: 13
positions: 0.1698 0.2014 0.2721 0.2818 0.3385 0.4032 0.4436 0.5187 0.6293 0.6808 0.7223 0.8483 0.9136 
0100000011001
0000000010000
0011000010101
1000100000000
1000100000000
0000000010000
0011000010101
0011000010101
0011000010101
0000000010000
0100011011001
0000000010000
0100011011001
0000000010000
0100000011001
0000000010000
0100000011001
0000000010000
0011000010101
0100000011001
0011000010101
0000000010000
0100011011001
0011000010101
0000000010000
0000000110000
0000000010000
0100011011001
0000000010000
0011000010101
0000000010000
0011000010101
0100000011001
0000000010000
0000000010000
0000000010000
0011000010101
0011000010101
0100000011001
0011000010101
0100000011001
1000100000000
0011000010101
0000000010000
0000000010000
0011000010111
0000000010000
1000100000000
0011000010101
0011000010101
0000000110000
0100000011001
0100000011001
0100000011001
0100000011001
0100000011001
0100001011001
1000100000000
1000100000000
0000000010000
0011000010101
1000100000000
