../msdir/ms 68 1 -s 6 
218198113

//
segsites: 6
positions: 0.1202 0.2494 0.3229 0.4270 0.4655 0.8912 
000100
000100
000100
000100
000100
000000
000100
000100
000100
000100
000100
000000
000100
000000
000000
000000
000000
010000
000000
000100
001000
000100
000000
000000
000100
000100
000100
000000
000100
000100
000100
000100
000100
000100
000000
000100
100010
001000
000100
000100
000100
000000
000100
000000
000100
000100
000100
000000
000000
000100
000100
000000
000100
000000
000100
000100
010000
001000
000000
100010
000000
000001
010000
100010
000100
000100
000100
000000
