../msdir/ms 62 1 -s 12 
787332359

//
segsites: 12
positions: 0.0618 0.3041 0.3302 0.3471 0.3649 0.4383 0.4730 0.5762 0.6804 0.6892 0.7551 0.7657 
000000000000
000100000000
000000000000
000000000000
000100000000
000000000100
000010100010
000000000000
000100000000
000000000001
000100000000
000000000100
000000000100
000010001010
000100010000
010000000000
101101000000
000000000001
000000000000
000010001010
000100000000
000100000000
000100000000
000100000000
000000000100
000000000000
000100000000
000100000000
000100000000
000100000000
000100000000
101101000000
101101000000
101101000000
000000000000
000000000000
000000000000
000100000000
000000000100
000100000000
000010100010
000000000100
000100000000
000010001010
000100010000
000010100010
000000000000
000100000000
000000000100
000000000000
000100000000
000100010000
000010100010
000100000000
000100000000
000100000000
000100000000
000000000000
000010100010
000010100010
000010001010
000100000000
