../msdir/ms 62 1 -s 18 
1542307435

//
segsites: 18
positions: 0.1451 0.1779 0.2596 0.3046 0.3397 0.4446 0.4669 0.4901 0.5454 0.6072 0.6077 0.6643 0.7103 0.7950 0.8730 0.9027 0.9094 0.9609 
000011000010000000
110000111100000000
110000111100000100
000001000000000000
110000111100000000
110000111100000000
110000111100000000
110100111100000011
110000111100000000
110100111100000011
000001000001010000
000001000001010000
110000111100000000
000001000001000000
000001000001000000
110000111100000000
110000111100000000
000001000001010000
110000111100000100
110000111100000100
110000111100000000
110000111100000000
110000111100000000
110000111100000100
110000111100000000
000001000001010000
110000111100000100
000001000000000000
110000111100000000
110000111100000100
000001000010000000
110000111100001000
111000111100100100
110000111100000000
110000111100000000
000001000010000000
000001000010000000
000001000010000000
110000111100000100
110000111100000000
110100111100000011
110000111100000000
110000111100000000
110100111100000011
110100111100000011
110000111100000000
110000111100000100
000001000000000000
000001000010000000
110000111100000100
110000111100000000
110000111100000000
000001000000000000
111000111100000100
000001000010000000
000001000000000000
110100111100000011
000001000000000000
110000111100000000
110000111100000000
110000111100000000
110000111100000100
