../msdir/ms 64 1 -s 12 
1288688966

//
segsites: 12
positions: 0.0726 0.1732 0.2478 0.2747 0.2757 0.3944 0.4494 0.4520 0.5555 0.6800 0.7011 0.9551 
100000000000
100000000100
100000000000
000100000000
000000000000
010000000001
100000000000
010000000000
100000000000
000100000000
100000000000
010000000001
010000000000
100000000000
010000000000
100000000000
100000000000
100000000000
010000000001
100000000000
010000000000
100000000000
010000000001
010000000000
100000000000
010000000001
010000000001
000010000000
100000000000
100000000000
100000010000
100000000000
100000000000
000100000000
100000000000
100000000100
000100000000
000100000000
100000000100
010000000001
100000000000
100000000000
000010000000
010000000001
010000000000
000010000000
100000000100
000100000000
000100000010
100000000000
010000000001
100000000000
100000000000
000000000000
100000010000
010000000001
010001000000
100000000000
010000100001
100000000000
101000000100
010000001001
100000000100
100000000000
