../msdir/ms 68 1 -s 14 
929711249

//
segsites: 14
positions: 0.0307 0.1140 0.1313 0.1334 0.1822 0.2459 0.3258 0.5606 0.6894 0.7072 0.7866 0.8270 0.9773 0.9891 
00100010001000
00010001000000
01011001000000
01011001000000
00100000000010
00010001000100
01011001000000
01011001000000
01011001000000
01011001000000
00100000000010
01011001000000
00100010001000
00100000000010
00100000000010
00010001000000
00010001000000
10000000100000
00010001000000
01011001000000
00010001000100
00100000000010
00100010001000
00100010011000
10000000100000
01011001000001
00100010001000
00010001000000
00010001000000
00010001000000
01011001000001
01011001000000
10000000100000
10000000100000
00100010001000
00100010001000
00010001000000
00010001000100
00010001000000
00100010001000
10000000100000
00100000000010
00100010001000
00100000000010
00100000000010
10000000100000
01011001000000
00010001000000
10000000100000
00100010001000
00100010011000
01011001000000
01011001000001
00100000000010
01011001000000
00100000000010
00010001000000
00010001000100
00100010001000
00100010001000
01011001000000
00100100000010
00010001000000
00100010001000
10000000100000
10000000100000
00100000000010
01011001000000
