../msdir/ms 60 1 -s 10 
437270488

//
segsites: 10
positions: 0.1280 0.1876 0.3060 0.3124 0.5101 0.5387 0.6963 0.8579 0.8817 0.9544 
0000000100
0000000100
0000000100
0000100000
0000000100
0000000100
0000000100
0001000100
0000100000
0001000100
0000100000
0000001100
0000000100
0000001100
0000001100
0001000100
0000000100
0000001100
0110100000
0001000100
0000000100
0000000100
0000100000
0000010100
0000000100
0000001100
0000000100
0000000100
0000000100
0000000100
0000001100
0000000100
0000000100
0000000100
0000000100
0000001100
0000000100
0000000100
0000001110
0000000100
0000000100
0000000100
0000000100
0000001100
0000000100
0001000100
0000000100
0000001100
0001000100
0110100000
0000000100
1000000101
0001000100
0100100000
0000001100
0000001100
0000000100
0001000100
0001000100
0000000100
