../msdir/ms 68 1 -s 19 
1762257012

//
segsites: 19
positions: 0.0093 0.0232 0.0287 0.0408 0.1337 0.1840 0.2542 0.2844 0.3339 0.4475 0.4982 0.5915 0.6625 0.6863 0.7152 0.7566 0.8427 0.9769 0.9994 
0000010000001011001
0000000000000000010
1000110000001010001
0000000100000000000
0000000000000000000
1000110000001010001
0000000000000000000
0000000100000000000
0000000000000000010
0000110000001010001
0000010000101010101
0000000100000000000
0000010000001010101
0000010000001011001
0000010000001010101
0000010000001010101
0000000000000000010
1000110000001010001
0011010010001011001
0000110000001010001
0000000100000000000
0000010000101010101
0000011000011010101
0000000000000000010
0000000100000000000
0000000000000000010
0000000100000000000
0000000000000000010
0000000000000000010
0000000000000000010
0000000000000000010
1000110000001010001
0000000000000000010
0000000000000000010
0100010000001010001
0000000100000000000
0000010000011010101
0000010000001011001
0000000000000000010
0000000100000000000
0000010000001010001
1000110000001110001
0000110000001010001
0000110000001010001
0000010000001010001
0000010000001011001
0000000000000000010
0000000100000000000
0000110000001010001
0000000100000000000
0000000000000000010
0000000000000000010
0100010000001010001
0000000100000000000
0000110000001010001
0000000101000000000
0000000000000000010
0000000000000000000
0000110000001010001
0000000000000000010
0000000000000000010
0000000000000000010
0000000100000000000
0000000100000000000
0000000100000000000
1000110000001010001
0000000000000000010
0000000000000000010
