../msdir/ms 60 1 -s 13 
447066820

//
segsites: 13
positions: 0.0267 0.1856 0.2099 0.3441 0.4079 0.4171 0.4539 0.4676 0.5427 0.7920 0.8349 0.8365 0.8769 
0000000000010
0000000000010
1101100010000
0000010001100
1000000100000
0000010001100
1101100010000
0000010001101
0000010001100
0000010001100
0000010001100
0000010001100
1101100010000
0010010001100
1000000000000
1101100010000
0000010001100
1101101010000
0000010001100
0000010001100
1101100010000
1101101010000
1101100010000
0000010001100
0000010001101
1101100010000
0000010001100
1101101010000
0000010001100
0010010001100
0010010001100
0000000000010
0000000000010
0000010001100
1000000100000
0000010001100
0000010001100
0000010001100
0000010001100
1000000100000
1000000000000
0000010001100
1101100010000
0000000000010
0000000000010
0000010001100
1101100010000
0000010001100
1000000100000
0000010001100
0010010001100
0000010001100
1101101010000
0010010001100
0000010001100
0000010001100
0010010001100
0000010001100
0000010001100
1000000000000
