../msdir/ms 68 1 -s 11 
1853392801

//
segsites: 11
positions: 0.1315 0.2668 0.3443 0.4304 0.6515 0.6533 0.7084 0.8775 0.8796 0.9340 0.9602 
00000100000
00000000000
00000000000
00000101000
00000000000
00000000000
00000100000
00000000000
00000000000
00000000000
00000000000
00000100010
00000000000
00000100010
00000000000
10000110001
00000101000
00000100000
00000000000
00000000000
00000000000
00000100000
10000110000
00000000000
10000110000
00000100000
00000100000
00000000000
00000000000
00000000000
00000000000
00010000000
00000000000
00000000000
00100000000
00000100000
00000000000
00000100010
10000110000
00000101000
11000110000
00000100010
00000101000
00000000000
00001000000
00000000000
10000110000
00000101000
00000000000
00000000000
00000100000
00000000000
00000000000
00000100000
00000000000
00000000000
00000100000
00000000000
00000000000
00000100000
00000000000
00000000000
00000000000
00000000000
00000000100
00000100000
00000000000
00000100010
