../msdir/ms 64 1 -s 15 
501554440

//
segsites: 15
positions: 0.0014 0.0543 0.0812 0.1990 0.2172 0.3382 0.4180 0.4302 0.4743 0.4877 0.5924 0.6890 0.7363 0.8001 0.9126 
010000010000000
010000000000000
100100100010000
010000000000000
010000000000000
010000000100000
010000001000010
010000010000000
010000000000000
010000000100000
010000000100000
011000010000000
010000000000000
010000001000010
010000000000000
010000000000000
010000000000000
011000010000000
010000010000000
010000000100000
010000000000000
010000000000000
010000000000001
010000010000000
010000000000000
010000000100000
011000010000000
010000000100000
010000000100000
000010000000000
010000000100000
010000010000000
010000000000001
010000000000000
010000010000000
100100100010000
010000010000000
010000010000000
100000100011000
100000100011000
010000010000000
010000010000000
010000000000000
010000010000000
010000000000000
010000010000000
010000010000000
100100100010000
100000100011000
011000010000000
010000010000000
010000000000001
010000000000000
010000000000000
000010000000000
010000000000000
011000010000000
010000010000000
010000000000000
010000010000100
010000000000000
010000000000000
010000000000001
010001001000010
