../msdir/ms 60 1 -s 15 
954821637

//
segsites: 15
positions: 0.0421 0.1032 0.2623 0.3811 0.4144 0.5098 0.5229 0.6316 0.6878 0.7644 0.8031 0.8166 0.8905 0.9835 0.9900 
101100000000000
101100000000000
101100000000000
000011001100000
000011001100000
101100000000000
001100000000010
000011001100000
101100000010100
001100000000010
001100000000010
000011001100000
101100000000000
111100000000000
001100000000010
111100000000000
001100000000010
001100000000010
101100000000000
000011001100000
111100000000000
101100000010100
001100000000010
000011001100000
101100000010100
001100000000010
101100000000000
000011001100000
000011001100000
101100110010001
001100000000010
000011001100000
101100000010100
000011001100000
000011001100000
001100000000010
001100000000010
101100000010100
111100000000000
101100000000000
101100000000000
000011001100000
101100000001000
001100000000010
001100000000010
101100000001000
001100000000010
101100000000000
101100000000000
001100000000010
101100000000000
000011001100000
101100000000000
001100000000010
101100000010001
101100000000000
101100000010100
101100000000000
101100000000000
000011001100000
