../msdir/ms 68 1 -s 7 
316125004

//
segsites: 7
positions: 0.1628 0.2028 0.2137 0.2161 0.6924 0.9003 0.9691 
0100010
0100010
0100000
0100000
0100000
0000000
0100010
0000000
0100000
0100000
0011000
0100000
0100000
0000000
0100000
0100000
0100010
0100000
0100000
0100001
0100010
0000000
0100010
0000000
0100010
0000000
0000000
0000000
0100000
0100000
0000000
0000000
0100000
0011000
0011000
0100001
0000000
0000100
0011000
0000100
0000000
0000000
0100000
0100000
0100000
0100000
0100010
0000100
1100000
0100000
0100000
0100000
0000000
0100000
0011000
0100010
0000000
0000000
0011000
0100000
0100000
0011000
0000000
0100000
0000000
0011000
0100000
0000000
