../msdir/ms 60 1 -s 18 
1578660470

//
segsites: 18
positions: 0.0448 0.0501 0.2227 0.2243 0.2492 0.2922 0.3166 0.3823 0.4344 0.4607 0.5085 0.5754 0.6544 0.6685 0.7580 0.7763 0.8806 0.9249 
000001001000000001
001001001001001001
100110100100100000
000001001000000101
000001001000000001
010001001001001001
000001001001001001
000001001010000001
000001001000000001
010001001001001001
000001001000000001
000001011001001001
000001001001001001
000001011001001001
010001001001001001
000001011001001001
001001001001001001
000001011001001001
000001011001001001
000001001000000001
000001001000000001
000001001000000001
000001011001001001
000001001000000001
000001001000010001
000001011001001001
000001001000000001
000001001000000001
001001001001001001
000001011001001001
010001001001001001
000001011001001001
100110100100100000
000001001001001001
000001001001001001
010001001001001001
000001001001001001
001001001001001001
000001001001001001
010001001001001001
000001001001001001
000001001001001001
000001011001001001
000001001001001001
000001001000000101
000001011001001001
000001011001001001
000001001000000001
000001001001001001
000001011001001001
010001001001001001
000001001000000101
000001011001001001
000001001001001001
000001001000000101
000001001000010001
000001001000000001
000001011001001001
000001001000010001
100110100000100010
