../msdir/ms 66 1 -s 10 
1499854887

//
segsites: 10
positions: 0.1018 0.1434 0.1471 0.2365 0.2405 0.4286 0.4624 0.6432 0.6818 0.7393 
0010000000
0001000000
0000000000
0000000000
0000100010
0000000000
0000000000
0000000000
1000000000
0000000000
0000000001
0000000000
0000000001
0000000001
0000100110
0000000000
0000100010
0000000000
0000000000
1000000000
0000000000
0000000001
0000000000
0000000000
0000000000
0000000000
1000000000
1000000000
0100101010
0000000000
1000000000
0000010000
0000000001
0000000000
0000000000
1000000000
0001000000
0100100010
0001000000
1000000000
0000000000
0000000000
0001000000
0000000000
0000000000
1000000000
0000000000
1000000000
0000000000
0000000000
0001000000
0000000000
0010000000
0000000000
0001000000
0001000000
0001000000
0100100010
0000000000
0000000001
0000000000
0001000000
1000000000
0000100010
0000000000
1000000000
