../msdir/ms 68 1 -s 10 
1735380460

//
segsites: 10
positions: 0.1404 0.2187 0.2286 0.2670 0.2695 0.2976 0.3162 0.3836 0.5065 0.7870 
0001001010
0001001010
0000001000
0001001010
0001011010
0000001001
0000001001
0000100000
0000001000
0000001101
0000100000
0001001010
0000001001
0011001010
0001001010
0001001010
0001011010
0000100000
0001011010
0001001010
0001001010
0001011010
0000001001
0001001010
0001011010
0011001010
0001001010
1001001010
0001011010
0000001001
0001001010
0001001010
0000001001
0000100000
0001001010
0000001001
0000100000
0000001000
0000001101
0001001010
0001001010
0001001010
0001001010
0000001000
0100100000
0001001010
0001001010
0001001010
0001001010
0001011010
0100100000
0000100000
0001011010
0000001000
0001011010
0001011010
0011001010
0001011010
0001011010
0001011010
0001001010
0001001010
0001001010
0001001010
0000001001
0001011010
0001001010
0100100000
