../msdir/ms 64 1 -s 11 
1451723858

//
segsites: 11
positions: 0.2353 0.2643 0.2892 0.3920 0.4642 0.6230 0.7182 0.7258 0.8848 0.8972 0.9839 
10000000001
00010100000
11000000011
00010100000
00010100000
11000000011
11000000011
10000000001
11000000011
00010100000
11000000011
00010100000
10000001001
10000000001
10000000001
00010100000
11000000011
00010110000
00011100000
11000000011
10000000001
10000001001
11000000011
00010100000
11000000011
11000000011
10000000001
10100000001
10000000001
00010110000
10000000001
11000000011
11000000011
11000000011
00010100000
00010100000
00010100000
10000000001
11000000011
10100000001
00010100000
10000000001
10000000001
00010100000
11000000011
11000000011
11000000011
11000000011
11000000011
10000000001
10000000001
10000000001
10000000001
00010100000
11000000011
10000000101
00011100000
00010100000
00010100000
11000000011
11000000011
00010100000
11000000011
00010100000
