../msdir/ms 62 1 -s 17 
1452602985

//
segsites: 17
positions: 0.0242 0.0599 0.0770 0.1587 0.1810 0.2640 0.4860 0.5446 0.5694 0.6258 0.7049 0.7168 0.7286 0.8298 0.9113 0.9388 0.9490 
00010100000000000
00000000000000000
00000000000000000
00000100000000000
00000000000000000
00000000000010000
00000000000000000
00000100000000000
00000010000000000
00000000000000000
00000100000000000
00001000010000000
00000100000000000
00000010000000000
00001000010000000
00000100000000000
00000000000000000
00000000000000000
00000000000000000
00000100000000000
00000100000000000
00000010000000000
01000000101100111
00000000000000000
00000000000011000
01000000101100111
00001000010000000
00000010000000000
00000100000000000
00000000000000000
00001000010000000
00000000000000000
00000100000000000
10000100000000000
00000100000000000
00000100000000000
00000100000000000
00000001000000000
00000100000000000
01000000101100111
00000100000000000
00000000000000000
00000010000000000
00000000000000000
00000100000000000
00001000010000000
00000100000000000
00000000000010000
00000000000000000
00000010000000000
00100000000000000
00000100000000000
00000100000000000
00000000000000000
00000100000000000
00000100000000000
00000000000000000
00000001000000000
00000010000000000
01000000101100111
00000000000000000
00000100000000000
