../msdir/ms 64 1 -s 8 
2069322565

//
segsites: 8
positions: 0.0589 0.1911 0.3567 0.7789 0.7901 0.8604 0.8642 0.9003 
00000100
00000011
00000000
00000100
00000100
10000010
00111010
00000011
00000000
00111010
00000100
01001010
00000000
01001010
00000000
00000000
10000010
10000010
00111010
00000100
00111010
00000011
00111010
10000010
00000000
00000100
00111010
01001010
00111010
00111010
00000000
10000010
10000010
00111010
00000000
00111010
00000000
01001010
00000000
00000100
00000000
00000011
00000000
00000000
00000011
00111010
00000000
00111010
00000100
00000100
00000100
00111010
00000100
00000100
00000100
00000100
00000100
00000000
00111010
00000100
00000011
00000000
00000100
00000000
