../msdir/ms 62 1 -s 9 
1672850125

//
segsites: 9
positions: 0.1282 0.1412 0.2236 0.2241 0.2766 0.4788 0.7099 0.7644 0.8391 
000010000
000010000
000010100
000000000
000010000
000000000
000000000
000010000
000000000
000000000
000000000
000010000
000010001
000010000
010000000
010000000
001101000
000000000
001101000
000000000
001101000
000010000
000010100
001101000
001101000
000000000
000000000
000010001
001101000
000000000
000010000
000010000
000000000
001101000
000010000
001101000
100000000
001101000
000010100
001101000
000000000
000000000
001101000
000010100
000010000
000010100
000010010
001101000
000010000
000000000
001101000
000000000
000000000
001101000
000000000
010000000
000010000
000010000
000000000
000010000
000010000
000010000
