../msdir/ms 66 1 -s 14 
629186481

//
segsites: 14
positions: 0.2920 0.4575 0.4901 0.5991 0.6100 0.6650 0.6855 0.7811 0.7900 0.8786 0.8800 0.8909 0.9500 0.9716 
00100000000000
00000000000000
00100000000000
00000000000001
00000000000010
01000000000000
00011000001000
00000000000010
00000000000000
00000000000000
00000000000010
00000000000000
00000000000000
00000010100000
00100000000000
00000000000000
00011000001100
10000000000000
00000000000000
00000000000000
00100000000000
00100000000000
00000000000001
00000000000000
01000000000000
01000100000000
00000000000000
00000010100000
00000000000000
00000001000010
01000000000000
00000010100000
00000000000010
01000000010000
00000000000000
01000000000000
00100000000000
00000000000000
01000000000000
00011000001000
00000000000000
00000000000000
00000000000000
00011000001100
00000000000000
00100000000000
00011000001000
00000000000000
00011000001100
00000000000010
00000000000000
00000010100000
00000010100000
00000000000000
00000010100000
00000000000001
00000000000000
10000000000000
01000000000000
01000100000000
00000000000000
00000000000000
00000000000000
00000000000000
01000000000000
00000000000000
