../msdir/ms 62 1 -s 11 
1563609569

//
segsites: 11
positions: 0.0478 0.0862 0.1008 0.3060 0.3188 0.3438 0.3959 0.5522 0.6446 0.7043 0.7465 
00010000110
00010000110
00000000110
00010000110
00010000110
00000000000
00000000000
00010000110
00010000110
00010000110
00000000000
00010000110
00010000110
00000000000
00010000110
00000000000
00010000111
00010000110
00010000110
00000000000
00010000110
00000000000
00010000110
00010000110
00010000110
00100111000
00001000000
00010000110
00000000000
00100111000
00000000110
00001000000
00000000110
00010000110
00010000110
00010000110
10010000110
00100111000
00001000000
00100111000
00001000000
00000000000
00000000000
00000000110
00010000110
00000000000
00010000111
00000000110
00000000110
00010000110
00100111000
00010000110
00000000000
00010000110
00010000110
00000000000
00000000000
01100111000
00000000000
00010000110
00010000110
00000000000
