../msdir/ms 68 1 -s 16 
1310816517

//
segsites: 16
positions: 0.0245 0.0528 0.0620 0.0708 0.2149 0.2173 0.2193 0.4289 0.4302 0.4341 0.4548 0.6198 0.6524 0.7477 0.8266 0.9628 
0000000000111100
0010001000010000
0000010000011000
0000000000111000
0000000001111000
0000000000111000
0000000000111100
0000000000111000
0000010000011000
0000000000111100
0000000000111000
0000000000111000
0000000001111000
0010001000010000
0000000000111100
0000000000111000
0010001000010000
0000100110000010
0000000001111000
0000001000010000
0000001000010000
0000001000010000
0010001000010000
0010001000010000
0000010000011000
0010001000010000
0000000000111000
0000000000111000
0000000000111000
0000000000111000
0001000000000001
0000000000111000
0000000000111000
0100100110000010
0000000001111000
0000000001111000
0000100110000010
0010001000010000
0010001000010000
0000000000111000
0010001000010000
0000010000011000
0000000000111000
0010001000010000
1000100110000010
0000001000010000
1000100110000010
0000001000010000
0000100110000010
0000100110000010
0000000000111100
0000000001111000
0000000000111000
0001000000000001
0000010000011000
0001000000000001
0000001000010000
0000000000111000
0000000000111000
1000100110000010
0000000000111000
0000100110000010
1000100110000010
0000000000111000
0010001000010000
0000000000111100
0000000001111000
0000000000111000
