../msdir/ms 66 1 -s 18 
2039220196

//
segsites: 18
positions: 0.0134 0.1254 0.1754 0.2483 0.2628 0.2633 0.3062 0.3226 0.3241 0.3531 0.4072 0.4341 0.4949 0.5258 0.6321 0.8271 0.9450 0.9854 
000000000000000000
000000000000000000
000000000101000000
000000000000000000
000000000100000000
001000000000100001
000000000100000000
000000000000000000
001000000000100001
001000000000100001
000000000000000000
010000001000000010
000000000100000000
000000000000000000
000000000000000000
010000000000000010
000000000100000000
001000000000100001
000000000000001010
001100000000100001
000000100000000100
001100000000100001
000000000000000010
000000000100000000
000000000000000000
000000000100000000
000000000000000000
010000010000000010
001001000010100001
000000000100000000
000000000000000010
000000000000000000
000000000100000000
100010000000010000
000000000000000000
001000000000100001
000000000000000000
000000000100000000
000000000000000000
000000000000000000
000000000000000000
001001000010100001
001100000000100001
000000000100000000
000000000000000000
001001000010100001
001000000000100001
001100000000100001
100010000000010000
000000000000000000
010000001000000010
000000000000000000
000000000000000000
010000000000000010
000000000100000000
001100000000100001
000000000000000000
000000000100000000
000000000100000000
000000000100000000
000000000000000000
000000000000000000
001001000010100001
000000000100000000
000000000000000000
000000000000000000
