../msdir/ms 66 1 -s 12 
721902043

//
segsites: 12
positions: 0.0502 0.1570 0.1987 0.2215 0.3129 0.4645 0.6214 0.7268 0.7355 0.7481 0.9008 0.9548 
001000001000
010110100100
001000000000
010110100100
010110110100
000110100100
010110100100
000111100100
101000001000
001000000000
000111100100
010110100100
000110100101
000110100101
000111100100
001000000000
101000001000
010110100100
001000001000
101000001000
001000000000
010110100100
001000000000
101000001000
001000000010
001000000000
000110100101
000111100100
000110100101
010110100100
010110100100
010110100100
000110100101
000110100100
000110100101
001000000000
000111100100
000110100100
010110110100
001000000000
001000000000
001000000000
000110100101
000111100100
001000000000
010110110100
000110100100
010110100100
001000000000
010110100100
001000000000
000110100100
000110100101
010110100100
000111100100
000110100100
010110110100
000111100100
000110100101
010110110100
010110100100
101000001000
000111100100
000110100100
000110100100
000110100101
