../msdir/ms 62 1 -s 6 
83526246

//
segsites: 6
positions: 0.3531 0.4755 0.6777 0.7178 0.7322 0.9489 
100000
100000
100000
100000
000000
100000
100000
000000
000000
000001
000000
000001
011110
011010
000000
100000
100000
000000
000000
000000
011010
100000
100000
000000
000000
001010
000000
100000
011010
000000
011010
000000
000000
000000
100000
100000
011010
000000
100000
100000
100000
000000
011010
100000
100000
000000
000000
000000
100000
000000
100000
100000
011010
100000
011010
100000
000000
011110
100000
100000
011010
100000
