../msdir/ms 62 1 -s 14 
1961667409

//
segsites: 14
positions: 0.0064 0.1924 0.2040 0.2356 0.2927 0.5871 0.7350 0.7922 0.8532 0.8662 0.9145 0.9351 0.9458 0.9653 
01101110100100
01101010000100
00010000001011
01101010000100
01101010000100
01101010000100
00010000001011
10010000011001
01101010000100
01101010000100
00010000001011
10010000011001
01101010000100
10010000011001
00010000001011
01101010000100
01101010000100
01101010000100
10010000011001
10010000011001
01101010000100
01101111100100
01101010000100
01101110100100
01101010000100
01101110100100
01101110100100
01101010000100
01101010000100
01101110100100
01101010000100
01101010000100
01101110100100
01101110100100
01101010000100
01101010000100
00010000001011
01101010000100
01101010000100
01101110100100
10010000011001
01101111100100
01101010000100
10010000011001
01101110100100
01101111100100
01101111100100
01101110100100
00010000001011
01101111100100
01101010000100
00010000001011
01101010000100
01101010000100
01101010000100
00010000001011
01101010000100
01101010000100
01101010000100
01101010000100
01101010000100
01101010000100
