../msdir/ms 66 1 -s 9 
23320383

//
segsites: 9
positions: 0.1310 0.4752 0.4858 0.5152 0.5220 0.6873 0.6961 0.7411 0.8504 
000001000
000000010
000000000
000000000
000001000
000000010
000000000
010000000
010000000
000001000
000000000
000000000
000000000
000000000
010000000
000000000
010000000
000000001
000000000
000001000
000000000
000000000
000000000
100000000
100000000
000100000
000000100
000001000
000000000
000000000
000000000
000001000
010000000
010000000
000001000
000000000
000001000
000000000
000000000
010000000
010000000
000000000
000000000
000000000
000000000
000001000
000000000
000100000
000000000
000001000
000000000
001000000
100000000
000001000
000000000
000001000
000000000
010000000
000001000
000000000
000000000
000000000
010000000
010000000
000011000
000000000
