../msdir/ms 68 1 -s 20 
403091751

//
segsites: 20
positions: 0.0573 0.1103 0.2690 0.3585 0.3693 0.3848 0.3960 0.4049 0.4906 0.5159 0.6391 0.6730 0.6758 0.6846 0.7522 0.7935 0.8014 0.8525 0.9253 0.9381 
11011000101100000100
11011000101100000100
00000001010010101010
11011000101100000100
11011000101101000100
11011000101100000100
00000001010010101010
11111000101100000100
11011000101101000100
11011000101101000100
11011000101100000100
11011000101100000100
11011000101101000100
11011000101101000101
00000001010010101010
00000001010010101010
11011000101100000100
00000001010010101010
11011000101100000100
11011000101101010100
11011000101100000100
00000001010010101010
11011000101101000100
11011000101100000100
11011000101101000100
11011000101101000100
11011000101100000100
11011000101101000100
00000001010010101010
11011000101101000100
11011000101101000100
00000001010010101010
11111000101100000100
11011000101101000100
00000001010010101010
11011000101100000100
11011000101100000100
00000001010010101010
00000001010010101010
11011000101101000101
11011000101101010100
00000001010010101010
11011000101100000100
11011000101100000100
11011000101101000100
00000001010010101010
11011000101100000100
11011010101100000100
11011000101101010100
11011100101100000100
11011000101101000101
11011000101101000100
11011000101100000100
11011000101100000100
11011000101101010100
11011000101101000101
00000001010010101010
11011000101101000100
11011000101100000100
11011000101100000100
11011000101100000100
11111000101100000100
11011000101100000100
11011000101101000101
00000001010010101010
11011000101101000100
11011000101100000100
11011000101100000100
