../msdir/ms 62 1 -s 10 
1222887099

//
segsites: 10
positions: 0.0611 0.1275 0.1389 0.2140 0.3287 0.3392 0.3617 0.4031 0.5819 0.7039 
0010001110
0000100001
0000000000
0000000000
0001100001
0000000000
0010001110
0010001110
0000100001
0010001110
0010001110
0001100001
0000000000
0000000000
0000000000
0000000000
0000100001
0000100001
0010001110
0010001110
0000100001
0010001110
0000000000
0000000000
0010001110
0010001110
1000110001
0010001110
0010001110
0000000000
0010001110
0000000000
0000000000
0000000000
0000100001
0000100001
0010001110
0000100001
0000000000
1000110001
0010001110
0010001110
0000100001
0000000000
0110001110
0000000000
0000100001
0010001110
0000000000
0000000000
0000100001
0000000000
0010001110
0000100001
0010001110
0000000000
0000100001
0000100001
0010001110
0000000000
0010001110
0000000000
