../msdir/ms 60 1 -s 7 
541016359

//
segsites: 7
positions: 0.0221 0.0974 0.3710 0.5057 0.6338 0.8086 0.8115 
1000000
1001100
1000000
1000000
1000000
1000000
1000000
0000011
0000011
1000000
1101100
1010000
1000000
1000000
0000011
1000000
1001100
1000000
1000000
1000000
0000011
1000000
1000000
1001100
1010000
1000000
1001100
1000000
1000000
1000000
1000000
1000000
1000000
1000000
1001100
0000011
1010000
1000000
1000000
1000000
1000000
1001100
1000000
1000000
0000011
1001100
1000000
1000000
1000000
1000000
1000000
1000000
1001100
1000000
0000011
0000011
1000000
0000011
1000000
1000000
