../msdir/ms 64 1 -s 16 
694494418

//
segsites: 16
positions: 0.0043 0.1628 0.2003 0.3076 0.3469 0.4169 0.4581 0.5452 0.5528 0.5983 0.6468 0.6824 0.7257 0.7623 0.9838 0.9874 
0000000100100000
0010000000000000
0000000000100000
0000000000100000
0000000001000000
0000000001000000
0010000000000000
0000000100100000
0010000000000000
0000000000100000
0001000000000100
0000000000100000
0000010000101000
0000000010100000
0001000000000100
0000000001000000
0000000001000000
0000000000111000
0000000000111000
0010000000000000
1001000000000100
0000000000100000
1001000000000100
0000000100100000
0000000000100000
0000000000100000
0001000000000100
0010000000000000
0000000100100000
0000010000101000
0000100000000010
0010000000000000
0000000000100000
0000000001000000
0000000000100000
0000000000100000
0000001000100000
0000000000100000
0000010000101000
0000100000000010
0000000001000000
0000000000100000
0000010000101000
0000010000101000
0010000000000000
0000000000111000
0000000000100000
1001000000000100
0100000000100000
0000000000100000
0000000000111000
0000000001000000
1001000000000100
0000000000100000
0000000000100000
0000000000100000
0000000001000001
0000100000000010
0000000001000000
0001000000000100
0000000000100000
0000000010100000
0000000000100000
0000000010100000
