../msdir/ms 62 1 -s 19 
1923429804

//
segsites: 19
positions: 0.0485 0.0566 0.1257 0.1279 0.1871 0.2623 0.3334 0.4316 0.4451 0.4474 0.5584 0.6359 0.6851 0.7321 0.7385 0.7798 0.7957 0.9283 0.9475 
0011110000000010110
0100001000000100000
0001110000000010110
0001110000000010110
0001110000001010110
0001110000000010110
0001110000000010110
0001110000000010110
0001110000001010110
0001110000000010110
0001110010000010110
0000001000000100000
0000001000000100000
0001110000011010110
1001110000000010110
0001110000000010110
0000000100000000000
0001110000100010110
0001110000000010110
0000001000000100000
0001110000100010110
0001110000000010110
0001110000000010110
0001110000000010110
0001110000000010110
0100001000000100000
0001110000001010111
0001110000000010110
0001110000100010110
0000001000000100000
0001110000000010110
0001110000100010110
0001110000001010110
0001110000000010110
0001110001000010110
0001110000000010110
0001110010000010110
0001110000100010110
0001110000000010110
0001110000100010110
0001110000100010110
0000001000000100000
0100001000000100000
0100001000000100000
0001110000000010110
0001110000000010110
0001110000000010110
0001110000001010110
0001110000000010110
0001110000000011110
0000001000000100000
0001110000000010110
0001110000100010110
0000000100000000000
0001110000001010110
0001110000000010110
0100001000000100000
0001110000100010110
0001110000000010110
0000001000000100000
0001110000000010110
0001110000000010110
