../msdir/ms 60 1 -s 11 
1329804159

//
segsites: 11
positions: 0.0076 0.0142 0.1216 0.1375 0.1528 0.3576 0.3625 0.5389 0.7054 0.8837 0.9121 
00111100000
00101100010
00101100000
00101100000
00101100000
00111100000
00111100000
00101100000
00101100000
00111100000
00101101001
00101100001
00101100010
00101100010
00101100000
00101110000
00101100000
00000000100
00101100000
00101100001
00101100001
00111100000
00101100000
00101100010
00101100000
00101100000
00000000100
00000000100
00111100000
10101100001
00101100000
00101100001
00111100000
00101100010
00101100000
00101100001
00101100010
00111100000
00111100000
00000000100
00111100000
00111100000
00111100000
00101100001
00101100010
00111100000
00101100010
00101100001
00101101001
01000000000
00101100001
00000000100
00000000100
00101100000
01000000000
00101100000
00101100000
00101100010
00101100000
00101100000
