../msdir/ms 64 1 -s 18 
561590744

//
segsites: 18
positions: 0.0653 0.1088 0.1866 0.1933 0.2311 0.3070 0.3308 0.3503 0.3955 0.4355 0.4534 0.6204 0.6836 0.8078 0.8255 0.9319 0.9949 0.9983 
100000000000000000
000000000000010000
000000010000010000
000000100000001001
000000100000001001
000000001000000001
000000100000001001
100000000000000000
000000000000010000
000000100000001001
100000000010000000
000000000000010000
000000100000001001
000000000000010000
000000100000001001
001000000100000011
000000100000001001
100000000000000000
000000100000001001
000000100000001001
000000100000101001
001000000000000011
000000100000001001
000000000000010000
000000100000001001
000000100000001001
000000100000001001
000000000000010000
000000100000001001
000000100000001001
000000000000001001
001000000000000011
000000000000010000
000000010000010000
100000000000000000
000000100000001001
000000100000001001
000000000000000100
000000100000001001
000000000000010000
000000000000010000
001000000100000011
100011000000000000
000000100000001001
100000000000000000
000000001000000001
000000000000010000
010000000000010000
000000000000010000
000000100000001001
000000000000010000
100011000000000000
100000000000000000
000000000000010000
000000000000010000
100000000000000000
100011000000000000
000000100000001001
000000100000001001
000000000000001001
000100000001001001
000000000000010000
100000000000000000
000000000000001001
