../msdir/ms 68 1 -s 13 
1219172891

//
segsites: 13
positions: 0.0113 0.1267 0.2581 0.4378 0.5315 0.5543 0.5544 0.5586 0.6218 0.6634 0.7680 0.8640 0.8998 
1000000011001
0000000000000
0000000000000
0000000010000
0001000010000
0000000010000
0000000000000
0000000010000
0000000010000
0000000000000
0000000010000
0000000010000
0000000000000
0001000010000
0000000010000
0000000000000
0000000010000
0000000000000
0000000010000
0000000010000
0000000010100
0000000010000
0000000010000
0000000010100
0000000010000
0000000010100
0000000010000
0000000000000
0000000010000
0000000000000
0000000010000
0000100010000
0000000010000
0000000010000
0000000010000
1010001111000
0000000000000
1000010011000
0000000010000
0000000000000
0000000010100
0000000010000
0000000010100
0000000010000
0000000010000
0000000010000
0000000000000
1010001111000
0000000010000
0000000000000
0000000000000
0100000010000
0000000010100
0000000010000
0000000010000
0000000000000
0000000010100
0000000010000
0000000000000
0000000000000
0000000000000
0000000010000
1000000011000
1000001111010
0000000010000
0000000010000
0000000010000
1000000011000
