../msdir/ms 68 1 -s 9 
1714898552

//
segsites: 9
positions: 0.0031 0.0407 0.0901 0.2780 0.5922 0.6354 0.6988 0.9294 0.9445 
100010010
000010000
100010010
100010010
000000000
000010010
000010000
010010010
000011010
000010010
100010010
000010010
100010010
000011010
000010010
100010010
100010010
000010000
100010010
000010000
000000000
000010010
000010000
000000000
000010000
000011010
100010010
010010010
000010000
000011010
000010010
000011010
101010010
100010010
000011010
000011010
101010010
100010010
000010010
000011010
000010000
000010010
000000001
100010010
101010010
010010010
000011010
000010010
100010010
100010010
000010010
100010010
100010110
100010010
100010010
000011010
100010010
000010010
000000000
000010010
101010010
000010000
000010000
100010010
000000000
000110010
000010010
000011010
