../msdir/ms 60 1 -s 17 
1946722746

//
segsites: 17
positions: 0.0760 0.1503 0.2656 0.2823 0.3209 0.3305 0.3609 0.5382 0.5812 0.5951 0.8128 0.8352 0.8458 0.8639 0.8870 0.9181 0.9902 
00001000000000001
00001000000010001
10000001010000001
00000100001001000
00001000000010001
01001000000000001
01001000000000001
00000100001001000
00000100001001000
00010010000100001
00010010000100001
10000000010000001
10000000010000001
00001000000010001
00000100001001000
00001000000000001
01001000000000001
10100000010000101
00010010000100001
10000001010000001
01001000000000001
00001000000000001
00000100001001000
00001000000000001
00001000000000001
00001000000000001
00001000000000001
00001000000000001
00001000000000001
00010010000100001
10000000010000001
00001000000010001
00000100101001000
00010010000100001
00010010000100001
10000000010000001
10000000010000001
10000000010000011
00001000000000001
00001000000000001
00001000000000001
10000000010000001
00000100001001000
00010010000100001
00010010000100001
10000000010000001
10100000010000101
10000000010000001
00001000000000001
10000000010000001
00001000000000001
01001000000000001
10000000010000001
10000000010000001
10000000010000001
10000000010000001
10000000010000011
00001000000000001
10000000010000001
10000000010000001
