../msdir/ms 60 1 -s 12 
264977010

//
segsites: 12
positions: 0.0797 0.0881 0.2125 0.3411 0.3930 0.4104 0.4225 0.4285 0.5191 0.7761 0.8382 0.9733 
000001001100
100001001100
000001001100
000100100000
100001001100
000100100000
101001001100
000001001000
000001001000
000001001000
100001001100
000001001100
000001001000
100001011100
000001001100
000001001100
000100100000
000011001100
000001001000
100001001100
000100100000
100001001100
000001001100
000100000000
000001001100
000001001101
000001001100
100001001100
000100000000
100001001100
000001001000
000100100000
100001001100
000001001000
110001001100
100001001100
101001001100
000001001000
000100100000
101001001100
100001001100
101001001100
101001001100
000100100000
000001001000
000001001000
000001001000
000001001000
000001001100
101001001100
000001001000
000001001000
000001001000
100001001100
000011001100
100001001100
100001001100
101001001100
000100100000
000001001110
