../msdir/ms 68 1 -s 8 
1403807014

//
segsites: 8
positions: 0.0360 0.1098 0.2360 0.4277 0.5574 0.8467 0.8566 0.8654 
00000000
00000000
00000000
00001010
00000000
01000000
00001010
00001010
00000000
00001010
00000000
00001000
00001010
00001010
00001010
00001010
00001010
00001010
00001010
00001010
00001010
00110100
00000000
00001010
00001010
00001010
00001010
00001010
00000000
00000000
00001010
00000000
00000000
00000000
00000000
00000000
00001000
00000000
00001010
00001010
00001010
00001001
00000000
00001000
10000000
00000000
00001010
00001000
00001010
00001010
00000000
00000000
00001000
00110000
00000000
00001000
00000000
00001010
00000000
00001010
00001000
00110000
00000000
00000000
00000000
00001010
00110000
00001010
