../msdir/ms 64 1 -s 17 
1369838056

//
segsites: 17
positions: 0.0233 0.0898 0.2112 0.3705 0.3820 0.5389 0.5710 0.6613 0.6982 0.8160 0.8204 0.8372 0.8440 0.8886 0.8918 0.9219 0.9541 
01000110100000110
01000010100000000
01000010100000000
10000001000100000
10000001000100000
10000001000100000
10000001000100000
10000001000100000
01010010100010000
01000010100000000
00000000000000001
01000010100000000
10000001000100000
10000001000100000
01000010100000000
00001000000000000
10000001000100000
01010010100010000
01000010100000000
01000110101001110
10000001000100000
01000010100000000
01000010100000000
00000000000000001
10000001000100000
01000010100000000
00000000000000001
01000010100000000
10000001000100000
01000010100000000
01000010100000000
10000001000100000
10000001000100000
01000010100000000
00000000000000001
00001000000000000
00000000000000001
01000010100000000
01000010100000000
10000001000100000
10000001000100000
01000110100000110
01000110100000110
01000110100000110
10000001000100000
01000010100000000
10000001000100000
00000000000000001
00000000000000001
01000110101001110
01000010100000000
01010010100010000
00000000000000001
00000000000000001
00000000010000001
10000001000100000
10100001000100000
01000010100000000
10000001000100000
01000010100000000
01000010100000000
00001000000000000
01000110100000110
00001000000000000
