../msdir/ms 66 1 -s 6 
120070332

//
segsites: 6
positions: 0.0848 0.2662 0.4090 0.4991 0.7280 0.9642 
010001
000010
000010
010001
010000
000000
000010
000000
000010
000000
010000
000000
010000
000000
000000
000000
000000
000010
000000
000000
000000
000000
000000
000000
000100
000000
100000
000000
000000
000000
000000
000000
000000
000000
000000
000010
000100
010000
000000
000000
000000
000000
000000
000000
000000
001000
000000
000000
000000
000000
100000
000000
000000
000000
000000
010000
000000
000000
000000
000000
000010
000010
000000
000000
000000
000000
