../msdir/ms 66 1 -s 8 
201938223

//
segsites: 8
positions: 0.0132 0.2303 0.6219 0.6805 0.7456 0.7460 0.8498 0.9644 
10000000
10000000
10000000
10000000
10000100
10000000
10000000
00001000
10000000
10000000
10000000
10000000
10000000
10000000
00001000
00001000
10000000
00001000
00001000
00010000
10000000
10000000
10000000
10000000
10000000
10000000
10000000
10000000
10000000
11000001
10000000
10000000
10000000
10000000
00010000
10000000
10000000
10000000
10000100
10000000
10000000
10000000
10000000
10000100
00001000
10100010
00001000
10000000
10000000
10000000
10000000
10000000
10000000
00001000
00010000
10000000
10000000
10000000
10000100
11000000
00010000
10000000
10000000
00001000
10000000
10000000
