../msdir/ms 62 1 -s 8 
2145595864

//
segsites: 8
positions: 0.0680 0.1315 0.1374 0.1890 0.4995 0.5664 0.6931 0.7347 
00111001
00000001
01111001
00110001
00000001
10000000
00111001
00111001
00110001
00000001
00110001
00000001
00111001
00000001
00000011
00000011
00000011
10000100
01111001
00000011
00000001
00000011
00000011
00111001
01111001
00000011
10000000
00111001
10000100
10000100
00000011
00000011
00110001
00111001
00000001
10000100
00100001
00110001
00100001
00000011
00100001
00000011
00000011
00000001
00110001
00000001
00110001
00000001
00000011
00110001
00110001
00000011
00100001
00111001
00111001
01111001
01111001
00000001
00100001
00000001
10000100
00100001
