../msdir/ms 62 1 -s 7 
2010629794

//
segsites: 7
positions: 0.4175 0.5965 0.7493 0.8211 0.8264 0.8685 0.9518 
0010000
0101000
0101001
0010000
0101001
0101010
0010000
0010000
0101010
0010000
0010000
0101000
1101000
0101000
0101000
0010000
0101000
0010000
0101001
0101010
0010100
0101010
0010000
0101000
0101010
0010000
0010000
0101000
0101010
0010000
0101000
0010000
0101010
0101000
0101000
0101000
0101000
0010000
0101010
0101010
0101000
0010000
0101010
0101000
0010000
0010000
0101000
0010000
0010000
0101010
0101010
0101010
0101000
0010000
0101010
0010000
0101000
0101000
0101010
0101000
0010000
0101000
