../msdir/ms 60 1 -s 8 
306078962

//
segsites: 8
positions: 0.0608 0.0934 0.1390 0.3285 0.3671 0.3859 0.4890 0.6310 
00000001
00000001
10000001
00000001
00011010
00011000
00000001
00000001
00000001
00000000
00000001
00000001
00011000
00000001
00000000
00100001
00011000
00000000
00000000
00000001
00000001
00000001
00000001
00000001
00000000
00000001
00000000
00000001
01000001
00000000
00000001
00000001
00000000
00011000
00000001
00000001
00000000
00000001
00000000
00000001
00000000
00000001
00000001
00011010
00000001
00000001
00000000
00000000
00000001
00000000
00000001
00000000
00000001
00000001
00000001
00000100
00000000
00000000
00000001
00000000
