../msdir/ms 66 1 -s 17 
1204124200

//
segsites: 17
positions: 0.0129 0.0530 0.0884 0.1013 0.1737 0.2404 0.3046 0.3080 0.4526 0.4706 0.5033 0.6865 0.7026 0.7333 0.7915 0.9267 0.9660 
11100000000010000
11100000000011000
00010000000000000
11100000000110000
00000000001000100
11100000000010000
00000000001000000
00000000001000001
00000000001000000
00010000000000000
00000000001000000
11101000000010000
11000010010010000
11000010010010000
11100000000011000
00000000001000000
11101000000010000
00000000001000000
00000000001000000
11101000000010000
11101000000010000
11100000000011000
00000000001000000
00010000000000000
11100000000010000
00000000001000000
00000000001000000
11101000000010000
11100000000011000
00010100000000000
11101000000010000
11100000000010000
11000010010010000
00000000001000100
00000000001000100
00000000001000000
11100000000011000
11100000000110000
11100000000011000
00000000001000000
11100000000011000
11000010010010000
00000000001000000
00000000001000100
00010000000000000
11100001000011000
11100000000010000
11000010010010000
00000000001000000
00000000001000001
11100000000010000
11100000000011000
00000000001000000
11100000000011000
11101000000010000
11100001000011000
11100000000011000
11000010010010000
00000000101000000
11101000000010000
00000000001000000
00000000001000000
11100000000110010
11100000000011000
11100000000011000
00010000000000000
