../msdir/ms 60 1 -s 20 
1762010526

//
segsites: 20
positions: 0.0671 0.1172 0.1235 0.1492 0.2173 0.3556 0.3771 0.3796 0.4317 0.4484 0.4911 0.5174 0.5624 0.6837 0.6926 0.7132 0.8574 0.8900 0.9334 0.9499 
01111001101000000001
01111001101000000001
01101101011000001001
01111001101000000001
00000000000101010000
00000000000100000000
00000010000101000000
01111001101000000001
01111001101000000001
00000000000100000000
00000000000101000000
01111001101000000001
00000000000100000000
00000000000101010000
01111001101000000001
00000000000100000000
00000000000100000000
00000000000100000000
00000000000100000000
00000000000101000010
00000000000101000000
00000000000100000000
00000000000100000000
01111001101000000001
00000000000101010000
10000000000100100000
00000000000100000000
01101101011000001001
01111001101000000001
01101101011000001001
00000000000101000000
00000000000100000000
00000000000100000000
00000000000100000000
01101101011000001001
00000000000100000000
00000000000101000000
01101101011000001001
00000000000101000000
00000000000100000000
01111001101000000001
00000000000101000000
00000000000101000000
00000000000100000000
01111001101000000001
01111001101000000001
00000000000101000000
01111001101000000101
00000000000100000000
00000000000101000000
00000000000100000000
01111001101000000001
00000000000110000000
01111001101000000001
00000000000100000000
01111001101000000001
10000000000100100000
00000000000100000000
00000000000101000000
01101101011000001001
