../msdir/ms 64 1 -s 13 
2016349521

//
segsites: 13
positions: 0.0169 0.1782 0.3084 0.3249 0.4685 0.4695 0.5397 0.6595 0.7652 0.8088 0.8382 0.9001 0.9759 
0000101000000
0000001000010
0000001000000
0000001000000
0001001000000
0000000010000
0001001100000
0000000000101
0000001000000
0000000010000
0000000010000
1000000000001
0000001000000
0000001000000
0000000010000
0000001000010
0000001000000
0000000010000
0000000010000
0000001000000
0000000000101
0000001000000
0000000000000
0000001000000
0000001000000
0000000000000
0000011000000
0001001000000
0000001000000
0000000010000
0000000000101
0000001000010
0000001000000
0000001000000
0000001000000
0100000010000
0000001000000
0000000010000
0000000010000
0000001000000
0000011000000
0000000000000
0000001000000
0000001000000
0000000011000
0000000010000
0000001000000
0000001000000
0000001000000
0000001000000
0000001000000
0000000010000
0000001000000
0001001000000
0000000000000
0000011000000
0000000000000
0000001000000
0000001000000
0000000000000
0000000010000
0010001000000
0000000000000
0000001000000
