../msdir/ms 66 1 -s 16 
2114248234

//
segsites: 16
positions: 0.0084 0.0381 0.0739 0.1618 0.2167 0.3199 0.3497 0.3960 0.4726 0.5173 0.6397 0.7114 0.7800 0.7867 0.8518 0.9598 
0100000010000001
0100000010000001
0100000010000001
0100000010000001
1000001000100000
1000001000100000
0100000010000001
1000001000100000
0100000110000011
0100000010000001
0100000010000001
0100000010000001
0100000110000011
0100000010000001
1000001000100000
0100000010000001
0100000010000001
0100000010000001
0100000010000001
0100000110000011
0100000010000001
0100000010000001
1000001000100000
0100000010000001
0011110001010000
1000001000100000
0100000010000001
1000001000100000
0100000010000101
0100000010000001
0100000010000001
0100000010000001
0100000010000001
0100000110000011
1000001000100000
1000001000100000
0100000010000001
0100000010000001
0100000010000001
1000001000100000
0100000010000001
0100000010000001
1000001000100000
0100000010000001
0100000010000001
1000001000100000
0100000010000001
0100000110000011
1000001000100000
0100000010000001
0100000010000001
0011110001010000
1000001000100000
0100000010000001
0100000010000001
0100000010000001
1000001000100000
0011110001010000
0011110001010000
1000001000101000
0100000010000001
0100000110000011
1000001000100000
0100000010000001
1000001000100000
1000001000100000
