../msdir/ms 66 1 -s 11 
1229063940

//
segsites: 11
positions: 0.0809 0.1357 0.1398 0.1424 0.2782 0.3174 0.4111 0.4437 0.5729 0.7334 0.9347 
00100000000
10100000100
01001010000
10100000100
00001000001
00001000001
00001000001
00100000000
00001000000
00001000001
00001000000
00100000000
00100000000
00001000001
00100000000
01001010000
00001000001
00100000000
00001101000
00001000001
00001000001
00001010010
00001000001
00001010000
00100000000
00001000000
00001000001
00001000001
00100000000
00001000001
01001010000
00110000000
00001000001
01001010000
00100000000
00001000000
00001000001
00001000001
00001101000
00001000001
00001101000
00001000000
01001010000
00100000000
01001010000
00001000001
10100000000
00001000001
00001000001
01001010000
00001010000
00001000001
01001010000
00001000001
00001000001
00001000001
00001000001
00100000000
00001101000
00001000001
00001010000
00001000001
00001000001
00001000000
10100000000
00001101000
