../msdir/ms 64 1 -s 14 
263074048

//
segsites: 14
positions: 0.0088 0.0317 0.0750 0.0833 0.3004 0.3462 0.3627 0.6030 0.7280 0.7805 0.8364 0.8560 0.8753 0.8814 
10001001000000
00000000100101
00000000100101
00000101000000
10000001000000
00000000100101
00000000100101
00000101000000
00000101000000
10010001000000
00000000100101
10000001000000
00000101000000
00000101000000
00000000100101
10000001000000
10001001000000
00000000100101
00000101000000
01100000110101
00000101000000
00000101000000
00000000100101
10000001000000
00000101000000
00000101000000
00000101000000
10000001000000
00000101000000
10000001000000
00000001001000
00000101000010
00000101000000
00000101000000
10000001000000
10000001000000
00000101000000
10000001000000
00000101000000
00000101000000
10000001000000
00000101000010
00000000100101
10000001000000
00000101000000
00000101000000
00000000100101
00000101000000
00000101000010
00000101000010
00000101000000
00000101000000
00000101000000
00000000100101
00000101000000
00000000100101
00000000100101
00000101000000
10001001000000
00000000100101
00000101000000
00000000100101
00000010100101
00000101000010
