../msdir/ms 62 1 -s 15 
159591603

//
segsites: 15
positions: 0.0128 0.1632 0.1869 0.2561 0.2707 0.2718 0.3427 0.3789 0.4265 0.4464 0.5237 0.6413 0.7799 0.8397 0.8543 
011000000001001
011000000001001
011000000001001
011000001001001
001000000001101
011000000001001
001000000001101
011000000001001
001000000001101
001000000001101
001000000001101
011001100001001
011000000001001
001000000001101
011000000001001
001100000001101
100010010010010
011000000001001
001100000001101
011000001001001
011000001001001
011000000001001
011000000001001
011000001001001
011000000001001
011000000001001
011000000001001
011000001001001
011000001001001
001000000001101
011000000001001
011000000001001
011000001001001
001000000001101
001000000101101
100010010010010
001000000001101
011000001001001
011000000001001
001000000001101
001000000001101
011000000001001
011000000001001
001100000001101
011000000001001
001100000001101
011000001001001
001000000001101
001000000001101
001000000001101
011000001001001
001000000001101
011000000001001
001100000001101
001000000001101
001000000001101
011000001001001
011000000001001
011000000001001
011000001001001
001100000001101
011000000001001
