../msdir/ms 64 1 -s 6 
2127619518

//
segsites: 6
positions: 0.1320 0.1962 0.3444 0.7270 0.9400 0.9760 
001010
001010
001010
100000
001010
001010
001010
100000
010000
000000
000001
000001
001010
100000
000000
100000
001010
001010
100000
000101
001010
001010
001010
001010
001010
100000
100000
100000
000101
100000
001010
000000
000000
100000
000101
000101
001010
001010
000000
100000
000010
100000
001010
000000
100000
000101
100000
000101
100000
001010
100000
100000
100000
100000
100000
001010
000101
100000
001010
100000
001010
100000
010000
100000
