../msdir/ms 68 1 -s 12 
1162282621

//
segsites: 12
positions: 0.1214 0.1726 0.2558 0.2814 0.3444 0.3558 0.3699 0.4118 0.4999 0.5359 0.7216 0.9705 
000010000000
000000000000
000010000000
000000000000
101000000000
000000000000
000000000000
000000000000
000010000000
000000000000
101000000000
000000100000
000000000001
000010000000
000000000000
101000000000
000000000000
100000010000
000000000001
101000000000
100000010000
000000100000
000000000010
000000000000
000110000000
000000000000
000000000000
000000000000
000010000000
000000000010
000000000000
000000000000
100001010000
100001010000
000000000010
000000100000
101000000000
000000000000
000000000000
010000000000
000110000000
000000000000
000000000000
000010000000
000000000000
000110000000
101000000000
000010000000
000010000000
000000000000
100000010000
100001010000
000000100000
100000011000
000010000000
000000000000
000000000000
100000010000
000000000000
000000000000
000000000010
100001010000
000010000000
000000000000
000110000100
000000000000
100001010000
000000000000
