../msdir/ms 68 1 -s 5 
460071277

//
segsites: 5
positions: 0.0161 0.3711 0.5690 0.6096 0.9913 
00010
00010
00010
00010
10001
10001
00010
10001
00010
10000
00010
11001
10000
00010
11001
00010
10001
00010
10000
10000
00010
00010
11001
00010
00010
00010
00010
00010
11001
00010
10001
00010
00010
11001
10001
00010
00010
00010
00010
00010
00010
10001
11001
00010
00010
00010
11001
00010
00010
00010
10000
10001
00010
11001
00010
00010
00010
00010
10000
00010
00010
00010
00010
00010
10001
10100
00010
00010
