../msdir/ms 64 1 -s 7 
58978713

//
segsites: 7
positions: 0.2682 0.2974 0.4058 0.5123 0.5674 0.7208 0.9726 
0100000
0001011
1100000
0100100
0100000
0001011
0001011
1100000
1100000
0001011
1100000
0001011
0001011
0001011
1100000
0001011
0100000
1100000
0001011
1100000
1100000
0001011
0100000
0100000
0001011
0100000
1100000
1100000
0001011
0001011
1100000
0100000
0001011
0001011
0001011
0100000
0001011
0100000
0001011
1100000
1100000
0001011
0100000
0011011
0001011
0100000
0100000
0001011
0001011
0100000
1100000
0001011
0100000
0001011
0001011
0100000
0001011
0001011
1100000
0001011
1100000
0001011
0100000
0100000
