../msdir/ms 66 1 -s 19 
919451865

//
segsites: 19
positions: 0.0092 0.1526 0.2388 0.2580 0.2614 0.3683 0.4125 0.4209 0.4424 0.4496 0.5282 0.5576 0.6041 0.6732 0.6992 0.7245 0.7931 0.8593 0.9815 
1000100100100011010
1000000100100011010
0000010000010000000
0010010000010000101
1000000100100001010
0000010000010000101
1000000100100001010
1000000100100011010
1000001100100101010
1000000100100011010
1000000100100011010
1000000100100011010
1000000100100001010
1000000100100001010
0010010000010000101
0000010000010000000
1000000100100001010
1000000100100011010
0000010000010000000
1000000100100011010
1000000100100001010
0000010000010000000
1000100100100011010
1000100100100011010
1000100100100011010
1000000100100001010
0001010000010000000
1000000100100001010
1000000101100011010
1000001100100101010
1000000100100011010
0000010000010000000
1000000100100001010
1000000100100001010
1000000100100001010
1000000100101001010
0000010000010000000
1000000110100011010
0000010000010000101
1000000110100011010
1000000100100001010
1000000100100011010
1000000100100001010
1000000100100001010
1000000101100011010
1000000100100011010
0000010000010000101
0000010000010000101
0000010000010000000
0000010000010000000
0000010000010000101
0100010000010000101
0000010000010000000
1000000100100001010
0000010000010000001
0000010000010000001
0000010000010000000
1000000100100011010
0100010000010000101
1000000100100001010
1000000100100001010
1000000100100001010
1000000110100011010
0000010000010000101
1000100100100011010
1000000100100011010
