../msdir/ms 60 1 -s 6 
430899327

//
segsites: 6
positions: 0.3602 0.4532 0.5089 0.7752 0.9755 0.9820 
110000
110000
110000
001010
110000
001010
110000
110000
001010
001010
001010
001010
001001
110000
001010
110000
001010
001010
001010
001010
110000
001110
001010
110000
100000
001010
110000
110000
001010
100000
001010
001010
110000
110000
100000
001010
110000
110000
001001
100000
110000
001001
110000
001001
110000
001001
001001
001010
110000
110000
001010
110000
001010
110000
001001
110000
001010
001010
110000
001010
