../msdir/ms 66 1 -s 15 
672303475

//
segsites: 15
positions: 0.0315 0.0375 0.1286 0.2294 0.2924 0.3178 0.6265 0.6425 0.6678 0.7152 0.7268 0.7811 0.8335 0.8382 0.8713 
000011010000110
100000101100001
100000101100001
100000101100001
000011010000010
100000101100001
100000101110001
100000101100001
000011010000110
000011010000010
000111010001010
000011010000110
000011010000110
000011010000110
000011010000110
100000101100001
000011010000110
100000101100001
000011010000010
000011010000010
000011010000010
100000101100001
100000101100001
001011010000110
100000101100001
010011010000110
100000101100001
000011010000110
100000101100001
000011010000010
100000101100001
000011010000010
000011010000110
001011010000110
000011010000110
000011010000010
000011010000110
000111010001010
000011010000110
001011010000110
001011010000110
100000101110001
000011010000010
000011010000110
000011010000110
000011010000010
000011010000010
100000101100001
000011010000010
000011010000010
000111010001010
001011010000110
000011010000110
001011010000110
001011010000110
000011010000010
100000101100001
001011010000110
000111010001010
000111010001010
100000101100001
001011010000110
000011010000110
100000101110001
000011010000110
100000101100001
