../msdir/ms 68 1 -s 18 
1092415413

//
segsites: 18
positions: 0.0164 0.0167 0.0329 0.1705 0.1807 0.1834 0.2158 0.2747 0.2842 0.3840 0.4509 0.5567 0.5740 0.5797 0.5966 0.7758 0.8243 0.9644 
000010000000010100
010010000000000100
000010000000001100
000010000000000100
001010000100000100
001010000100000100
000010000000000110
000010000000000100
000010000000000100
000010000000000100
000010000000000100
000010000000000100
001010000100000100
001010000100000100
001010000100000100
001010000100000100
000000000000100000
001010000100000101
000011000000000100
000010000000000100
001010100100000101
000010000001000100
000010000010000100
001010000100000100
000010000000000100
000010000000000100
000010000000000100
000010000000000100
000010000000000100
000000000000100000
000000000000100000
001010000100000100
000010000000000100
001010000100000101
000010000000000100
000010000000000100
100010000000000100
000000000000100000
001010000100000100
001010000100000100
001010000100000101
000010000000001100
000010000000010100
000010000000010100
001010010100000100
000010000010000100
001010000100000100
001010000100000100
000010000000000100
000010000000000100
100010000000000100
000010000000000100
000000000000100000
001010000100000100
010010000000000100
001010000100000100
001010000100000100
000110001000000100
001010000100000101
000010000010000100
001010000100000101
100010000000000100
000000000000100000
001010000100000100
001010000100000100
001010000100000100
010010000000000100
000010000000010100
