../msdir/ms 60 1 -s 9 
1127801456

//
segsites: 9
positions: 0.0814 0.1186 0.2147 0.3483 0.4178 0.5867 0.6116 0.7102 0.8344 
000110100
000110100
000110000
000000000
000110100
000000000
010000010
000110100
000000000
000000000
010001010
010001010
000000000
000000000
000110000
010001010
000110100
100110000
000110100
000110000
010001010
000110100
010000010
000110100
000110000
000000000
000110100
010000010
010001010
010001010
000110100
000110100
010000010
000110100
000110100
000110000
010001010
010000010
000110101
000110100
000110000
000110100
000110100
000110000
000000000
000110000
000110100
000110100
010000010
000110100
010000010
010000010
010000010
000110100
000110000
000110100
000110000
000110000
001110100
000110100
