../msdir/ms 62 1 -s 20 
1106341781

//
segsites: 20
positions: 0.0696 0.2245 0.2483 0.2521 0.2635 0.2873 0.2994 0.3080 0.3596 0.3607 0.4593 0.4664 0.4703 0.5061 0.5142 0.5352 0.5997 0.6056 0.8582 0.8872 
00101000100000010000
10000010010001101111
00001000100000010000
00001000100000010000
00001000100000010000
00101000100000010000
10000000010001101111
00101000100000010000
00001000100000010000
00101000100000010000
00001000100000010000
00001000100000010000
10000000010001101111
10000010010001101111
00001000100000010000
10000000010001101111
00101000100000010000
00101000100000010000
00001000100000010000
00001000100000010000
00101000100000010000
10000000010001101111
10000101010101101111
00001000100000010000
00101000100000010000
00101000100000010000
10000000010001101111
00001000100000010000
00101000100000010000
00101000100000010000
00001000100000010000
00101000100000010000
00101000100000010000
00001000100000010000
00001000100000010000
00101000100000010000
10000101010101101111
10000010010001101111
00101000100000010000
10000000010001101111
00011000100000010000
10000100010001101111
10000000010001101111
10000000010001101111
10000000010001101111
00001000100000010000
00001000100000010000
00101000100000010000
00001000100000010000
10000100010001101111
10000100010001101111
00001000100000010000
00101000101000010000
00001000100000010000
11000000010001101111
10000100010001101111
00001000100000010000
10000100010001101111
10000000010011101111
10000000010001101111
00001000100000010000
00001000100000010000
