../msdir/ms 72 1 -s 12 
2106296888

//
segsites: 12
positions: 0.2234 0.2264 0.3007 0.4099 0.5064 0.5361 0.5883 0.6474 0.7714 0.9048 0.9819 0.9859 
000010000000
000100000010
000010000000
000100000010
000100000010
000000000010
000000000010
000100000010
000010000000
000010001000
000100000110
000010000000
000000000010
000010000000
000010000000
000000000010
000000000010
000010000000
000010000000
000100000010
000100000011
000000010010
000000000010
000010000000
000100000010
000100000010
000000010010
000010000000
000010000000
000000000010
000000010010
000010000000
000010000000
000100000010
000010000000
000010100000
000010000000
110010000000
000000000010
000000000010
000000000010
000010000000
000000000010
000100000010
000100000010
000010100000
000010000000
000010000000
000100000010
000100000010
000010000000
000000000010
001010000000
000010000000
000010000000
000010100000
000010001000
000000000010
000000010010
000010000000
000010000000
000010000000
000000010010
000001010010
000010000000
000000010010
000010000000
000100000010
000010000000
000000010010
000010000000
000010000000
