../msdir/ms 76 1 -s 16 
1609303539

//
segsites: 16
positions: 0.0728 0.0953 0.1306 0.1348 0.1795 0.3208 0.4222 0.4514 0.5119 0.5231 0.6163 0.6810 0.6909 0.7068 0.8383 0.8606 
0010000001000100
0010000001000100
0010000001000100
1001001000000001
1001000000000001
0010000001000100
1001000000000001
0001000000000001
0010000001000100
1001000000010001
0010100001000100
1001000000000001
1001000000000001
0010100001000100
0001000000000001
1001000000000001
0010100011000100
0010000001000100
0010000001000100
0010000001000100
0001000000000001
1001000000000001
1001000000000001
1001000000000001
0010000001000100
1001000000000001
0110000001100100
1001000000000001
0001000000000001
0010000001000100
1001000000000001
0010000001000100
1001000000000001
1001000000000001
0010000001101100
1001001000000001
0010000001000100
1001001000000001
0010100001000100
0010000001101100
0001000000000001
0010100001000100
0010000001000110
0010010001000100
0010000001100100
0010000001101100
0010000001000100
0010000001101100
1001000000000001
0010000001000100
0010000001000100
0001000100000001
1001000000000001
0010000001000100
1001000000000001
0010000001000100
1001000000000001
1001001000000001
1001001000000001
0010000001101100
1001000000000001
0010100001000100
1001000000000001
0010000001000100
0010000001000100
0010000001000100
1001000000000001
1001001000000001
1001000000000001
0110000001100100
1001000000000001
1001000000000001
0010000001000100
0001000000000001
0010000001000100
0010000001000100
