../msdir/ms 72 1 -s 17 
767583011

//
segsites: 17
positions: 0.1118 0.1554 0.1577 0.2090 0.2267 0.2492 0.2784 0.4170 0.4408 0.5585 0.5907 0.6118 0.7212 0.8479 0.8826 0.8876 0.9416 
10000000000100000
10000000000100000
00100000111000101
00000100000000000
00000100000000000
10000000000100000
00000000111000101
10000000000100000
00000000111001101
10000000000100000
10000000000100000
00000000111000101
10000000000110000
10000000000100000
00000000111000101
00000000111001111
10000000000100000
10000000000100000
10000000000100000
10000000000100000
00100000111000101
00000000111000101
00000100000000000
00000000111001111
00000000111000101
00000100000000000
10000000000100000
10000000000100000
10000000000100000
00000100000000000
00000000111000101
00000000111001101
00000000111001111
10000000000100000
00000000111000101
00000000111001111
10000000000100000
10000000000100000
00000000111000101
00000000111001101
10000000000100000
10000000000100000
00000100000000000
00000100000000000
10000000000100000
01001000000000000
00100000111000101
00000000111001111
00000100000000000
00000000111001111
10000000000100000
00000110000000000
10000000000100000
00000100000000000
00000000111001111
00010110000000000
10000000000100000
00000100000000000
10000000000100000
00000000111000101
10000000000100000
00000000111000101
00000110000000000
00000100000000000
00100000111000101
10000001000100000
10000001000100000
10000000000100000
10000001000100000
00000000111001111
00000000111001101
10000000000100000
