../msdir/ms 70 1 -s 6 
823900333

//
segsites: 6
positions: 0.7630 0.7774 0.8377 0.9236 0.9372 0.9909 
000000
000011
000000
000000
010010
000000
000000
010010
010010
010010
000010
000000
000010
000000
010010
000000
000000
000000
000000
010010
001100
000000
101100
000010
000000
000000
000010
010010
000000
010010
010010
000000
000011
000000
000010
000011
000000
000000
000000
000010
000000
001100
001100
001100
000000
000000
000000
000000
000000
000000
000010
010010
001100
001100
000000
000000
000010
000010
001100
000000
000000
000010
001100
000010
001100
000000
010010
000000
000000
010010
