../msdir/ms 78 1 -s 10 
2112404427

//
segsites: 10
positions: 0.0497 0.0960 0.2997 0.3174 0.4189 0.4518 0.5207 0.6650 0.8367 0.8378 
0000001010
0000000010
0000000010
0000000010
0000000010
0000000001
0000000010
0000000010
0000000010
0000000010
0000000010
0000000001
0001000110
0000001010
0010100001
0000001010
0000000010
0000000010
0000000010
0000001010
0000000010
0000000010
0000000010
0000001010
0001000110
0001000110
0000100001
0000100001
0000000010
0000000010
0000000010
0000001010
0000001010
1000100001
0001000110
0000011010
0000000010
0000000010
0000001010
0000001010
0001000110
0000000010
0001000110
0001000110
0101000110
0000000010
0000000010
0000001010
0000001010
0000100001
0000000010
0000000010
0010100001
0000000010
0000011010
0000001010
0000100001
0000001010
0000000010
0000001010
0000000010
0000100001
0000000010
0000001010
0000001010
0000100001
0001000110
0010100001
0000000010
0000000010
0001000110
0000000010
0000000001
0000000010
0000000010
0000001010
0000000010
0010100001
