../msdir/ms 72 1 -s 7 
869059022

//
segsites: 7
positions: 0.3682 0.4194 0.4417 0.5876 0.7538 0.8971 0.9900 
0110100
0110100
0001000
0001000
0001000
0110100
0001001
0110100
0001000
0001000
0001001
0001000
0001000
0010100
0001000
0010100
0001001
0010100
0001000
0001001
0001000
0110100
0001000
0110100
0001001
0001000
0001001
0001000
0010100
1001000
0001000
0010100
0010100
0001000
0001000
0001001
0010100
0110100
0001000
0001001
0001000
0001001
0001000
0001001
0001000
0001000
0001000
0001000
0010100
0001001
0010100
0001000
0110100
0001001
0010100
0001000
0001001
0110100
0001001
0001010
0010100
0001001
0001001
0110100
0010100
0001000
0001010
0001001
0010100
0010100
0001000
0001001
