../msdir/ms 76 1 -s 10 
167305111

//
segsites: 10
positions: 0.0365 0.2436 0.2898 0.5023 0.6445 0.8100 0.8406 0.8501 0.8914 0.9495 
0000000000
1001010000
1101000001
0000000000
0000000000
1101000001
0000000000
1001010000
0000000000
0000000000
0000000000
1101000001
1001010000
0000000000
0000000000
0000000000
0010000100
0000000000
0000000000
0000000000
0000000000
0000000000
0000000000
0000000000
0000100000
0000000010
0000000000
0000100000
0000100000
0000000000
1001010000
0000000000
0000000000
1001010000
0000100000
0000000000
0000100000
1001010000
0000000000
0000000000
1001010000
0000000000
0000000000
0000000000
0000100000
0000000000
0000000000
0000100000
0000000000
0000000000
0000000000
1101000001
0000100000
0000000000
0000000000
0000000000
0000000000
0000000000
1101000001
0000000000
0000000000
0000000000
0000000000
0000000000
1101000001
1101000001
0000000000
0000000000
0000000000
0000000000
1101000001
0000000000
0000000000
0000001000
0000000000
0000000000
