../msdir/ms 72 1 -s 11 
1839193879

//
segsites: 11
positions: 0.2910 0.2939 0.3250 0.3559 0.4043 0.4681 0.5169 0.5857 0.6625 0.7466 0.9019 
10000001010
10000001010
10000001010
10100001010
00000000000
00000010000
10000001010
10000001010
00000000000
00010000000
10001001110
10100001010
00000000001
10100001010
10000001010
10000001010
00000000001
10000001010
10100001010
00010000000
10000001110
10000001010
10000001110
10000001010
10000001010
10001001110
10000001010
10000001010
10000001110
10001001110
10100001010
10000001010
00000000000
10100001010
10100001010
10000001010
11000001010
10000001010
10000001010
00000000000
10000001010
10000001010
10000001010
10000001010
10100001010
00000000000
10000001110
10000001010
10000101110
00010000000
10000001010
00000000000
10000001010
10000001010
00000000000
10000001010
00000000001
10100001010
10000001010
10100001010
10000001110
10000001010
10000001010
00000000000
00000010000
10100001010
10100001010
10000101110
10000001010
10000001010
10000001010
10000001010
