../msdir/ms 70 1 -s 16 
615266513

//
segsites: 16
positions: 0.0508 0.0809 0.0937 0.2062 0.2499 0.2826 0.2986 0.3844 0.5317 0.5347 0.5653 0.7493 0.7665 0.8782 0.9055 0.9321 
0010000010100000
0000000010011000
0101011100000001
0101011100000001
0010000010100000
0101001101000001
0010000010100000
0010000010100000
0010000010100000
0101011100000001
0010000010100000
1000001000000000
0010000010100000
0010000010100000
0101001101000001
0010000010100000
0010000010100000
1000001000000000
0101011100000001
0010000010100000
0101001101000001
0010000010100000
0010000010100000
0010000010100000
0010000010100000
1000001000000000
0101001101000001
0010000010100000
0101011100000001
1000001000000000
0010000010100000
0010100010100000
0010000010100000
0010000010100000
0010000010100000
0010000010100000
0010000010100000
0010000010100000
0101001100000001
0010000010100000
0010000010100000
0101011100000001
0101011100000001
1000001000000000
0010000010100000
0010000010100000
1000001000000000
0010000010100100
1000001000000010
0101011100000001
0010000010100000
0010000010100000
0101001100000001
0101011100000001
0101001100000001
0010000010100000
0010000010100000
0010000010100000
0010000010100000
0010100010100000
1000001000000000
1000001000000000
0101011100000001
0101011100000001
0010000010100000
0010000010100000
0101001100000001
1000001000000000
0000000010011000
0000000010011000
