../msdir/ms 78 1 -s 8 
2030167661

//
segsites: 8
positions: 0.2702 0.3094 0.5083 0.6177 0.6483 0.7344 0.9119 0.9414 
10000100
10000000
10010000
10000000
10000100
10000010
10000000
10000000
10000100
10000000
10000000
10000100
10000100
10000000
10000000
11000000
10000000
00000000
10000100
10010000
10000010
10000000
10000000
10000000
10000000
10000000
10000100
10000010
10000010
10000000
00000000
10001010
10000010
10000001
10000010
10000010
10000000
10000010
10000000
10000000
10000000
10000000
00000000
10100000
10000000
10000000
10001010
10000000
10000100
10000010
00000000
10000000
10000010
10001010
10000010
10000010
00000000
10000000
10001010
10000010
10000000
00000000
10000100
10000100
10000000
10000000
10000000
10000000
10000000
10000000
10000010
10010000
10000000
10000000
10000000
10000010
00000000
10000000
