../msdir/ms 74 1 -s 13 
1889302241

//
segsites: 13
positions: 0.0337 0.1027 0.1116 0.1340 0.1437 0.3353 0.3917 0.6975 0.7356 0.7492 0.8100 0.8818 0.8826 
0100000000010
0100000000000
0100000000000
0100000000010
0100000000110
0100010000110
0100000000000
0100000000110
1000101110000
1000101110000
0100000000110
0100000000010
1000101110000
0100000000010
1000101110000
1000101110001
0100000000000
1000101110000
1000101110000
0100000000000
0110000000000
0100000000000
0100000000010
0100000000000
0100000000010
0110000000000
1000101110000
1000101110000
0100000000000
0100000000110
0100000000000
1000101110000
0110000000000
0100000000000
1000101110000
1000101110000
0100000000000
0100000000000
0110000000000
0100000000000
0100000000000
0100000000000
0100000000000
1000101110000
0100000000010
0100000000000
0100000000010
0100000000110
0100000000000
0100000000000
0100000000000
0100000000000
0100000000000
0100000000000
0100000000110
0100000001000
1000101110000
0100000000000
1000101110000
0100000000010
0100000000000
0100000000000
0100000000010
1000101110000
0101000000000
0100000000000
0100000000000
0100000000000
0100000000000
1000101110000
0100000000000
1000101110000
0100000000000
0100000000010
