../msdir/ms 72 1 -s 18 
260772402

//
segsites: 18
positions: 0.1583 0.3210 0.3547 0.4070 0.4071 0.6444 0.7050 0.7219 0.7343 0.7675 0.7892 0.8055 0.8346 0.8492 0.9280 0.9583 0.9695 0.9983 
001101100100000011
000100100100000011
000100100100000011
000100100100000011
000100100100000011
000000000001100100
010100100100000011
000100100100000011
000101100100000011
000010000001000100
000100000110000011
000100100100000011
001101100100000011
001101100100000011
000000001001000100
000010000001000100
000000001001000100
000100100100000011
010100100100000011
000000001001000100
000100100100000011
000100100100001011
000100100100000011
000101100100000011
010100100100000011
010100100100000011
000000001001000100
000100000110000011
000000001001000100
001101100100000011
000010000001000100
000100000110000011
000100000110000011
000100100100000011
010100100100000011
000000000001100100
000100000110000011
000000000001100100
000100100100000011
100100100100000011
000100100100000011
001101100100000011
000000000001100100
000100100100000011
000100100100001011
000101110100000011
000100000110000011
000100100100000011
000100000110000011
000100000110000011
100100100100000011
000100100100000011
100100100100000011
000100000110000011
000101100100000011
000100100100000011
000000000001100100
001101100100000011
000101100100000011
001101100100000011
001101100100000011
100100100100000011
010100100100000011
000000001001000100
000100000110000011
000101100100010011
010100100100000011
000000001001000100
000000001001000100
001101100100000011
000100100100000011
000100000110000011
