../msdir/ms 72 1 -s 9 
844586540

//
segsites: 9
positions: 0.2928 0.3564 0.5243 0.5431 0.5890 0.6765 0.7301 0.8935 0.9354 
000000010
000000000
000000000
000000000
000000000
000000000
000000010
100001000
000000000
000000000
000000000
000000000
000000000
000000000
000000010
000000000
000000011
000000000
000000000
000000010
000000010
000000000
000000010
000000000
000000000
000000000
100001000
000000000
000000000
000000000
000000000
000000100
000000011
000000010
010000010
000100000
000000000
000100000
000000010
000000000
000000000
000100000
000000010
100001000
000000010
001000010
000000000
000100000
100001000
000000000
000000010
000000000
000000100
000000000
000000000
000000010
000000000
000000010
000000010
000000010
000000010
000000000
000000000
000000011
000000100
000010010
000000000
000000000
000000010
000000010
000000010
010000010
