../msdir/ms 78 1 -s 17 
1302284649

//
segsites: 17
positions: 0.0255 0.0273 0.0396 0.0743 0.1113 0.1177 0.2507 0.3405 0.3472 0.4113 0.4810 0.5080 0.6165 0.6269 0.7424 0.9751 0.9767 
11000000000000000
11000000000000000
00100101001001000
11000000000000000
11001000100100000
11000000000000000
11001000000100000
11000000000000000
11000000000000000
11000000000000000
11000000000000000
11001010000100000
00100100001011000
11000000000000000
00100101001001000
00100100011001000
11000000000000000
00100101001001000
11001000000100000
00100101001001000
11000000000000000
11000000000000000
00100101001001000
00100100001001000
11000000000000000
11000000000000000
00100100001001000
11001000000100000
11000000000000000
11001010000100000
00100101001001000
11000000000000000
11000000000000000
11001010000100000
00100100001011000
00100100001001000
00100100001001000
00100100001001000
00100101001001000
11001010000100000
11001000000100000
00100101001001000
11000000000000010
00100100011001000
11000000000000000
00100101001001000
00100101001001000
00100101001001000
00100101001001000
11001000000100000
11000000000000000
00100100001001000
00100100001001000
11000000000000000
00100100001001000
11000000000000000
11000000000000000
00100100001001000
11000000000000000
11000000000000000
00100101001001000
11000000000000100
11000000000000000
11000000000000000
00100101001001000
00100100001001000
11000000000000000
00100100011001000
11000000000000000
11000000000000000
11000000000000000
11010000000000000
11001000000100000
00100100001001000
00100101001001000
11001000000100000
00100100001001000
00100100001001001
