../msdir/ms 70 1 -s 14 
1893788198

//
segsites: 14
positions: 0.0294 0.0344 0.1498 0.3010 0.3040 0.3199 0.3202 0.4277 0.5871 0.6673 0.7942 0.8162 0.8861 0.9452 
00000011000010
00000011000000
00000011000000
00000011000000
00000011000000
00000011000100
00000011000000
00000011000000
00000011000010
00000011000010
00000011000000
00000011000100
00000011000000
00000011000010
00000011000010
00000011001010
00000011000010
00000011000000
00000011000000
00000011000100
00000011000000
00000011000000
00000011001010
00000011000010
00000011001010
00000011000010
00000011000010
00000011001010
00000011000100
00000011000010
00000011000010
00000011000000
00000011000000
00000011010001
00000011000010
00010011001010
00000011000000
00000011001010
00000011000000
00000011000010
00000011100010
00000011000000
00000011000000
00000011000000
00000011000010
00000011000000
00000011000100
00000011001010
00010011001010
00000011000000
11101100000000
00000011000010
00000011000000
00000011000010
00000011000000
00000011000100
00000011000010
00000011000000
11101100000000
00000011000000
00000011000000
00000011000000
00000011010001
00000011000000
00000011000010
00000011000010
00000011000010
00000011000000
00000011000010
11101100000000
