../msdir/ms 78 1 -s 13 
808438251

//
segsites: 13
positions: 0.1296 0.3146 0.3996 0.4382 0.4519 0.5035 0.5769 0.6026 0.6374 0.7240 0.7423 0.8107 0.9809 
0000000001000
0000000000000
0010000000000
0000000001010
0000000011000
0000101000100
0000101000100
0000000000100
1000000000100
0000101000100
0000101000100
1000000000100
0000000001000
0001000000000
0000000000100
0000000000000
0000000000100
0000000001000
0000101000100
0000000100100
0000000001000
0000000000100
0001000000000
0000100000100
0000101000100
0000000000100
0000100000100
0100000001000
0000101000100
0000000000000
0000101000100
0000000001000
0010000000000
0000000000000
0001000000000
0000101000100
0000000000000
0010000000000
0000000001000
0000000011000
0000101000100
0000101000100
0000000001000
0000101000100
0010000000000
0000000000100
0000101000100
0000000000000
0000101000100
0000000000101
0000000001000
0000101000100
0000000001000
0000000000000
0000000001000
0000000000100
0000101000100
0000000000100
0010000000000
0000010000100
0000000000100
0000000001000
0000000000100
0000000000100
0000100000100
0000000001000
0000000001000
0000000001000
0000000001000
0000100000100
0000000000100
0000000100100
0000101000100
0000000000100
0000000011000
0010000000000
0000000001000
0000101000100
