../msdir/ms 78 1 -s 14 
73832786

//
segsites: 14
positions: 0.1449 0.2392 0.2465 0.2492 0.3347 0.3392 0.4009 0.4354 0.5517 0.5636 0.6668 0.9141 0.9150 0.9769 
00001000000000
10000000000001
10000000000000
00001000000000
00001000000000
00001000000000
10000000000000
01000110000010
01000110000010
00000000001010
01000110000010
10000000000001
10000000000000
10000000000000
00100010000010
00001000010000
10000000000000
10000000000000
00001000000000
00001000000000
10000000000000
00011001000000
00001000000000
10000000000000
00001000100000
10000000000000
00001000100000
10000000000000
00001000000000
10000000000000
10000000000000
00100010000010
00000000001010
10000000000000
00001000000000
10000000000000
00001000000000
10000000000000
10000000000000
00001000000000
10000000000100
00001000000000
10000000000000
10000000000000
10000000000000
00001000000000
00001000100000
10000000000000
00001000100000
10000000000000
00100010000010
00001000100000
10000000000000
00001000000000
10000000000000
00001000000000
00001000100000
00000000001010
10000000000000
10000000000000
00011000000000
00001000000000
10000000000000
00001000000000
10000000000000
00100010000010
00100010000010
00001000000000
00000000001010
10000000000000
00001000000000
00001000100000
10000000000000
01000110000010
10000000000000
00001000100000
00001000100000
01000110000010
