../msdir/ms 74 1 -s 20 
566689076

//
segsites: 20
positions: 0.0018 0.1094 0.1918 0.2153 0.2633 0.3662 0.3802 0.4733 0.5486 0.6078 0.6172 0.6329 0.7553 0.7664 0.7746 0.7787 0.8174 0.8567 0.9131 0.9707 
00000001010000000100
10010000011000000000
10000000010000000000
10000000010000000000
10000100110000000000
10000000010000000000
00100010000101111010
00000001010000000100
10010000011000000000
10000100110000000000
00100010000101111010
10000000110000000000
10010000011000000000
10000100110000000000
10000000010000000000
10000000010000000001
10010000011000000000
10010000011000000000
00000001010000000100
10000000010000000000
00100010000101111010
11010000011000000000
10000000010000000000
10010000011000000000
10010000011000000000
10000000010000000000
10000100110000000000
10000100110000000000
10000000010000000000
10000100110010000000
00000001010000000100
11010000011000000000
10010000011000000000
00000000010000000000
10000000010000000000
11010000011000000000
00100010000101111010
00000001010000000100
10000000110000000000
10000100110000000000
00000000010000000000
10001000010000000000
00000000010000000000
00100010000101111010
10000000010000000000
10010000011000000000
00000001010000000100
00000001010000000100
10010000011000000000
00000001010000000100
00000001010000000100
00000000010000000000
10000000010000000000
00000001010000000100
10000000010000000000
00000001010000000100
10000100110000000000
10000100110000000000
00000000010000000000
10001000010000000000
10000000010000000000
10000100110010000000
10000000010000000000
00000001010000000100
00000001010000000100
00100010000101111010
10000000110000000000
10000000110000000000
10010000011000000000
10010000011000000000
00100010000101111010
11010000011000000000
10000000010000000000
10000000010000000000
