../msdir/ms 76 1 -s 8 
1316607480

//
segsites: 8
positions: 0.0136 0.0806 0.2290 0.2809 0.3026 0.4867 0.7799 0.9815 
00000000
00000000
00000000
00000000
00000000
00000000
00000000
00000000
00000000
00000000
00000000
00000000
00000000
00000000
00000000
00000000
00000000
00000100
00000000
00000000
00000000
00000000
00000000
00000000
00000010
00000000
00000000
00000000
00000001
00001000
00000000
00000000
00000000
00000000
00000000
00000000
00000000
01010000
00000000
00000000
00000000
00000000
00000000
00000000
00000010
00100000
10100000
00000000
00000000
00000000
00000000
00000000
00000000
00000000
00000000
00000000
00000000
00000000
00000000
00000000
00000000
00000000
00000000
00000000
00000000
00000000
01010000
00000000
00000000
00000000
00000000
00000000
00000000
00000000
01010000
00000000
