../msdir/ms 70 1 -s 12 
976665373

//
segsites: 12
positions: 0.1651 0.1869 0.2877 0.3417 0.3425 0.3879 0.4043 0.5902 0.7408 0.8057 0.8644 0.9432 
000000000010
000100100000
000010010000
000010010000
000001010000
000000000010
000001010000
000000000010
000001010000
000100000001
000001010000
000001010000
000100000001
000000000010
000001010000
000000000010
000000000010
000001010000
000000000010
000000000010
000001010000
000000000010
000000000010
000000000010
000000001010
000000000010
000001010000
000000000010
000100100000
000000001010
000000000010
000000000010
010000000010
000000001010
001100000000
000000001010
000001010000
000001010000
000001010000
000000000010
000001010000
000001010000
000000000010
000100100000
000001010000
000000000010
000000000010
000000000010
000001010000
100000000010
000001010000
000001010000
000000000010
000000000010
000001010000
000000000010
000100000100
000100100000
000000001010
010000000010
000001010000
000000000010
000000000010
000000001010
000000001010
000000000010
000000000010
000010010000
000000000010
000000000010
