../msdir/ms 70 1 -s 5 
1830628539

//
segsites: 5
positions: 0.0260 0.0673 0.4407 0.5171 0.6810 
11010
01010
01010
01010
01010
11010
01010
01010
00001
01010
01010
11010
01010
11010
00000
01010
00100
00000
01010
01010
00000
01010
01010
00000
11010
00000
01010
11010
00000
11010
00000
00000
01010
00100
11010
00000
11010
00100
00000
00000
01010
01010
01010
01010
01010
01010
11010
11010
01010
00000
00000
11010
00000
01010
01010
00000
01010
11010
01010
00001
01010
11010
01010
00000
00000
01010
00000
01010
00000
00000
