../msdir/ms 78 1 -s 9 
996590384

//
segsites: 9
positions: 0.0106 0.0632 0.0802 0.2199 0.2718 0.2874 0.6677 0.7567 0.8753 
000000001
000010001
000001001
101100000
000001001
001100010
000010001
000000001
000010001
000010001
000000001
000001001
000000001
000000001
101100100
000000001
000000001
000000001
000000001
000000001
000001001
000001001
000000001
000000001
000000001
000000001
000000001
000010001
000000001
000000001
000001001
001100000
000001001
000000001
000000001
000000001
001100000
000010001
001100000
000000001
000010001
000000001
000000001
000001001
000000001
000000001
000000001
000010001
001100000
001100000
000000001
001100000
000000001
000010001
001100000
000000001
000000001
010000001
000000001
000000001
000000001
000000001
000000001
001100000
000000001
000000001
001100000
000000001
000000001
000000001
000000001
000000001
001100000
000000001
000000001
010000001
001100000
001100000
