../msdir/ms 78 1 -s 11 
210627876

//
segsites: 11
positions: 0.0950 0.2977 0.5399 0.6904 0.7055 0.7801 0.8153 0.8199 0.8622 0.9423 0.9603 
01000000000
01000000010
01000000000
01000000010
01000000010
01000000010
01000000010
01000000010
01000000010
01000000010
01000000000
00000110001
00000000100
01000000000
01010000000
01000000010
01000000000
01000000010
01000000000
00000110001
01000000000
01000000010
00000110001
01000000010
01000000000
00000110001
01000000010
00100110001
01000000010
00000110001
01000000000
01000001010
01000000000
01001000010
11000000000
01000000000
01000000000
01000000010
00000110001
01000000010
01000000010
00000000100
01000000000
01000000010
01000000000
01000000010
01000000000
01000000010
11000000000
00000000100
01000000010
01000000000
01000000000
00000110001
01000000000
00000000100
00000110001
01000000010
11000000000
00000110001
01000000000
11000000000
01000000010
01000000010
00000110001
01000000010
01000000010
01000000010
00000110001
01000000010
00000110001
01000000010
01000000010
01000000000
01000000000
01000000000
01000000000
00000000100
