../msdir/ms 74 1 -s 8 
1432384687

//
segsites: 8
positions: 0.0514 0.0560 0.4023 0.5467 0.5561 0.7398 0.7761 0.9808 
00000000
10000001
10000001
00000010
00000000
00110000
00000000
00110000
00000000
00110000
00000100
00000000
01110000
10000001
00000000
00110000
00000000
00000100
00110000
00110000
00010000
00000000
10001001
01110000
00000000
10000001
00000000
01110000
00010000
00010000
00000010
00000000
00000000
00110000
00000000
00000000
00110000
00000000
10000001
00010000
10000001
10000001
00000000
10000001
10000001
00000000
00000000
10000001
10000001
00000000
00000000
10000001
10000001
00000000
00000000
00000000
10000001
00000000
00000000
10000001
10000001
00000000
00000000
00000000
10000001
00000100
00000000
00000000
00110000
00000000
00010000
10000001
00000000
00000000
