../msdir/ms 76 1 -s 18 
2128983468

//
segsites: 18
positions: 0.1146 0.2004 0.2208 0.2781 0.3155 0.4265 0.4538 0.4572 0.5197 0.5376 0.6486 0.6710 0.7408 0.7484 0.7530 0.7854 0.8332 0.9419 
001001000001100010
001001000001100010
001010100001100010
000000010110011000
001010100001100010
001010100001100010
001001000001100010
001001000001100010
001010100001100010
001001000001100010
001010100001100010
001010100001100010
001001000001100010
000000010110011000
001001000001100010
001001000001100010
001010100001100010
000000011000011100
001001000001100010
000000010110011000
001010100001100010
001010100001100010
001101000001100010
001010100001100011
001010100001100010
000000011000011100
001001000001100010
000000010110011000
001010100001100010
001010100001100010
001010100001100010
001001000001100010
001010100001100010
000000010110011000
000000010110011000
001001000001100010
001001000001100010
101101000001100010
001001000001100010
001010100001100010
001001000001100010
001001000001100010
011001000001100010
000000010110011000
001001000001100010
001001000001100010
001010100001100010
001001000001100010
001010100001100010
000000011000011100
001001000001100010
001001000001100010
001001000001100010
001010100001100010
011001000001100010
000000010110011000
000000011000011100
000000010110011000
001010100001100010
001001000001100010
001001000001100010
001010100001100010
001010100001100010
001001000001100010
000000010110011000
000000010110011000
001010100001100010
001010100001100010
001001000001100010
001010100001100010
001001000001100010
001001000001100010
001010100001100010
000000010110011000
001001000001100010
001001000001100010
