../msdir/ms 76 1 -s 20 
1181974985

//
segsites: 20
positions: 0.1468 0.1634 0.2088 0.2385 0.3027 0.3159 0.3197 0.3524 0.3808 0.3828 0.3998 0.4350 0.4982 0.5130 0.6863 0.7447 0.7720 0.7788 0.8178 0.9926 
01001000001000100100
00110000010011010000
01001000001000100110
00110000010011010000
00110000010011010000
01001000101000100110
00110000010011010000
00110000010011010000
10110000010011010000
00110100010011011000
00110000010011010000
00110000010011010000
00110100010011011000
00110000010011010000
01001000001000100110
01001010001000100100
00110000010011010000
10110000010011010000
01001000001000100110
01001000001000100110
00110000010011010000
00110100010011010000
00110100010011011000
00110000010011010000
00110100010011010000
00110100010011011000
01001000001000100110
00110100010011011000
00110000010011010000
01001000001000100110
00110000010011010001
00110000010011010000
00110000010011010000
00110000010011010000
00110000010011010000
01001000001000100110
01001000001000100110
00110100010011011000
00110000010011010000
00110000010011010000
01001000001000100110
00110000010011010000
00110100010011010000
00110100010011011000
00110100010011011000
00110000010011010000
01001000101000100110
01001000001000100110
00110000010011010000
00110000010011010000
10110001010011010000
00110000010011010000
00110000010011010000
00110100010011011000
00110100010011011000
01001000101000100110
00110000010011010000
10110001010011010000
00110100010011010000
00110000010011010000
00110000010011010000
00110100010011010000
00110000010011010000
00110000010111010000
00110100010011010000
01001000101000100110
00110100010011011000
01001000101000100110
01001000001000100110
00110100010011011000
01001000001000100110
01001010001000100100
00110100010011010000
00110000010011010000
00110000010011010000
00110000010011010000
