../msdir/ms 76 1 -s 5 
772027655

//
segsites: 5
positions: 0.6527 0.8289 0.9672 0.9746 0.9911 
00000
00000
00000
00000
00000
00000
00000
00000
00000
00100
00000
01000
00000
00000
00000
01000
00000
00000
00000
00000
00000
00000
00000
00000
00000
00000
01000
00000
00000
00000
00000
00000
00000
00000
00000
00000
00000
00000
00000
10000
00000
00000
00000
00000
00000
00000
00000
00000
00010
00001
00000
00000
00000
00000
01000
00000
00000
01000
00000
00000
01000
00000
00000
00000
00000
00000
00000
00000
00000
00100
00000
00000
00000
00000
00000
00100
