../msdir/ms 70 1 -s 8 
1700076912

//
segsites: 8
positions: 0.1213 0.2905 0.2949 0.4320 0.5933 0.7101 0.8933 0.9302 
00010001
00010001
11000001
00110001
00010001
00010001
00010001
00010001
00000000
00010001
11000001
00000000
00010001
00010001
00010001
00010001
11000001
11000001
00010001
10001001
11000001
11000001
10001001
00010001
11000001
00000000
10001001
00010001
11000001
00010001
11000001
10001001
11000001
10001001
00000000
00010001
11000001
11000001
00010001
00010001
11000001
11000001
00110001
00010101
10001001
11000001
00000000
00010001
11000001
00000000
00010001
11000001
11000001
00010001
00010001
00010001
11000001
00110001
00010101
00010001
11000001
00010001
11000011
00010001
11000001
00010001
11000001
11000001
11000001
00010001
