../msdir/ms 74 1 -s 10 
1809815750

//
segsites: 10
positions: 0.0463 0.1490 0.1626 0.1663 0.2544 0.3029 0.4148 0.5915 0.6302 0.8703 
0101101100
0101100100
0000010000
0000010000
0101101100
0101101100
0101101100
0101101100
0101101100
0101100100
0101101100
0101101100
0111101100
0101101100
0101101100
0101101100
0101101100
0101101100
0101101100
0101101100
0101100100
0101101100
0101101100
0101101100
0101101100
0101100100
0101101100
0101101100
0000010000
0101000100
0101101100
0101101100
1000010010
0101101100
0101101100
0101101100
0101101100
0101100100
0111101101
0101101100
0101000100
0101101100
0101101100
0101101100
0101101100
1000010010
0101101100
0101101100
0101101100
1000010010
0101101100
0101101100
0111101100
0101101100
0101101100
0101101100
0101100100
0101101100
0101101100
0101000100
1000010010
0101101100
0101101100
0101101100
0101101100
0101101100
0101101100
0101101100
0101101100
0101101100
0101101100
0101000100
0000010000
0101101100
