../msdir/ms 74 1 -s 18 
1298553048

//
segsites: 18
positions: 0.0692 0.1289 0.1401 0.1473 0.1840 0.2523 0.3280 0.3542 0.3634 0.7105 0.7504 0.7824 0.7834 0.8038 0.8073 0.8844 0.9268 0.9290 
000001000000000000
100000000000101000
100000000000101000
001000001010000100
100000000000101000
000000000000000000
001000001010000100
001000011010000100
100000000000101000
000000000000000000
100000000000101000
001000001010000100
001000001010000100
100000000000101000
100000000000101000
000000000000000000
001000001010000100
001000001010000100
001000011010000100
001000001010000100
000000000000000000
001000001010000100
100000000000101000
001000011010000100
001000001010000100
001000001010000110
001000001010000100
001000001011000100
000000000000000000
001000001010000100
100000000000101000
001000011010000100
100000000000101000
001000011010000100
001000001010000100
000000000000000000
001100001010000100
001000011010000100
001000001010000100
000010000000000000
000001000000000000
001000001010000100
001000011010000100
000000000000000000
001000001010000100
000000000000000000
001000001010000100
100000000000101000
000001000100000000
001000001010000100
001000001010000100
001000001010010100
100000000000101000
001000001010000100
100000000000101001
001000001010000100
000010000000000000
100000000000101000
000000000000000000
000000000000000000
000001000000000000
000001000000000000
100000000000101000
011000001010000100
100000000000101000
100000000000101000
001000001010000100
001000001011000100
000000100000000000
000000000000000000
000000100000000000
001000001010000100
001000001010000100
001000001010000100
