../msdir/ms 72 1 -s 10 
1871048852

//
segsites: 10
positions: 0.0306 0.1322 0.1767 0.3786 0.3906 0.4667 0.5534 0.5589 0.8314 0.9600 
0001000011
0000011000
0001000011
0000011000
0001100001
0000011000
0000011000
0000011000
0000011000
0001000011
0000011000
0001100001
0000011000
0001000011
0001000011
0000011000
0000011000
0000011000
0011000011
0001000011
0001100001
0001100001
0001000011
1011000011
0000011000
0000011000
0000011000
0000011000
0001000111
0001000011
0001100001
0001000011
0001000011
0100011000
0000011000
0001000011
0000011000
0001000011
0001000011
0000011000
0001000011
0000011000
0001000111
0001000011
0001000011
0001000011
0000011000
0001000011
0001100001
0001100001
0000011000
0000011000
0001000011
0001000011
0000011000
0100011000
0001000011
0000011000
0000011000
0001100001
0000011000
0001100001
0000011000
0000011000
0001000011
0001000011
0000011000
0100011000
0001000011
0000011000
0001000011
0001000011
