../msdir/ms 74 1 -s 11 
1803267398

//
segsites: 11
positions: 0.0434 0.1297 0.2555 0.3696 0.3993 0.4658 0.5480 0.5694 0.6150 0.6295 0.7212 
11010001100
00001000000
00001000011
00001000000
11010001100
11010001100
11010001100
00001000000
11010011100
00001000000
00001000011
11010001100
11010001100
11010001100
00001000011
00001100000
00001000000
00001000000
00001000000
00001000011
00001000000
11010001100
11010001100
11010001100
00001000011
00001000000
00001000000
11010001100
00001000000
00001000000
11010001100
11010001100
00001000000
00001000000
00001100000
00001000000
11010001100
00001000000
00001000011
11010001100
11010001100
00001000000
11010001100
00001000000
00001000000
00001000000
11110001100
00001000011
00001000000
11010001100
00001000000
00001000000
00001000000
11010001100
11010001100
11010001100
00001000011
00001000000
11010001100
00001000011
00001000000
11010001100
00001000000
00001000011
00001000000
00001000011
11010001100
11010001100
00001000000
00001000011
00001000000
00001000011
11110001100
00001000000
