../msdir/ms 70 1 -s 9 
380159171

//
segsites: 9
positions: 0.0562 0.1378 0.2520 0.3718 0.4315 0.4762 0.4876 0.7539 0.8027 
000001000
000001000
000000000
000001000
000010000
010010000
000010000
000010000
000001000
000001000
000000000
010010000
000000000
000010000
000001000
010010000
001000001
000001000
000000000
000000000
010010000
000010000
000000000
001000001
000010000
000001000
000010000
000010000
000001000
000010000
010010000
000000000
000010000
000000000
000000000
000001000
000001000
100000110
010010000
001000001
000001000
000010000
010010000
000010000
000010000
001100001
001000001
001000001
010010000
001000001
000000000
000000000
000010000
010010000
000010000
000000000
010010000
000010000
000000000
010010000
010010000
010010000
000000000
000000000
100000110
001000001
010010000
000000000
000000000
000010000
