../msdir/ms 74 1 -s 7 
417232194

//
segsites: 7
positions: 0.0226 0.0741 0.0959 0.3220 0.4216 0.6278 0.8804 
0000001
1100110
0000001
0000001
0000001
0000001
0010000
0000001
1100110
0000001
0000001
1100110
0000001
0000001
0000001
0000001
1100110
0000001
0100010
0000001
0100010
0000001
0000001
0000001
0000001
0000000
1100110
0000001
0000001
1100110
0000001
0000000
0000001
0000001
0000001
0000001
0000001
1100110
0000001
0000001
1100110
1100110
0000000
0000001
0000001
0100010
0000001
0000001
0010000
0100010
1100110
1100110
0100010
0000001
0010000
1100110
0000001
0000001
0000001
0000001
0101000
0000001
0000001
0000001
0000001
0000001
0000001
1100110
0000001
0000001
0000001
0000001
1100110
0000001
