../msdir/ms 76 1 -s 6 
1055044291

//
segsites: 6
positions: 0.1738 0.5074 0.5446 0.5847 0.8700 0.8854 
000001
000001
000001
000001
000001
000001
000001
000000
000001
000001
000000
000100
000001
000010
000001
010000
000010
000001
000000
000001
000010
000001
000001
000010
000010
000001
001000
010000
000001
000001
000100
000001
000001
000100
000100
000010
000000
100000
000001
000100
010000
000001
000100
000000
000010
000100
000001
000001
000100
000000
000001
000000
000010
000000
000000
000010
100000
000001
000000
000001
000100
000100
000100
000100
000000
000100
000100
000100
000010
000001
000001
000100
000001
000100
000010
000001
