../msdir/ms 76 1 -s 13 
1026197623

//
segsites: 13
positions: 0.0079 0.0441 0.0992 0.2684 0.3225 0.3283 0.5174 0.5802 0.6118 0.6434 0.7246 0.7548 0.9562 
0010010000110
0010010000010
0010010001110
0010010001110
0010010000010
0010010000110
0010010000010
0010010000010
0010010000010
1000000000000
0010010001110
1000000000000
1000000000000
0010010000110
0000000100000
0010010000010
0000001000000
1000000000000
0010010000010
1000000000000
0010010001110
0000000010000
0011010000110
0010110000011
0010010000010
1000000000000
0010010000010
0010010000010
0010010000110
1000000000000
0010010001110
0000000010000
1000000000000
0000000010000
0010010000010
0010010000010
1000000000000
0010010000010
0000001000000
0010010000110
0010010000010
0010010000110
0010010000010
0010010000010
0000000010000
0010010000010
0010010000110
1000000000000
0010010000010
1000000000000
0010010000010
0010110000010
0010010000010
0010010000110
0010010000010
0010010000110
0010010000110
0010010000110
1000000000000
0010010000110
0010010000110
0010010001110
0000001000000
0010010001110
0010010000110
0010110000010
0010010000110
0000000010000
0110010000010
1000000000000
0010010000010
0010010001110
1000000000000
0010010000010
1000000000000
1000000000000
