../msdir/ms 70 1 -s 17 
1603832099

//
segsites: 17
positions: 0.0012 0.1460 0.1923 0.3555 0.3874 0.4480 0.4823 0.6350 0.6447 0.6733 0.7067 0.7456 0.7613 0.8081 0.8296 0.9279 0.9682 
00000000000000000
00100000000000000
10000000000010001
00000000000000000
00000000000000000
00100000010000000
00001000000000000
00100000000000000
10000000000000001
00000000000000000
00100000000000000
00000000000000000
00100000000000000
00100000010000000
10000000000000000
00001000000000000
00000000000000000
00000000000000000
01000000000100000
00100000000000000
01000000000000000
00100000000000000
00100000010000000
01000000000000000
00000000100000000
01000000000000000
00000000000000000
00000001000000000
00000000000000000
00000000000000000
00010100000000010
00100000000000000
01000000000000100
00000000000000000
00100000000001000
00100000001000000
00000000000000000
10000000000010001
00100000000000000
01000000000000000
00100000000000000
00100000000000000
00100000000000000
00100000010000000
00100000000000000
00000001000000000
00000000000000000
00000000000000000
00000000000000000
00100000000000000
00100000010000000
00000000100000000
00100000010000000
00000000000000000
00100000000000000
00000000000000000
00000001000000000
00100000000000000
00000000000000000
00000000000000000
01000000000000000
01000000000100000
00000000000000000
00000000000000000
00000000000000000
00000000000000000
00000000000000000
10000000000000001
00001000000000000
00000010000000000
