../msdir/ms 70 1 -s 7 
1094768671

//
segsites: 7
positions: 0.0158 0.0484 0.0745 0.0982 0.3659 0.6193 0.9028 
0000001
0000000
0000100
0000000
0000100
0000000
0000000
0000000
0000000
0000000
0000000
0100010
0000100
0000001
0000000
0000001
0000000
0000100
0000100
0000000
0001000
0010000
0000000
0000000
0000100
0000000
0000000
0000000
0000100
0000100
0000000
0000100
0000000
0000000
0000000
0000000
0100000
0000100
0000100
1000000
0100010
0000000
0000000
0000000
0000000
0000000
0000000
0000100
0000000
0000000
0000000
0000000
0000000
0001000
0000000
0000000
0000100
0000000
0000000
0000100
0000000
0000000
0001000
0000000
0000000
0000100
0000000
0000100
0000000
0000000
