../msdir/ms 76 1 -s 7 
370765117

//
segsites: 7
positions: 0.0138 0.4236 0.5527 0.6801 0.7403 0.8071 0.8843 
0100000
1011001
0100000
1011001
0100000
0100000
1011001
1011001
1011001
1011001
1001001
1011001
0100000
0100000
1011001
0100000
1011001
0100000
0100000
1011001
0100000
1011001
1011001
0100000
0100000
1011001
1011001
1011001
0100000
0100000
0100000
1001001
0100000
0100000
0100000
0100000
0100000
1011001
0100000
1001001
1001001
1011001
0100000
1011001
0100000
0100000
1011001
0100000
0100000
0100000
0100000
0100000
1001001
0100000
1011001
0100000
0100000
1011001
1011001
1001001
1001001
1001001
1001001
0100000
1001101
1001001
0100000
0100000
0100010
1011001
1011001
1001101
1001001
1011001
1011001
0100000
