../msdir/ms 76 1 -s 19 
754830712

//
segsites: 19
positions: 0.0092 0.0390 0.2030 0.3387 0.3513 0.4206 0.4677 0.5258 0.5524 0.5538 0.5548 0.6138 0.6307 0.6678 0.6967 0.8497 0.8682 0.8911 0.9367 
0000110000000001101
0000110000000001101
0000100000000001100
0100110000000001100
1000000000011000010
0000100000100001100
0000110000000001101
0000110000000001101
0000110000000001101
0000110000000001101
0000110000000001101
1000000000011000010
0000110000000001101
0001101101000101100
0001101101000111100
1000000000011000010
0000110000000001101
1000000000011000010
0000110000000001101
0000110000000001101
0000110000000001101
0000110000000001101
1000000000011000010
0000110000000001101
0000100000000001100
0001101101000101100
0000110000000001101
0000100000000001100
0000100000000001100
0000100010000001100
0000110000000001101
1000000000011000010
0000110000000001101
0000110000000001101
0000110000000001101
0000100000000001100
0000100000100001100
0000100000000001100
0000110000000001101
0000100000000001100
0000100000000001100
0000110000000001101
0100110000000001100
0000110000000001101
1000000000011000010
0000100000100001100
0000110000000001101
0100110000000001100
0000110000000001101
0000110000000001101
0000110000000001101
0000100000000001100
1000000000011000010
1000000000011000010
0000110000000001101
0100110000000001100
0000100000100001100
0100110000000001100
1000000000011000010
1000000000011000010
0100110000000001100
0000100000000001100
0000110000000001101
0100110000000001100
1000000000011000010
0000100000000001100
0000100000000001100
0000100000000001100
1000000000011000010
0001101101000111100
0100110000000001100
0000110000000001101
0000110000000001101
0000110000000001101
0010100000100001100
1000000000011000010
