../msdir/ms 72 1 -s 6 
1858428920

//
segsites: 6
positions: 0.1619 0.5277 0.5648 0.5756 0.6556 0.9814 
010000
101110
101110
010000
000001
000001
000001
000001
000001
000001
010000
000001
000001
000001
101110
000001
010000
010000
101110
000001
101110
000001
000001
000001
101110
010000
000001
010000
000001
000001
101110
000001
000001
000001
000001
010000
000001
010000
101110
010000
000001
101110
000001
101110
010000
000001
101110
010000
000001
010000
000001
010000
000001
010000
010000
010000
010000
010000
010000
010000
101110
101110
000001
010000
000001
010000
010000
000001
101110
010000
000001
000001
