../msdir/ms 70 1 -s 13 
1646197682

//
segsites: 13
positions: 0.1630 0.1901 0.2039 0.3128 0.3254 0.3850 0.4400 0.5550 0.5922 0.6400 0.6661 0.7274 0.9388 
0000101001100
0000000001100
0000000000000
0010000001000
0000000000000
0000000000000
0000000001100
0000000000000
0000000000000
0000000000000
0000000000000
0000000001100
0000000000000
0000000000000
0000000000010
0010000001000
1000000001000
0000000001100
0000000000000
0000000000000
0010010001000
0000000000000
0000000000000
0010010001000
0000000000000
0000000000000
1000000001000
0011000001000
0010010001000
1000000001000
0010000001000
0000000000000
0010010001000
0000000111100
0000000000000
0000000000000
0000001001100
0010010001000
0010010001000
0000000000000
0010010001000
0000001001100
0000000000000
0000000001100
0000000001100
0000000000010
0010010001000
0000000000000
0000000000001
0000000000000
0000000000000
0100000000000
0010010001000
0000001001100
0000000000010
0000000000000
1000000001000
0010010001000
0000000000000
0000000000000
0100000000000
0000000000010
0000000001100
0000000000000
0000000000000
0000000000000
0000000000000
0000101001100
0000000000000
0010010001000
