../msdir/ms 70 1 -s 19 
1565703438

//
segsites: 19
positions: 0.0381 0.1048 0.1269 0.1998 0.2069 0.2850 0.3948 0.4361 0.5615 0.6133 0.6262 0.7649 0.8467 0.8902 0.9121 0.9224 0.9495 0.9676 0.9713 
0000000000001000000
0000000000001000000
0000000000000000000
1000000000001000000
0000000000000000000
0000000000001100000
0000000000000000000
0000000000001000000
0000000000001000000
0000000000000000000
0000000000001000000
0000000000001000000
0000000000000000000
0000000000001100000
0000011100001000001
0000000000101000000
0000000000001100000
0000001100001000000
0000000000001000100
0000000000001000000
0000000000001000100
0000000000000000000
0000000000001000000
0000011100001000000
0000000000001001000
0000000000001100000
0000000000000000000
0000000000000000000
0000000000001000000
0000000000001000000
0000000000101000000
0000000000001000100
0000000000001000000
0000000000001100000
0000000000000010000
0000000000000000000
0000000000000000000
0110000000001000000
0000000000001000000
0000000000000000000
1000000000001000000
0000000000001000000
0000000000001001000
0000000000101000000
0000000000001000000
0000000000001000000
0001000000001000000
0000000000001000100
0000011100001000000
0000000000001000100
0000000000001000000
0000000000001000000
0000000000001000100
0000000000000000000
0000000000000010000
0000000000001000000
0000000000001000100
0000000001011000000
0000000010000000000
0000000010000000000
1000000000001000000
0000100000000000010
0000000000000000000
0000000000000000000
0000000000000000000
0000011100001000001
0000000000001100000
0010000000001000000
0000000000000000000
0000000000000000000
