../msdir/ms 70 1 -s 20 
1135943826

//
segsites: 20
positions: 0.0227 0.0551 0.0556 0.0948 0.2226 0.2313 0.2796 0.2908 0.3462 0.3973 0.5777 0.5806 0.6286 0.6360 0.6872 0.7332 0.7831 0.8158 0.8701 0.9677 
00000000010000110000
00100010000010000001
00000000010000110000
10000000000000010010
00100010000010000001
00100010000010000001
00010000001000010000
00000000010000110000
00100010000010000001
00100010000010000001
00010000001000010000
00010000001000010000
10000000000000010010
00100010100010000001
00000000010000110000
00100010000010000001
00100010000010000001
10000000000000010010
00000000010000110000
10000000000000011000
00100010000011000001
10000000000000010010
00000000010000110000
00000001000000110000
10000000000000010010
00000001000000110000
00100010000010000001
00100000000000000001
00100010000010000001
00101000000000000001
10000000000000010010
00100010000011000001
00100010100010000001
00100010000010000001
00100000000000000001
10000000000000011000
00000000010000110000
00000000010000110000
00100010100010000001
10000000000000010010
10000000000000010100
10000000000000010000
00000000010000110000
00100010000111000001
00000000010000110000
00000000010000110000
00000000010000110000
00100010000011000001
00100010000010000001
00100010100010000001
00010000001000010000
00000000010000110000
10000000000000011000
10000000000000010010
00100010000010000001
00100010000010000001
00010000001000010000
10000000000000010100
10000100000000010100
00000000010000110000
00100010100010000001
00010000001000010000
11000000000000010000
10000000000000010010
00100010000010000001
10000000000000010010
00100010000010000001
00000000010000110000
00100010000010000001
00010000001000010000
