../msdir/ms 76 1 -s 17 
716425450

//
segsites: 17
positions: 0.0070 0.0235 0.0563 0.2082 0.2341 0.3863 0.3923 0.4757 0.5001 0.5935 0.6558 0.7963 0.8744 0.8779 0.9215 0.9942 0.9955 
00100000011010000
00000001100010010
10001100000000000
10001000000000000
00000000001010000
10001000000000000
10001000000000000
01000000001010000
10001000000000000
00000000001010000
10001100000000000
00000000001010000
00000000001010000
10001100000000000
10001100000000000
10001000000000000
10001000000000000
00000000001010000
00000000001010000
00010000100010010
00000000001010000
10001100000000000
00000000100010000
10001000000000000
10001100000000000
10001100000000000
10001100000000000
00000000000010100
10001100000000000
00000000000010100
00000000100010010
00000001100010010
01000000001010000
00000001100010010
10001000000000000
00000000001010000
00000000001010000
10001000000000000
10001000000000000
00000000001110000
10001000000000000
10001000000000000
00100000011010000
00000000001010000
00000001100010010
10001000000000000
10001100000000000
00000000001010000
00000000001010000
10001100000000000
10001100000000000
00000001100010010
10001000000000000
10001100000000000
00000000100010000
00000001100010011
10001100000000000
10001100000000000
10001000000000000
10001100000000000
00000001100010010
00000000100010000
10001000000000000
10001000000000000
00000010100010000
10001100000000000
10001100000000000
00000000001010000
00000000001010000
10001100000001000
00000001100010010
00000000001010000
10001000000000000
00000000001010000
00000000001010000
00000000001010000
