../msdir/ms 78 1 -s 7 
1479396798

//
segsites: 7
positions: 0.0312 0.2629 0.6254 0.6878 0.8506 0.8932 0.9049 
1010111
0010101
0010101
0001000
0010101
0001000
0010101
0001000
1010111
1010111
1010111
1010111
0001000
0001000
0010101
0010101
0001000
0010101
0010101
0010101
0010101
1010111
1010111
0001000
0010101
0001000
0010101
0010101
0010101
0010101
0001000
0010101
1010111
1010111
0010101
0010101
0001000
0001000
0001000
0001000
0001000
1010111
1010111
0010101
0001000
0010101
0001000
0010101
0001000
0010101
1010111
0010101
0010101
0010101
0010101
1010111
0010101
0010101
0001000
0001000
0001000
0010101
0010101
0110101
0001000
1010111
0001000
0010101
0001000
0001000
0001000
0001000
0010101
0010101
0001000
0001000
0001000
0010101
