../msdir/ms 78 1 -s 19 
34607262

//
segsites: 19
positions: 0.0690 0.0807 0.1394 0.1417 0.1471 0.2717 0.3666 0.4087 0.4764 0.6238 0.6914 0.6994 0.7281 0.7372 0.7669 0.7866 0.7987 0.8296 0.8681 
0000000001000101000
1000000000000000010
1000000000000000010
1000000000000000010
1000000000000000010
1000000000000000010
1000000000000000010
1000000000000000010
1000010000000000010
1000000000000000010
0000001000000110100
0100000000010000001
1000000000000000010
1000000000000000010
0000000000000101000
1000000000100000010
1000000000000000010
1001000000000000010
1000000000000000010
1010000000000000010
1010000000000000010
0000000000000101000
1000000000000000010
1000000000000000010
0100000000010000001
1000000000000000010
1000000000000000010
1000010000000000010
0100000000010000001
1000000000000000010
1000000000000000010
1000000000000000010
1000010000000000010
1010000000000000010
1001000000000000010
1000000000000000010
1000000000000000010
1000000000000000010
0100000000010000001
1000000000000000010
1000000000000000010
1000000000000000010
0000001000000110100
1010000000000000010
0000000000000000000
1000000000000000010
1000000100000000010
0100000000010000001
0000000001000101000
1000000000000000010
0000001000000110100
1000000000000000010
1000000000000000010
1000000000000000010
1000010000000000010
0000100000000000000
1000000000000000010
0000001000000110100
0000000000000101000
1000000000000000010
1000000000000000010
1000000000000000010
1000000000000000010
1000000000001000010
0000001000000110100
1000000000000000010
1000000000000000010
1000000000000000010
1000000000000000010
1000010000000000010
0100000000010000001
0100000000010000001
0000001000000110100
1000000000000000010
1000000000000000010
1010000000000000010
0000000010000101000
1000000000000000010
