../msdir/ms 76 1 -s 12 
630053930

//
segsites: 12
positions: 0.0209 0.0359 0.0407 0.1248 0.2180 0.2807 0.3239 0.6299 0.6588 0.7905 0.8563 0.9978 
000000110000
000000001010
000000110000
000000110000
000100000010
000000000010
101000000010
000000110000
000000000000
000000110000
100001000010
000000110000
000000000000
000000110000
000000110000
100000000010
000000110000
000000001010
000000110000
000000110000
100000000010
000000000000
101000000010
101000000010
000000110000
100000000010
000000110000
000000000000
100000000010
000000001010
000000000010
000000110000
000000000010
000000110000
101000000010
000000000000
100010000010
000000110000
101000000010
000000110000
000000110000
000000110000
000000110000
010000000110
000000110000
000000110000
100000000010
000000110000
000000110000
100000000010
000000110000
010000000110
100000000010
000000000001
000000110000
000000001010
000000110000
100001000010
000000110000
000000000000
000000110000
100000000010
000000110000
000000110000
000000000000
000000110000
000000110000
100001000010
100000000010
000000000000
100000000010
100000000010
000000110000
100000000010
000000000010
000000110000
