../msdir/ms 74 1 -s 19 
1715687434

//
segsites: 19
positions: 0.0079 0.0686 0.0866 0.0913 0.1127 0.1129 0.1163 0.2192 0.2570 0.2934 0.4620 0.4693 0.4723 0.5078 0.5139 0.6174 0.6498 0.6933 0.9391 
0000000000000010000
0000101011011101000
0000101011010101000
0000000000000010000
0000010000000010000
0100000000000010000
0000000000000010000
0000000000000010000
0000000000000010000
0000010000000010000
0000000000100010000
0000010000000010000
0000101011010101100
0000000000000010000
0000000000000010000
0000000000000010000
0000000000000010000
0000000000000010000
1000000000000010000
0000000000000010000
0110000000000010000
0000000000000010000
0000000000000010000
0000000000000010000
0100000000000010000
0000000000000010000
0000000000000010000
0000000000000010000
0000000000000010000
0110000000000010000
0000101011011101000
0000101011010101000
0000000000000010000
0000010000000010000
0100000000000010000
0000000000000010000
0000000000000010000
0000000000000010000
0000101011010101000
0100000000000010000
1000000000000010000
0000101011010101000
0000000000000010000
0100000000000010000
0110000000000010000
0000010000000010000
0000000000000010000
0000000000000010000
0000101011011101000
0000010000000010000
0000000000000010000
0000000000000010000
0000000000000010001
0000000000100010000
0100000000000010000
0000101111010101000
0100000000000010000
0100000000000010000
0000000000000010000
0000000000000010000
0001000000000010000
0000000000000010000
0000000000000010010
0000000000000010000
0000000000000010000
0000101111010101000
0000000000000010000
0000000000000010000
0000101111010101000
0000000000000010000
0000000000000010000
0100000000000010000
0000101011011101000
0000000000000010000
