../msdir/ms 78 1 -s 5 
2089731827

//
segsites: 5
positions: 0.1458 0.1536 0.3822 0.5682 0.5756 
10000
10000
10000
00000
10000
00010
00010
00101
00000
10000
10000
00000
00010
00000
00000
00010
10000
10000
00010
10000
10000
00000
10000
10000
00010
00001
00000
00001
10000
10000
00010
10000
10000
00000
00000
00010
10000
10000
00000
10000
00101
10000
10000
10000
10000
00000
00000
10000
10000
00010
10000
10000
00000
10000
10000
00010
10000
00000
00000
10000
10000
00001
00000
00000
10000
00000
10000
00010
00010
00000
00000
00010
00000
01000
00000
00000
10000
00001
