../msdir/ms 72 1 -s 14 
463737155

//
segsites: 14
positions: 0.0661 0.1424 0.1494 0.1910 0.2196 0.2350 0.3037 0.3722 0.5409 0.5443 0.6052 0.6816 0.6958 0.9736 
00010010000000
00010010001000
01000000000000
00010010001000
00010010001000
00000010000000
00000010000000
00000010000000
01000000100000
00010010000000
00000010000000
01000000000000
00010010000000
00000010000000
00000010000000
00000010000000
00000011000100
00000010000000
00000010000000
00000010000000
00000010000000
01000000000000
00010010000000
00000010000000
00000011000110
00010010000000
00000010000000
00010010001000
00000011000110
01000000100000
00000010000000
00000010000000
00000010000000
00000011000110
00000011000100
00000011000100
00010010000000
01000000100000
00000010000000
00000010000000
00010010001000
00000110000000
00000010000000
00000010000000
00000011000110
00000010000000
00000010000000
00111010001000
00010010001000
00010010001000
00000010000000
00000010000000
00010010000000
00000010000000
00010010001000
01000000010000
01000000100000
00010010000000
00000010000000
00010010000000
00000010000000
00000011000100
11000000000001
00000010000000
01000000000000
00000010000000
01000000000000
00010010000000
00000010000000
00000011000110
00010010000000
00000010000000
