../msdir/ms 74 1 -s 5 
565879792

//
segsites: 5
positions: 0.1927 0.2096 0.3512 0.3729 0.6052 
00110
00010
00010
00010
00010
10010
10010
00010
10010
00010
00010
00010
01010
00010
00010
00010
00010
00010
00010
00010
00001
00010
00001
00010
01010
00010
01010
10010
00001
00001
00010
01010
00010
01010
00010
00010
00001
00010
10010
00010
00001
00010
00010
00010
00010
00010
10010
00010
00010
00010
01010
00010
10010
00010
00001
00001
00010
00001
00001
00010
00001
01010
01010
00010
00010
00010
00001
01010
10010
10010
00110
01010
01010
01010
