../msdir/ms 74 1 -s 17 
88361583

//
segsites: 17
positions: 0.0931 0.2448 0.2559 0.2750 0.3337 0.3693 0.4843 0.5167 0.5306 0.5591 0.5858 0.6949 0.7137 0.7256 0.7744 0.9330 0.9517 
00000100000001101
00000100000000101
00000100010100100
00010000000000000
00010011000000000
00000100000000101
00000100000010101
00010000000000000
00010000000000000
00000100010100100
00000100100000101
00000100010100100
00010000000000000
00000100000000101
00010011000000000
00010000000000000
00000100000000101
00000100000000101
00010010000000000
00000100000000101
00010000000000000
00010000000000000
00000100010100100
00010000000000000
00000100000000101
00010000000000000
00010000000000000
00110010000000000
00000100000000101
00000100000000101
00010000000000010
00110010000000000
00110010000000000
00010000000000000
00010000000000000
01000100010100100
00000100000001101
00000100100000101
00000100000001101
00110010000000000
00011011000000000
00000100000001101
00110010000000000
00010000000000000
00000100000000101
00000100000010101
00010000000000010
00010000000000000
00010010000000000
00000100000000101
00010000000000000
00010000000000000
00010011000000000
00000100000000101
00010011000000000
00010000000000010
10000100000000101
00010011001000000
00010000000000000
00000100000010101
00010000000000000
00010000000000010
00110010000000000
00000100000001101
00010011000000000
00011011000000000
00010000000000000
00000100010100100
00000100000000101
00110010000000000
00010000000000000
00000100000000101
00000100100000101
00010000000000010
