../msdir/ms 70 1 -s 11 
423837142

//
segsites: 11
positions: 0.0209 0.1051 0.1737 0.2738 0.3324 0.3740 0.4367 0.4925 0.6228 0.6431 0.8230 
00010000001
00010000000
00000010000
11000000000
00010000001
00100010010
00010000000
00001100000
00010000001
00001100000
11000000000
00001100000
00001100000
11000000000
00100010010
00010000000
11000000000
00000001000
00100010010
00001100000
00010000000
00010000001
00001100000
00001100000
00000010000
00100010010
00001100100
00010000000
00010000001
00010000000
00010000000
00100010010
00010000000
00010000000
00001100000
00001100000
00100010010
00001100000
00010000001
00001100000
00000001000
00010000000
00100010010
00100010010
00001100100
00000010000
00010000001
00000001000
00001100000
00001100000
00100010010
00000001000
00010000000
00000001000
00010000001
00001100000
00001100000
00001100000
00010000000
11000000000
00010000000
00001100000
00001100100
00000010000
00010000000
00010000000
00001100000
00010000001
00010000001
00001100000
