../msdir/ms 78 1 -s 16 
520928329

//
segsites: 16
positions: 0.1242 0.1706 0.1731 0.1964 0.2005 0.2847 0.4421 0.4931 0.5141 0.6254 0.8371 0.8586 0.8656 0.8666 0.8793 0.9748 
0100000100000100
0100000000000100
1100000000000100
0000000000000100
0010001011100010
0100000000000100
0000000000000100
0010000011100000
0010000001110000
0010001011100010
0100000000000100
0100000000000100
0010000011100000
0010001011100010
0100000000000100
0010001011100010
0000000000000100
0100000100000100
0100000000000100
0010000001100001
0100000000000100
0100000100000100
0100000000000100
0000000000000100
0000000000000100
0010000001110000
0010000001110000
0000000000000100
0100010000000100
0010000011100000
0010000001110000
0000000000000100
0100000000000100
0000000000000100
0000000000000100
0100000100000100
1100000000000100
0000000000000100
0000000000000100
0100000000000100
0100000100000100
0010001011100010
0000000000000100
0010000011100000
0010000011100000
0100000000000100
0010001011100010
0100000000000100
0000000000000100
0100000000000100
0010001011100010
0100000000000100
0000000000000100
0100000000000100
0010000011100000
0010000001111000
0010001011100010
0010001011100010
0010001011100000
0000000000000100
0000000000000100
0100000000000100
0010001011100010
0100000000000100
0101000000000100
0000000000000100
0010101011100010
0000000000000100
0010001011100010
0010001011100010
0100000000000100
0010000001111000
0010000001110000
0100000000000100
0010001011100010
0000000000000100
0010000011100000
0010000001110000
