../msdir/ms 76 1 -s 9 
1487435653

//
segsites: 9
positions: 0.0253 0.0649 0.1644 0.2307 0.6886 0.7371 0.7545 0.7941 0.8484 
000000111
000000011
000000011
100000000
000000111
000000011
100000000
000000011
000000011
000000011
100000000
011000011
000010011
000000011
000000011
100001000
000000011
000000011
100000000
000000011
000000011
000000011
000000111
100100000
011000011
000000011
000000011
000000011
000010011
100100000
000000111
000000011
011000011
100001000
000000011
100000000
000000011
100000000
100000000
100000000
000000011
000000111
000000011
000000011
100000000
000000011
000000111
000010011
000000111
000010011
000000111
000000011
100000000
100000000
000000011
100000000
000000011
000000011
100000000
011000011
000000011
000000011
000000011
000000011
000000011
000000011
000000011
000000011
000000111
000000111
000000011
000000111
000000011
011000011
000000011
000000011
