../msdir/ms 72 1 -s 13 
923093407

//
segsites: 13
positions: 0.0387 0.0985 0.1303 0.2858 0.2930 0.3091 0.4094 0.5425 0.5717 0.7195 0.7923 0.7944 0.9960 
0000000001010
0010000001010
0000001001010
0010000001010
1000000001010
0001000001010
0010000001010
0100010000000
0000000101010
0010000001010
0010000001010
0000000001010
0000000001010
0000000001010
0100010000000
0000000001010
0010000001010
0010000001010
0100010000000
0001000001010
0010000001010
0010000001010
0010000001010
0100010000000
0000000001010
0000000011010
0010000001010
0000000001010
0000001001110
0000000001010
0000000001010
0000000001010
0000000001010
0100010000000
0010000001010
0010000001010
0000000001010
0010000001010
0010000001010
0100010000000
0010000001010
0001000001010
0100010000000
0000000001010
0000000011010
1000000001010
0001000001010
0000000001010
0000000001010
0100010000000
0010000001010
0100010000000
0001000001010
0100010000000
0000000001010
0000000001010
0001000001010
0000000001010
0001000001010
0001000001010
0000000001010
0100010000000
0100010000000
0000000001010
0100010000001
0010000001010
0000000001010
0100010000000
0100010000000
0000100001010
0010000001010
0010000001010
