../msdir/ms 74 1 -s 16 
1433394210

//
segsites: 16
positions: 0.1169 0.2653 0.2908 0.2998 0.3353 0.3845 0.4452 0.4801 0.5147 0.5824 0.6319 0.6843 0.7623 0.8034 0.9217 0.9750 
0011000010100101
1000100100000000
1000100000001000
0111000010100101
0001000010100101
0001000010100101
0111000010100101
0001000010100101
1000100000001000
0001000010100101
0111000010100101
0001000010100101
0001000010100101
1000100100000000
0111000010100101
1000100100000000
0001000010100101
0001000010100101
0111000010100101
0001000010100101
0111000010100101
0001000010100101
0111000010100101
0111000010100101
1000100100000000
1000100000001000
1000100100000000
1000100100000000
0001000010100101
0111000010100101
0001000010100101
1000100100000000
0001000010100101
1000100100000000
1000100000001000
0111001010100101
0001000010100101
0001000010100101
0011000010100101
0001000010100101
0001000010100101
0111011010100101
0111000010100101
0001000010100101
0111000010100101
0001000010100101
0001000010100101
0011000010100111
0111000010100101
0111011010100101
0001000010100101
0001000010100101
0111000010100101
0001000010100101
1000100100000000
0111000010100101
0001000010100101
0111000010100101
0001000010100101
0001000010100101
0001000011110101
0111000010100101
0111000010100101
0001000010100101
1000100100000000
0001000010100101
0001000010100101
0111000010100101
0001000010100101
0001000010100101
0001000010100101
0111000010100101
0111000010100101
0111000010100101
