../msdir/ms 88 1 -s 17 
1554431521

//
segsites: 17
positions: 0.0187 0.0275 0.2457 0.2811 0.3306 0.3408 0.3509 0.3520 0.3929 0.4290 0.7364 0.7982 0.8307 0.8798 0.9302 0.9493 0.9945 
00000001000011000
10000001000010000
01010001001010000
00000010010000101
01010001000010000
00000001000010000
10100001000010000
00000001000010000
00000001000010000
00000110010000101
00000010010000101
00000010010000101
00000110010000101
00000001000011000
00000001000010000
00000110010000101
00000010010000101
10000001000010000
00000001000011000
01010001001010000
00000001000010000
00000110110000101
00000001000010000
01010001000010000
00000001000010000
01010001000010000
00000010010000101
10000001000010000
01010001000010000
00000001000010000
00000001000010000
00001001000010000
01010001000010000
01010001000010000
00000001000010000
00001001000010000
00000001000010000
00001001000010000
01010001000010000
00000010010000101
00000010010000101
00000010010000101
00000001000010000
00000001000010000
00000001000010000
01010001000010000
00000001000010000
01010001000010000
00000001000011000
10000001000010000
01010001000010000
01010001000010000
00001001000010000
00000110010000101
00000001000010000
10100001000010000
00000001000010000
01010001000010000
00000001000010000
10100001000010000
01010001000010000
00000010010000101
10000001000010000
00000010010000101
00000110010000101
01010001000010000
00001001000010000
00000010010000101
00000001000010000
10000001000010000
00000110010000101
00000001000010000
00000001000010000
01010001000010000
00000010010000101
00000001000010000
00001001000010000
00000001000110000
00000010010000101
00000110010000101
00000001000010000
00000001000010010
00000001000010000
00000010010000101
00000010010000101
01010001000010000
10000001000010000
00001001000010000
