../msdir/ms 88 1 -s 9 
484986456

//
segsites: 9
positions: 0.0043 0.0485 0.3270 0.5826 0.5915 0.6599 0.7129 0.7556 0.8371 
000100110
000100010
000100010
101000000
101000000
000100010
101000000
101000000
000100110
101000000
000100010
101000000
010100010
000100010
000100010
100010000
101000000
101000000
000100010
101000000
000100010
000100010
000100010
101000000
000100010
000100010
101000000
000100010
100000000
101000000
101000000
000100010
101000000
101000000
000100010
101000000
000100010
101000000
000100010
000100010
000100010
101000000
000100010
000100010
101000000
101000000
101000000
000100010
000100010
000100010
000100010
101001000
101000000
101000000
000100010
000100110
000100010
000100010
000100010
100010000
000100010
101000000
100000000
100000000
101000000
100000000
000100010
000100010
101000000
100000000
100000000
000100010
000100010
000100010
000100110
000100010
101000000
000100010
101000000
100000000
000100011
010100010
101000000
000100010
000100010
101000000
101000000
101000000
