../msdir/ms 80 1 -s 10 
1632704073

//
segsites: 10
positions: 0.0184 0.2346 0.2535 0.4646 0.5743 0.6838 0.7017 0.7435 0.7930 0.9407 
0000010000
0001000100
0001000000
0001100000
1001000000
0000010000
0001000000
0000011000
0001000000
0101100000
0000011000
0001100000
0001000000
0101100000
0101100000
0001000000
0001000000
0000010000
0101100000
1001000000
0000010000
0001100000
0000010000
0101100000
0001000000
0101100000
0001100000
0001000000
0001100000
0101100000
0001000000
0001000000
0001000000
0000010000
0000010000
0000010000
0000011000
0001000000
0001100000
0011000000
0000010000
0101100000
0101100000
0000010000
0101100000
1001000000
0001000000
0101100000
0000010000
0001000010
0001100000
0001100000
0101100000
0001000000
0000010000
0001100000
0000010000
0001000000
0000010000
0001000000
0000010000
0001000000
0001000000
0000010000
0001000000
0001100000
0000010001
0001100000
0000010000
0001000000
1001000000
0001000000
0001100000
0101100000
0000010000
0001000000
0000010000
0000010000
0101100000
0001000000
