../msdir/ms 84 1 -s 18 
196147138

//
segsites: 18
positions: 0.0080 0.0749 0.1821 0.1850 0.1861 0.2232 0.3703 0.3872 0.5248 0.5260 0.5745 0.6268 0.7445 0.8456 0.8813 0.9068 0.9581 0.9643 
000000000000000101
000000001000000100
100001100000001010
000000000000000100
100001100010001010
000000001001000100
100001100000001010
000100000100000100
000000000000000100
000000000000000100
100001100000001010
000000011000000100
000000000000000101
000000000000000100
100001100000001010
000000001000000100
100001100000001010
000000001000000100
100001100000001010
000000001000000100
100000100000001010
000000001000000100
100000100000001010
000000001000000100
100001100000001010
000000001000000100
000100000100000100
000000000000000100
000000001000000100
100001100000001010
000000000000000100
000000001000000100
010000001000000100
000000001000000100
100010100000101010
000000000000000100
001000000000000100
100000100000001010
000000000000000100
000100000100000100
000100000100000100
000000001001000100
000000001000000100
000000001000000100
000100000100000100
000000000000000100
000000001000000100
100000100000001010
100001100000001010
000000000000000100
000000000000000100
100000100000001010
100001100000001010
000000001000000100
100001100000001010
100001100000001010
000000001000000100
100010100000101010
000100000100000100
000000001000000100
100000100000001010
000000000000000100
000000001000000100
000000001000000100
100001100000001010
000100000100000100
100001100000001010
000000001000000100
000000001000000100
000000000000000100
100001100000001010
100001100000001010
000000000000000100
000000000000000100
000100000100000100
000000001000000100
000000000000000100
100001100000001010
000000001000000100
100000100000001010
001000000000000100
000000001000000100
100001100000011010
000100000100000100
