../msdir/ms 82 1 -s 19 
961268537

//
segsites: 19
positions: 0.0005 0.0079 0.1830 0.2172 0.4664 0.4725 0.4820 0.4832 0.4844 0.4919 0.5015 0.6344 0.6376 0.8509 0.8668 0.8857 0.9361 0.9702 0.9786 
1000000001000000000
1000000001000000000
1000000001000010000
1000000001000000000
1000001000000000000
1000000001000000000
1000000001000000000
1000000001000000000
1000000001000000000
1000000001000000000
1000000001000000000
1000000000000001100
1000000001000000000
1000000001000000000
1000000001000000000
0100000000100000000
1001000001000000000
0100000000100000000
1001000001000000000
1000000001000000000
1000000001000000000
0100000000100100000
1000000001000000000
1000000001000000000
0100000000100100000
1000000001000000000
1000000001000000000
1000000001000000000
0100000000100000000
1000010001000000000
1000000001000000000
1000000001000000000
1000000001000000000
1010000001000000000
0100000000100000000
1000000001000000000
1000010001000000000
0100000000100000000
1000000010000000000
1000000001000010000
1000000001010000000
0100000000100000000
1000000001000000000
1000000001000000000
1000000001000000000
1000000010000000000
1000000001001000000
1000000001000000000
1000000001000000010
1000000001000000000
1000000001000000000
1000000001000000000
1000100000000000001
1000000001000000000
1000000001000000000
1000000001000000000
0100000000100000000
1000001000000000000
1000000001000000000
1000000101000000000
1000001000000000000
1000000001000000000
1000000000000001100
1000001000000000000
1000000000000001100
1000000001000000000
1000000001000000000
1000000001000000000
1000000001000000000
1000010001000000000
1000001000000000000
1000000000000001100
1000000001000000000
1000000001000000000
1000001000000000000
1000000001000000000
1000000001000000000
1000000001000000000
0100000000100000000
1000010001000000000
1000000001000000000
1000000001000000000
