../msdir/ms 86 1 -s 13 
1730106778

//
segsites: 13
positions: 0.0057 0.0667 0.3219 0.3463 0.4080 0.5187 0.6610 0.6948 0.7158 0.7851 0.8415 0.8962 0.9518 
0000000010100
0000000010100
0000000010100
0000000010100
0001010001010
1000001110100
0000000010100
0100000010100
1000000110100
0000000010100
1000000110100
0001010001010
0000100010100
1000000110100
1000000110100
1000000110100
1000000110100
1000000110100
1000000110100
0000000010100
0000000010100
0000000010100
1000000110100
0000000010100
0000000010100
0000100010100
1000000110100
0000000010100
1000000110100
0010000010100
0000000010100
1000000110100
1000000110100
0000100010100
1000000110100
0001010001010
0000000010100
0000000010100
0000000010100
1000000110100
1000000110100
0000100010100
0001010001010
0000000010100
0000100010100
0000100010101
1000000110100
0000000010100
1000000110100
0000000010100
0000000010100
0010000010100
1000000110100
1000000110100
0000000010100
1000000110100
0000000010100
0000000010100
0000000010100
1000000110100
0000100010100
0000100010100
1000000110100
0000100010100
0010000010100
1000000110100
0010000010100
0000000010100
1000000110100
1000000110100
0000000010100
0000000010100
1000000110100
1000000110100
1000000110100
0000000010100
1000000110100
0000000010100
1000000110100
0000000010100
0000100010100
0000100010100
1000000110100
0000000010100
0000100010100
0000000010100
