../msdir/ms 88 1 -s 18 
1182507620

//
segsites: 18
positions: 0.1688 0.1881 0.1940 0.2086 0.2262 0.2421 0.2741 0.2841 0.2879 0.3333 0.3486 0.4118 0.4597 0.5006 0.6899 0.7527 0.8188 0.8580 
000000000000100000
000000000100000000
000010000000000000
000000001010000000
000000001010000000
100000001000000000
000000001000000000
000000001000000000
010000000000000000
000000001000000000
000000001011001000
000000000100000000
000000001000000000
000000000100000000
000000000100000010
000000000000100000
000000001010000000
000000001010000000
000010000000000000
000010000000000000
000010000000000000
000000000100000001
000000000100000000
000010100000000000
001000001000000000
000000001000000000
000000001000000000
000000000100000000
000001000000000000
000000000000000000
000000000000100000
000000001000000000
000000000000100000
000000001011001000
000000001000000000
000000000100000000
000000001000000000
000000001000000000
000000000100000000
000010010000000000
000000000100000000
000000000100000000
000010100000000000
000000000100000100
000000000100000000
000000000100000000
000000000100000000
000000001000000000
000000001000000000
000010000000000000
000000000100000001
000000001000000000
000010000000000000
000000001000000000
000000001000000000
000000001000000000
000000001000000000
000010000000000000
000000001000000000
000000000100000000
000010000000000000
000000000100000000
000000000100000000
000000001000000000
000000001000010000
000000001000000000
000010010000000000
000010010000000000
000000000100000000
000000001010000000
000010000000000000
000000001000000000
000000001000000000
000000001000000000
000000001010000000
000010000000000000
000000000100000010
000010000000000000
000010000000000000
000010000000000000
000000001000000000
000000000000100000
000000001000000000
000000001000000000
000000001000000000
000000001000000000
000100001000000000
000000001000000000
