../msdir/ms 84 1 -s 15 
1680152508

//
segsites: 15
positions: 0.0100 0.1048 0.1669 0.2116 0.2598 0.2896 0.5500 0.6717 0.7953 0.8496 0.8524 0.8765 0.9362 0.9495 0.9580 
000000010011000
000000010011000
000000010011000
110100000000001
000110101000000
000110101000000
000000010011000
110100000000001
000110101000000
000110101000000
000110101100000
000110101000000
000110101000000
000000010011000
100100000000000
001110101000000
000110101000000
000000010011000
000110101000000
000110101000000
000110101000000
000110101000000
000110101000000
000000010011000
000110101000000
000110101000000
000110101000000
000110101000000
000110101000000
100100000000000
000110101000000
000111101000000
000110101000000
000110101000000
000110101000000
000110101000000
000000010011000
000110101000000
100100000000000
000110101000000
000110101000000
000110101000000
000110101000000
000000010011000
000110101000000
000110101000000
000000010011000
000110101000000
000110101000000
000110101000000
000110101000000
000110101000000
000110101000000
000110101000000
000110101000000
000110101000000
000000010011000
000110101000000
000110101000000
000000010011000
100100000000000
000110101000000
000110101000000
000110101000000
000110101000000
110100000000001
000110101000000
000110101000000
000000010011000
000110101000000
000110101000000
000110101000000
100100000000000
000000010011010
000110101000000
000000010011100
000110101000000
000110101000000
000110101000000
000110101000000
000110101000000
000110101000000
100100000000000
000000010001000
