../msdir/ms 80 1 -s 20 
1070934046

//
segsites: 20
positions: 0.0056 0.1322 0.1402 0.1466 0.1774 0.2021 0.2155 0.2370 0.3886 0.4015 0.5848 0.5981 0.6050 0.6863 0.7603 0.7882 0.8268 0.8496 0.8919 0.9589 
01100001010000000000
00110010000000011001
01100001010100000000
00110000000000000000
01100001010000000000
01100001010001100000
01100001010000100000
01100001010000000000
00110010000000010001
00110010000000010000
00110010000000011001
01100001010000100000
01100001010000000000
01100001010000100000
01100001010000100000
00110010000000010000
00110110000000010010
00110010000000010001
01100001010000000000
01100001010000100000
01100001010100000000
01100001010000000000
01100001010000000000
00110000000000000000
01100001011000000000
00110010000000011001
00110010000000010001
01100001010000000000
01100001010100000000
01100001010000000000
01100001010000000000
00110000000000000000
01100001010100000000
01100001010100000000
01100001010000000000
01100001010000000000
01100001010000100000
10110010000000010001
01100001010000000000
01100001010100000000
01100001010000000000
00110010000000011001
01100001010000000000
00111000000000000000
00000000000010000100
00110000000000000000
01100001010000100000
00110110000000010010
01100001010000000000
01100001010100000000
01100001010000000000
01100001010000100000
01100001010000000000
01100001010000000000
01100001010000100000
01100001010000100000
01100001010100000000
01100001010100000000
01100001010100000000
01100001010000100000
01100001010000000000
00110010000000010000
01100001010000000000
00110000000000000000
01100001010100000000
01100001010000000000
01100001010000100000
01100001010000100000
01100001010100000000
01100001010000000000
01100001010000000000
00110010000000010001
01100001010000000000
01100001010000000000
01100001010100000000
00110000000000000000
00110000000000000000
01100001110000000000
00110000000000000000
01100001010000000000
