../msdir/ms 88 1 -s 12 
1311912931

//
segsites: 12
positions: 0.0365 0.1106 0.1240 0.3009 0.3847 0.4780 0.6961 0.7966 0.8127 0.8863 0.9295 0.9910 
000000100010
000001100010
000001100010
000001100010
000001100010
000001100010
001100010000
001100010000
000000100010
001100010000
001100010100
001100010000
001100010000
001100010000
000000100010
000000100010
001100010000
011100010000
011100010000
001100010000
001100010000
001100010000
000000100010
001100010000
001100010000
001100010000
001100010000
000000100010
001100010000
000001100010
000001100010
000001100010
001100010000
001100010000
000001100010
001100010000
001100010000
001100010000
001100010000
000001100010
011100010000
000000100010
000001100010
000000100010
001100010000
001100010000
000000100010
001100010000
000010100010
000001100010
000001100010
000000100010
000001101010
000000100010
000000100010
001100010000
000000100010
001100010000
001100010001
000000100010
001100010000
000001100010
000000100010
001100010000
000010100010
001100010000
001100010000
001100010000
000001100010
011100010000
001100010000
000000100010
001100010000
001100010000
000001100010
000000100010
000001100010
001100010000
001100010000
001100010000
000000100010
001100010000
000000100010
000000100010
001100010000
000000100010
101100010000
000000100010
