../msdir/ms 82 1 -s 5 
2135755507

//
segsites: 5
positions: 0.2378 0.3642 0.6186 0.6305 0.7233 
11001
11001
11001
00100
11001
11001
11001
11001
11001
11001
11001
11001
11001
11001
11001
11001
11001
11001
00100
00100
11001
11001
11001
00100
11001
11001
11001
11001
11001
11001
11001
11001
00100
11001
11001
11001
00100
11001
11001
11001
11001
00100
11001
00100
11001
11001
11001
11001
00100
11001
11001
00110
11001
00100
00100
11001
00100
00100
11001
00100
11001
11001
11001
11001
11001
11001
00100
11001
11001
00100
11001
11001
11001
11001
11001
11001
00100
11001
11001
11001
00100
11001
