../msdir/ms 88 1 -s 6 
1334325156

//
segsites: 6
positions: 0.2444 0.3337 0.4914 0.7044 0.7346 0.9439 
001000
001100
001000
001000
010010
001000
010010
010010
001000
001000
001000
010010
001000
010010
001000
000010
001000
010010
010010
001000
001000
001000
001100
001000
001000
001000
010010
010011
001000
001000
101100
001000
010010
000010
001000
010010
001000
010010
001000
001000
001100
001000
101100
001000
010010
010010
001000
101100
001000
101100
101100
010010
001000
001000
010010
001000
010010
001000
001000
001000
001000
010010
001000
000010
001000
001000
001000
001100
010010
101100
010010
001000
010010
010010
001100
001000
001000
001000
001000
101100
101100
001000
010010
000010
001000
001000
001100
101100
