../msdir/ms 86 1 -s 4 
390151869

//
segsites: 4
positions: 0.0945 0.1724 0.8210 0.9839 
0000
0000
0001
0001
0001
0001
0001
0000
0000
0000
0011
0001
0001
0000
0000
0001
0001
0001
1001
0001
0001
0001
0001
0000
0000
0001
0000
0001
0000
0000
0001
0000
0000
0000
0001
0001
0000
0001
0001
0001
0001
0001
0001
0001
0000
0001
0000
0001
0001
0000
0000
0001
0001
0000
0001
0000
0001
0001
0001
0000
0101
0001
0001
0001
0000
0001
0001
0000
0000
0001
0000
0001
0000
0001
0011
0001
0001
0000
0000
0000
0000
0001
0001
1001
0001
0000
