../msdir/ms 80 1 -s 19 
1503758365

//
segsites: 19
positions: 0.0460 0.0994 0.1654 0.1776 0.3372 0.3453 0.3605 0.5382 0.5394 0.5571 0.6025 0.6100 0.7199 0.7300 0.7399 0.9276 0.9309 0.9518 0.9884 
0000000000000000000
0000010000000011000
0000010000000011000
0000000100000000100
0000000000010000000
0000010000000011000
0000010000000011000
0000000000010000000
0000010000000011000
0000000100000000000
0000000000010000000
0000000000000000000
0000000100000000000
0000010001000011000
0000010000000011000
0000000010010000000
0000000000010000000
0000000000010000000
0000000010010000000
0000000100000100000
0000010000000011000
1000000000100000000
0000000000010000000
0000110000000011000
0000000000000000000
0000000000000000000
0000010000000011000
0000010000000011000
0000010000000011000
0000000100000000000
0000010000000011000
0000010000000011000
0000110000000011000
0000000000000000000
0000010000000011000
0000000100000000100
0000000100000000000
0000000000000000000
0000010000000011000
0000010000000011000
0000000100000000100
0000010000000011000
0000000000010000000
0010000000000000000
0000010000000011000
0100010000000011000
0000000010010000001
0000000000000000000
0000010000000011000
0000000100000000100
0000000100000000000
0001000100000000000
1000000000100000000
0000010000000011000
0000000010010000000
1000000000100000000
0000010000000011000
0000010000000011010
0000010000001011000
0000010000000011000
0000000100000000100
0000010000000011000
0000000000000000000
0000000000000000000
0000000000010000000
1000001000000000000
0000110000000011000
0000010000000011000
0000010000000011000
0000000000010000000
0000110000000011000
0000000010010000000
0000000000010000000
0000110000000011000
0000010000000011000
0000000100000000100
0000000100000100000
0000000100000000100
0000010000000011000
0000000100000000100
