../msdir/ms 80 1 -s 12 
781444777

//
segsites: 12
positions: 0.0179 0.0248 0.3287 0.4052 0.4308 0.4724 0.5682 0.5982 0.6169 0.6297 0.7792 0.8690 
001010000000
000000000000
000000000000
000000000000
001010000000
000000000000
000000000000
001010000000
000000000000
000000000000
001010000000
000000000000
001010000000
000010000000
000000000000
000010000000
000010000000
000000000000
000000000000
001010000000
001010000000
000000000000
000000000000
000010000000
000000000000
001010000000
000000000000
000000000010
000010000000
000000000000
000000000000
000010000000
000000000000
000100001100
000000000000
000100001100
000010000000
001010000000
000000000000
000000000000
000000000000
000000000000
000000000000
001010000000
001010000000
000010000000
000000000000
001010000000
000000000000
001010000000
000010000000
000100001100
000000000000
010000000000
000000000000
000000000000
000000000000
000000000000
000000000000
000000000000
000000000000
100000000000
000010000000
000000000000
000010000001
001011000000
000010000000
000000000000
000000000000
001010000000
000100001100
000000000000
000000000000
000100001100
001010000000
001010000000
001010000000
000000000000
000000110000
000000000000
