../msdir/ms 80 1 -s 17 
210749766

//
segsites: 17
positions: 0.0470 0.0600 0.1354 0.1785 0.2193 0.2704 0.4398 0.5171 0.5963 0.5988 0.6128 0.6234 0.6313 0.6822 0.6973 0.8436 0.8712 
11000001000000100
00000000101000000
11000001000000000
00000000101000000
11000001000000100
00000000101000000
00000000101000000
11000001000000000
11000001000000100
00000000111010000
00000100001001000
11000001000000000
11000001000000100
11000001000000000
00000000101000000
00000000101000000
11000001000000100
11000001000000100
11001001000000000
11000011000000010
11000001000000100
11000001000000000
00000000101000000
11000001000000100
11000001000000100
11000001000000000
00000000101000000
11000001000000000
00000000101010000
00000100001001000
11000001000000100
11000001000000000
11000001000000000
11000001000000100
11000001000000100
11000001000000100
11000001000000000
00000000101000000
11000001000000100
11000001000000100
11100001000000100
00000000101000000
11000001000000100
00000000101000000
11000001000000100
11000001000000000
11000001000000100
11000001000000100
00000000101000000
11000001000000000
00000000101000000
00000000101000000
11000001000000000
11000001000000000
11000001000000100
00000000101000000
11000001000000100
11000001000100100
11000001000000000
11000001000000100
00000000101000000
11000001000000000
00000000101000000
11000001000000100
11000001000000100
11010001000000100
11000001000000000
00000000101000000
11000001000000100
11000001000000000
11000001000000100
11000001000000000
00000000101000000
11000001000000100
11000001000000101
11000001000000100
11000001000000010
11000001000000100
11000001000000100
11000001000000000
