../msdir/ms 82 1 -s 15 
1847915749

//
segsites: 15
positions: 0.1551 0.1600 0.1699 0.3271 0.3375 0.3393 0.3417 0.4654 0.6118 0.6895 0.7434 0.7925 0.7960 0.8020 0.9936 
001000100000000
000010000100000
000000001000000
001000100000100
001000100000100
001000100000000
001000100000000
001000100000000
000000001000000
001000100000100
000010000100000
001001100000000
001000100000100
000000000100000
001000100000000
000000000100000
001000100000000
001000100000100
001000100000100
001000100000010
100000000100000
001000100000000
001000100000001
000010000100000
001000100000001
100000000100000
001100100000000
001000100000100
001100100000000
001000100000000
000000000100000
001000100000000
011000100000000
000000010001000
100000000100000
000000010001000
001000100000100
001000100000100
001000100000000
000000001000000
001100100000000
001000100000100
001100100000000
000000010001000
001000100000000
001000100000000
001000100000000
001000100000000
001000100000100
001000100000100
001100100000000
001000100000001
000000001000000
000000000100000
000000000100000
001000100000000
001000100000100
001000100000000
001000100000000
001000100000000
001000100000100
001000100000100
000000001000000
001000100000001
001000100000000
001000100000000
001000100000100
001000100000100
001000100000000
000000001000000
001000100000000
001000100000000
000000001000000
001000100010100
001000100000001
001000100000100
001000100000000
001000100000100
001000100000001
001000100000100
001000100000000
000000000100000
