../msdir/ms 82 1 -s 9 
1825613769

//
segsites: 9
positions: 0.0208 0.1771 0.3129 0.4603 0.5595 0.7050 0.7491 0.8468 0.8761 
000000000
000000000
000000000
000000000
000001000
000000000
000000000
000000000
101010101
000001010
000000000
000001010
000000000
000100000
000000000
000001000
000000000
000000000
001010101
000000000
000000000
000000000
000000000
001010101
000000000
000000000
000000000
000000000
000000000
000001010
000000000
000001000
000000000
001010101
000000000
000001000
000000000
000000000
000000000
000000000
000001010
000000000
000000000
000000000
001010101
000000000
000000000
010010101
001010101
001010101
000000000
000010101
000001010
000001000
101010101
000000000
000001010
001010101
000000000
000010101
000000000
010010101
000000000
000000000
000000000
000000000
000000000
000001000
000100000
000000000
000001010
010010101
000000000
000000000
000000000
000000000
000000000
000000000
000100000
000000000
000000000
000000000
