../msdir/ms 84 1 -s 11 
331148181

//
segsites: 11
positions: 0.1202 0.2404 0.3097 0.5715 0.6013 0.6828 0.8078 0.8187 0.8574 0.9325 0.9620 
00100010110
00100010010
00100010110
00100010010
00100010010
00100110011
00100010010
00100110011
00100010110
00100110011
00100110011
00100111011
00100111011
00100110011
00100010010
00100010110
00100010010
00100010010
00100010110
00100010110
00100010110
00100010010
00100010010
10100010010
00100010010
00010000000
00100010010
00100010110
00100010110
00100110011
01100010010
10100010010
00100010110
00100110011
00100110011
00100010110
00010000000
00010000000
00100010010
00100010110
00100010010
00100010110
00100010010
00100010110
00100010010
10100010010
00100010010
00100010010
00100010010
00100010110
00101010010
00100010010
00100110011
00100010110
00100010010
00100010010
00100010110
00100110011
00100010110
00100010110
00100010010
00100010010
00100010110
00100010010
01100010010
10100010010
10100010010
00100110011
10100010010
00100010010
00100010010
00100010110
00010000000
00100110011
00100010010
00100010110
00100010010
00100010110
00100010010
10100010010
00100010110
00100010110
00100010110
10100010010
