../msdir/ms 88 1 -s 15 
1273371437

//
segsites: 15
positions: 0.1326 0.1486 0.1983 0.2196 0.2253 0.2772 0.3555 0.4280 0.4402 0.5184 0.5450 0.7464 0.8483 0.9024 0.9310 
100000010000001
100000110010001
100000110010001
100000010000001
001110000101110
100000010000001
001110001101100
100000010000001
001110000101110
001110000101110
100000010000001
001110001101100
001110000101110
100000010000001
100000010000001
001110000101110
100000110010001
001110001101100
100000010000001
100000110010001
100000110010001
100000010000001
100000010000001
001110001101100
100000110010001
001110001101100
001110001101100
001110001101100
100000010000001
100000010000001
001110000101110
001110001101100
100000010000001
001110001101100
001110001101100
001110000101110
100000010000001
100000010000001
001110000101110
100000010000001
100000010000001
100000010000001
001110000101110
100000110010001
100000010000001
001110001101100
100000010000001
100000010000001
001110001101100
100000010000001
001110000101110
100000010000001
100000110010001
100000010000001
001110001101100
001110001101100
100000010000001
001110000101110
100000010000001
001110001101100
001110001101100
100000110010001
100000110010001
001110001101100
001110001101100
100000010000001
001110000101110
100000010000001
001110000101110
100000010000001
100000110010001
001110001101100
100000110010001
100000110010001
100000010000001
001110000101110
100000010000001
001110001101100
100000010000001
001110001101100
001110001101100
001110001101100
001110001101100
001110001101100
100000110010001
100000010000001
001110001101100
011111000101100
