../msdir/ms 82 1 -s 20 
374199138

//
segsites: 20
positions: 0.0513 0.0699 0.1280 0.2456 0.3333 0.3456 0.3573 0.4363 0.4967 0.5228 0.5358 0.6195 0.6915 0.7115 0.7616 0.7737 0.8058 0.8220 0.9394 0.9440 
00000001000100100010
00010000110000000000
00010000010000000000
00000000000100100010
00000000000100100010
00010000010000000000
00000000000100100010
00000000000000100010
00010000011000001000
00000000000100100010
00000000000000100010
00010000010000000000
00000000000000100010
00010000010000000001
00000000000000100010
00000000000000100010
00010000010000000100
00010000010000000000
00010000000010010000
00010010110000000000
00110000000000010000
00000000000100100010
00000000000000100010
00010000010000000000
00010000011000001000
00000000000000100010
01010000110000000000
00110000000000010000
00000000000100100010
00000000000000100010
00110000000000010000
00110000000000010000
00010000110000000000
00010000011000001000
00010000010000000000
00010000110000000000
10011000110000000000
00010000110000000000
00000000000000100010
00010000110000000000
00010000000010010000
00010000010000000000
00000100000000100010
00000000000000100010
01010000110000000000
00000000000100100010
00010010110000000000
00000000000000100010
00000000000000100010
00010000010000000000
00010000010000000000
00010000110000000000
00010000010000000000
00000000000000100010
00010000110000000000
00000000000000100010
00000000000000100010
00110000000000010000
00010000010000000000
00010000010000000000
10010000110000000000
00010000000010010000
01010000110000000000
00010000011000001000
00010000110000000000
00010000010001000000
01010000110000000000
00010010110000000000
00110000000000010000
00010000000010010000
00010000110000000000
00110000000000010000
00010000010000000000
00010000010000001000
00010000010000000000
00010000011000001000
00010010110000000000
00000000000100100010
00010000110000000000
10010000110000000000
00010000011000001000
00010000010000000000
