../msdir/ms 84 1 -s 13 
38447493

//
segsites: 13
positions: 0.0963 0.1962 0.2536 0.2567 0.3159 0.3391 0.3760 0.4269 0.6387 0.8121 0.9010 0.9140 0.9748 
0000100010000
0000100000000
1000001000011
0010001001000
0010001000000
1000001000011
0010001001000
0010001000000
0010001000000
0000100010000
0010001000000
0000100010000
1000001000011
1000001000011
0010001000000
0010001001000
0000100000000
0000100000000
0000100000000
0010001001000
0000100000000
0010001001000
0010001001000
1000001100011
0010001001000
0000100000000
0010001001000
0000100000000
0010001001000
0010001001000
1000001000011
0010001001000
0000100000000
0110001000000
1000001000011
0010001001000
1000001000011
0000100010000
0000100000000
1000011000011
1000001000011
0010001000000
1000001000011
1000001100011
0010001001100
1000001000011
0010001000000
0000100000000
0010001000000
0000100000000
1001001000011
0000100000000
0010001001100
0000100000000
0010001001100
0000100010000
0010001000000
1000001000011
0000100000000
0010001001000
0010001001000
0010001000000
1000001100011
1000001100011
1000001000011
0010001001100
1000001000011
0000100000000
0000100000000
0000100000000
0000100000000
1000001000011
0010001000000
0010001001000
0000100000000
0010001001000
0010001000000
0010001000000
0000100000000
0000100000000
0010001001000
0010001000000
0000100000000
1000001000011
