../msdir/ms 84 1 -s 20 
91279352

//
segsites: 20
positions: 0.0532 0.0668 0.1091 0.2723 0.3040 0.3070 0.3202 0.3504 0.3509 0.3557 0.3961 0.3977 0.5347 0.5990 0.6552 0.7104 0.7685 0.9484 0.9781 0.9922 
00000010100001001000
00001000000001001000
00001000000001001000
00000010100001001000
00001000000001101100
00001000000001001000
00000000000001001000
00001000000001001000
00000000000001001000
00000010000001011000
00000000000100000011
00000010000001001000
00001000000001101100
00001000000001101100
00001000000001001000
00000000000001001000
00000010000001011000
00000010100001001000
00000010000001001000
00001000000001001000
00001000000001101100
00000010000001011000
00000100000100000010
00000001000001001000
00000001000001001000
00000010100001001000
00000000000001001000
00000000000001001000
00000010000001001000
00000000000001001000
00000010000001001000
00000010000001001000
00000010000001001000
00000010000001001000
00001000000001001000
00000010001001001000
00000010000001011000
00000100000100000010
00001000000001101000
00001000010001101100
00000010000001001000
00000010100001001000
00000000000001001000
00000010000001011000
00000010000001001000
00001000000001101100
00000010001001001000
00000010000001001000
00000000000001001000
00000010000001011000
00010001000001001000
00000010000001001000
00000010000001011000
00000010000001011000
00000000000001001000
00000010100001001000
00001000000001101100
00001000000001101100
00000000000001001000
11100000000001001000
00000100000100000010
00001000000001001000
00000000000001001000
00000010000001011000
00000000000001001000
00000010000001001000
00001000000001001000
00000010000001001000
00000010100001001000
00000000000100000011
00000100000100000010
00001000000001001000
00001000000011101100
00000010100001001000
00000010000001001000
00000000000001001000
00000000000100000010
00000000000001001000
00000001000001001000
00000010000001001000
00000010001001001000
00001000000001001000
00000010000001001000
00000010000001001000
