../msdir/ms 80 1 -s 14 
201588958

//
segsites: 14
positions: 0.0519 0.1081 0.1572 0.1926 0.2851 0.3094 0.3618 0.3669 0.5084 0.5155 0.7486 0.7741 0.9140 0.9543 
10000001000000
00000000000000
10000001000000
00000010000000
00000000001000
00001000000001
00000010000000
00000000000000
00001000000001
00000000000000
00000000100000
00000010000000
00001000000001
00000000000110
00001000000001
00000000000000
00001000000001
00000000000000
00001000000001
00000000000000
00000010000000
00000000001000
00000010000000
00000000000000
00000001000000
00000010000000
00001100000001
00001000000001
00100000000000
00000000000000
00000010000000
00001000000001
00000000000110
00100000000000
00001000000001
00000010000000
00000000000000
00100000000000
00000000000000
00001000000001
00001100000001
00010001000000
10000001000000
00001000000001
00000000000000
00000000000110
00000010000000
00000000000000
00001000000001
00010001000000
00000010000000
00000000000000
00100000000000
00000000000000
00100000000000
00000000000000
00000010000000
00100000000000
00000000000000
00000000000000
00000010000000
00000000110000
00000010000000
00000000001000
00100000000000
01000000000000
00001100000001
00000000000000
00000010000000
00001000000001
10000001000000
00000000000110
00001000000001
00000000000110
00000010000000
00001000000001
00000010000000
00001000000001
00100000000000
00001000000001
