../msdir/ms 88 1 -s 20 
748082574

//
segsites: 20
positions: 0.1152 0.1347 0.2231 0.3194 0.3352 0.3450 0.3579 0.3583 0.3733 0.3786 0.4917 0.5262 0.6103 0.6280 0.6417 0.6760 0.7236 0.7857 0.8951 0.9598 
00000000001000000100
01100101000100110010
00000000001010000100
00000000101000000100
00000000001000000100
00000000011000000100
00101001000000000000
00000000001000000100
10010000001001000100
10010010001001000100
00101001000000000000
00000000001000001100
00000000011000000100
00000000001000001100
10010000001001000100
00000000001000001100
00000000001000000100
00101001000000000000
00000000001000000100
00000000001010000100
00000000001000001100
00101001000000000000
10010000001001000100
00101001000000000000
00000000101000000100
10010000001001000100
00000000001000000100
00000000001000000100
10010000001001000100
00101001000000000000
00000000011000000100
00000000001000001100
00000000001000000100
00000000001000000100
00101001000000000000
00101001000000000000
01100101000100110010
00101001000000000000
00101001000000000001
00000000001000000100
00101001000000000000
00000000001000000100
01100101000100110010
01100101000100110010
00101001000000000000
01100101000100110010
01100101000100110010
10010000001001000100
10010000001001000100
10010000001001000100
10010000001001000100
00000000001000001100
10010000001001000100
00000000001000001100
00101001000000000000
00101001000000000000
00000000001000000100
00000000001010000100
00000000001000001100
00000000001000001100
01100101000100110010
00000000001000000100
01100101000100110010
00000000001000000100
00000000001000001100
00000000001000000100
00000000001000001100
00000000101000000100
00000000101000000100
00101001000000000001
00101001000000000000
00101001000000000000
00000000001000000100
01100101000100110010
01100101000100110010
01100101000100110010
00000000001000000100
01100101000100110010
10010000001001000100
00000000001000001100
00101001000000000000
10010000001001000100
00101001000000000000
00000000001010000100
00000000001000000100
00000000001000001100
01100101000100110010
00000000001000000100
