../msdir/ms 86 1 -s 7 
2132536942

//
segsites: 7
positions: 0.1690 0.2155 0.4037 0.5843 0.6899 0.6963 0.8983 
0000000
0100100
1101000
0110000
0000000
0000000
0110000
0100100
0110000
0110000
0100100
0000000
0000000
0100000
0000000
0000000
0110000
0110000
0000000
0000000
0000000
0110000
0000000
0100000
0000001
1101000
0100000
1101000
0100100
0110000
0110000
1101000
0000000
0100000
0100000
1101010
0100100
0000000
0000000
0000000
1101000
0100000
0000000
0000000
0000000
0110000
0000000
0110000
1101000
0000000
0000000
0100100
0110000
0000000
0000000
0100100
1101000
1101000
0000000
1101000
0110000
0000000
0000000
0100000
0000000
0000000
1101000
0100000
0000000
0000000
0000000
0110000
0000000
1101000
0000000
0110000
0110000
0110000
1101000
0110000
1101000
0000000
0110000
0100000
1101000
0000000
