../msdir/ms 86 1 -s 15 
475649477

//
segsites: 15
positions: 0.0506 0.0558 0.0809 0.0914 0.1087 0.1881 0.2074 0.2149 0.2235 0.2292 0.3956 0.4817 0.8314 0.9317 0.9356 
100000000000101
000000000000010
010000000000000
000010000110000
000000000000010
001000010000000
000000000000000
100000000000101
010000000000000
000000000000010
000000010000000
100000000000101
000000010000000
000000110000000
000000010000000
000000000110000
000001000000000
010000000000000
100000000000101
000000010000000
000001000000000
000001000000000
100000000000101
000000000110000
000000010000000
000001000000000
000000010000000
100000000000101
100000000000101
000000000000010
100000000000101
000000000110000
000001000000000
000001000000000
000001000000000
100000000000101
001000010000000
000000010000000
000000010000000
000000010000000
000000010000000
000000000110000
000000010000000
000000001000000
000000110000000
000000000110000
000001000000000
000000010000000
010000000000000
000000000000010
000000010000000
000101000000000
000000010000000
010000000000000
010000000000000
010000000000000
000000000000010
010000000000000
000000000000010
010000000000000
000000010000000
000000000110000
000000010000000
000000010000000
000000010000000
000000010000000
000000010000000
000000010000000
001000010000000
000001000000000
000000000001000
000000010000000
100000000000101
100000000000101
000000000000010
000101000000000
100000000000101
000000000000010
000000000110000
000000000000010
100000000000101
010000000000000
000000000110000
100000000000101
000000110000000
000000010000000
