../msdir/ms 82 1 -s 16 
1629224533

//
segsites: 16
positions: 0.0471 0.0600 0.1509 0.1856 0.1975 0.2541 0.2781 0.2964 0.3032 0.6454 0.6838 0.6895 0.7342 0.7673 0.8109 0.9872 
1100000101000001
1100000100000001
1100000100000001
1100000100000001
1100000100000001
1100010100001001
0000100000000000
1100000100000001
1100000100000001
1100010100001001
1100000100000001
1100000100000011
1100010100001001
0000100000000000
1100000100000001
1100000100000001
1100000100000001
1100000100000001
1100000100000001
1100000110000001
0000100000000000
1100000100001001
1100000100000001
1100000101000001
1100000101000001
1100000100000011
1100000101010001
1100000100000001
1100000100000011
1100000100000001
1100000100000001
1100000100000001
1100000100000001
1100000100000001
1100000110000001
1100000100000001
1100000100000001
1100000100000001
1100001100000001
1100000101000101
1100000100000011
1100000101010001
1100000100000011
1100000100000001
1100000100000001
1100000101000001
1100000100000001
1100000100000001
1100001100000001
1100000100000001
1100000101010001
1100000100000001
0001100000000000
1100000100000001
1100001100000001
1100000100000001
1100001100000001
1100000100100001
1100000100000001
1100000100001001
1100000101010001
1100000100000001
1100000110000001
1100000100000001
1100000100000001
1100000100000001
1100000100000001
1100000100000001
1110000100000001
1100010100001001
1100000100000011
1100000101000101
1100000101000001
1100000100000001
1100000101010001
1100000110000001
1100001100000001
0000100000000000
1100000101010001
1100000100000001
1100000100000001
1100000100000001
