../msdir/ms 82 1 -s 6 
231634734

//
segsites: 6
positions: 0.0023 0.1208 0.2444 0.2620 0.4617 0.8281 
001000
010000
001000
010000
001000
100000
100000
100001
100000
001000
010000
001000
001000
001000
100000
100000
100000
001000
001000
010010
001000
001000
001000
010010
001000
100000
001000
100000
100000
010000
010000
100000
010010
010100
100000
100000
100000
001000
001000
100000
010000
010010
100000
010000
100000
010000
001000
100000
100000
001000
001000
010000
010010
010000
010000
100000
010000
001000
100000
010000
001000
100000
100000
001000
100000
010000
001000
010000
010000
010010
100000
001000
001000
001000
010000
001000
010000
010000
100000
100000
100000
100000
