../msdir/ms 86 1 -s 10 
542946526

//
segsites: 10
positions: 0.0530 0.0748 0.2516 0.3003 0.3360 0.3688 0.6379 0.6939 0.8207 0.9736 
0010000000
0000000000
0000000000
0000000001
0000000000
0001000010
0000000000
0000000000
0000000000
1000010000
0001000010
0001000010
0000000001
0000000000
0000000001
0000000000
0000000000
0000000001
0000000000
0001001000
1000010000
0000000000
0000000000
0000000000
0001001000
0000000000
0001001000
0000000000
0000000000
0001001000
0000000000
0001001000
0000100001
0000000000
0000000001
0000000001
0000000001
0001000010
0000000001
0000000000
0000000000
0001000010
0000000001
0000000000
0000000000
0000000001
0000000000
0001001000
0100000000
0000000000
0000000000
1000010000
0000000001
0001001000
0000000000
0001000010
0000000000
0001001000
0001000010
0000000000
0000000000
1000010000
0000000000
0001001000
0000000000
0000000000
0000000001
0000000000
0000000000
0000000000
0000000000
0000000100
0001000010
0000000000
0000000000
1000010000
0000000000
0000000001
0000000000
0000000000
0000000000
0000000000
0000000000
0000000001
0000000000
0000000000
