../msdir/ms 80 1 -s 16 
93500942

//
segsites: 16
positions: 0.0221 0.0309 0.1220 0.1649 0.1904 0.5061 0.5766 0.5776 0.5994 0.6268 0.7144 0.7779 0.8162 0.8818 0.8835 0.9605 
1001001001010000
1001001001010000
0000001001010000
0000110100000100
1001001001010000
0000100100000100
0000100100000100
0000100100000100
0000001011010000
1001001001010000
0000100100000100
0000001011010000
1001001001011000
0000100100000100
0000100100000100
0000001001010000
1001001001010000
0011001001010000
0000100100000100
0000100100000100
0000001001010000
0000100100000100
0000100100000100
0000100100000100
0000100100100101
0000100100000100
0000100100000100
0000100100000100
1001001001010000
0000100100000100
0000100100000100
0000001001010000
0000100100000100
0011001001010000
0000100100000100
0000100100000100
0000001001010000
0000100100000100
0000100100000100
1001001001010000
0000100100000100
0000100100000100
0000100100000110
0000100100000100
0000100100000100
1001001001010000
0000100100000100
0000001001010000
0100100100000100
0000001001010000
0000100100000100
0000100100000100
0000100100000100
0000001011010000
0001001001010000
1001001001010000
0000100100000100
0000001011010000
0000100100000100
1001001001010000
0000100100000100
0000001011010000
0011001001010000
1001001001010000
1001001001010000
0000100100000100
0000100100000100
0000001011010000
0000100100000100
0011001001010000
0011001001010000
0000100100000100
0000100100000100
0000100100000100
1001001001010000
0000100100000100
0000001001010000
1001001001011000
0000100100000100
0000100100000100
