../msdir/ms 84 1 -s 8 
771460605

//
segsites: 8
positions: 0.1264 0.1739 0.4234 0.4376 0.5303 0.5419 0.8075 0.9569 
00000100
00010100
00000010
00000000
00000010
00000010
00100000
00000100
00010100
00000100
00010100
01000000
00000010
00000000
00000100
00000000
00000010
00010100
00000000
00001010
00000010
00000010
00000100
00000000
00000100
00000100
00000100
00000100
00000010
00000100
00000100
01000000
00000001
00000100
00000100
00000010
00000000
00000100
00000000
10000100
10000100
00001010
00000100
00010100
00000100
00000100
00000010
00010100
01000000
00000100
00010100
00000100
00000100
00000000
00000010
00000100
00000010
00000100
00000100
00000010
00010100
00000010
00010100
00010100
10000100
00000100
00000100
00000100
00000000
00000100
00000010
00010100
00010100
00000000
00010100
00000000
00010100
00000100
00000010
00000100
00010100
00000100
00000010
00000100
