../msdir/ms 88 1 -s 5 
380714728

//
segsites: 5
positions: 0.0936 0.1906 0.2084 0.3334 0.7550 
10000
01000
00000
01000
00100
01000
00010
00000
00000
00000
10000
00000
00000
00000
00000
00100
00001
00100
00000
00100
00100
00010
00100
00000
00100
00000
00000
00100
00000
00000
00000
10000
00000
00000
00010
01000
00000
00100
00000
01000
00010
00000
00010
00010
01000
00000
00000
01000
00010
00100
00100
00000
10000
10000
10000
00000
00000
00000
00100
00000
01000
00100
00100
00000
00100
00000
00000
00000
10000
10000
00000
00001
00100
00000
00000
10000
01000
00100
00010
00000
00000
00100
10000
00001
00000
00000
00000
00010
