../msdir/ms 80 1 -s 5 
44312979

//
segsites: 5
positions: 0.0729 0.1365 0.1449 0.5709 0.9785 
10000
00001
00001
00001
10000
00000
00000
00000
00000
00001
00000
00001
00001
00000
00001
10000
00001
00001
00011
00001
10000
00001
00001
10000
00001
00001
00001
10000
00000
00001
10000
00000
00000
10000
00001
00001
10000
10000
00001
00001
00000
00001
00000
10000
00001
00001
00001
00001
11000
10000
10000
00000
10000
10000
10000
00001
00001
00001
00001
00000
00001
00001
00001
10000
00000
00000
00001
00001
00001
00000
00100
00000
00001
00000
00001
00011
00001
00000
10000
00001
