../msdir/ms 80 1 -s 11 
2051473394

//
segsites: 11
positions: 0.0183 0.0214 0.0484 0.1790 0.2019 0.2427 0.2910 0.5821 0.8363 0.8577 0.9122 
00010000000
00010000000
00000010000
00000000000
01001100000
00010000000
00001000000
00000000000
00010000010
00001000000
00010000010
00000000000
00000001000
00000000100
10010000000
00000000000
00010000000
00000000000
00000010000
00000010000
00000000000
00001100000
00000000000
00010000000
00000000000
00010000000
00000000000
00001000000
00000000000
00001000000
00001000000
00000010000
00001000000
00100010000
00000000000
00010000010
00000000000
00000000001
00000010000
00000000000
00001000000
00000000001
00000000000
00000000000
00010000010
00010000000
00000010000
00000000000
00010000010
00000000000
00000000000
00000000000
00000010000
00010000000
00000000000
00001000000
00000000100
00000010000
00001000000
00000000000
00010000000
00010000000
10010000000
00010000000
00001000000
00010000000
00000001000
00000000000
00000010000
00010000000
00010000000
00010000000
00000000001
00000000000
00000010000
00000001000
00000000001
00000000000
00000000000
00010000000
