../msdir/ms 86 1 -s 6 
596479044

//
segsites: 6
positions: 0.1437 0.1706 0.6454 0.7204 0.7740 0.8199 
000000
000000
000000
000000
110000
110000
000000
110000
000000
000000
000000
110000
110010
110010
110010
110010
000000
110000
000000
000000
110000
000000
110010
000000
110010
000000
110010
000000
000100
000000
000000
000000
110010
110010
000000
110011
000000
110000
000000
110010
110000
000000
000000
001000
110000
110000
000000
000000
000000
000000
110010
000000
100000
000000
110010
110010
110000
000000
000000
000000
110000
100000
000000
000000
000000
110000
000000
110000
000000
110000
000000
000000
110000
000000
000000
110010
000000
000000
110011
110000
110000
110000
110010
000000
000000
000000
