../msdir/ms 84 1 -s 10 
1638231925

//
segsites: 10
positions: 0.1313 0.2299 0.2718 0.5519 0.7067 0.7128 0.8195 0.8261 0.8633 0.8921 
0000000100
0000000100
0000000000
1001000000
1001000000
0000000000
0000000001
0000000010
0000000000
0000100000
0000000000
0000000000
0000000000
0000000000
0000000000
0000000100
0000000000
0000000000
0000000000
0000010100
0000000000
0000100000
0000000000
0000000000
0000000000
0000000100
0000000100
0000000000
0000000000
1001000000
0000000000
0000000000
1001000000
0000000000
1001000000
0000100000
0000000000
0000000000
0000000000
0000000000
0000000000
0000000000
0000000000
0000000000
0000000000
0000000000
0000000000
0000000000
0000000100
0000000000
0000000000
0000000000
0000000010
0000000100
0000100000
0000000100
0000000010
0000000000
0000000000
0000000000
0000000000
0000100000
0000000000
0000000000
0000000000
0000000000
0000100000
0000000000
0000000000
0010000000
0000000000
0000000000
0100001000
0000000000
0000000000
0010000000
0000000100
0000000000
0000000000
0000000000
0000000000
0000000000
0000000000
0000000000
