../msdir/ms 86 1 -s 16 
2097361393

//
segsites: 16
positions: 0.1025 0.1133 0.1362 0.1391 0.1885 0.2778 0.3152 0.3367 0.3713 0.4289 0.4729 0.4904 0.5466 0.5808 0.5831 0.8322 
0000100000110000
0000100000110000
0010000101000000
0000100000110000
0000100000110000
0000100010110000
0100001000000100
0100001000000100
0100001000000100
0000100010110000
0100001000000101
0000100000110000
0010000101000000
0010000101000000
0000100010110000
0000100000110000
0100001000000101
0000100000110000
0100001000000101
0000100000110000
0100001000000101
0000100000110000
0101011000000100
0100001000000100
0000100000110000
0100001000000101
0100001000000100
0010000101000000
0000100000110000
0010000101000000
0000100000110000
0010000101000000
0100001000000111
1000100000110000
0000100000110000
0000100000110000
0100001000000111
0100001000001101
0100001000000101
0100001000000100
0000100000110000
0000100000110000
0100001000000101
0100001000000100
0100001000000100
0010000101000000
0100001000000101
0000100000110000
0100001000000101
0100001000000101
0000100000110000
0100001000000100
0000100000110000
0100001000000100
0100001000000101
0100001000000101
0010000101000000
0100001000000101
0100001000000101
0000100000110000
0000100000110000
1000100000110000
0010000101000000
0100001000000100
0100001000000100
0100001000000111
1000100000110000
0000100000110000
0100001000000101
1000100000110000
1000100000110000
0100001000000101
0100001000000101
0000100000110000
0100001000000101
0010000101000000
0000100000110000
0100001000000100
0000100010110000
0000100000110000
0100001000000101
0000100000110000
1000100000110000
0010000101000000
0100001000000101
0000100000110000
