../msdir/ms 88 1 -s 8 
1694450660

//
segsites: 8
positions: 0.0916 0.4384 0.6619 0.6688 0.7545 0.7855 0.8175 0.9294 
01010100
11010100
00001010
01010100
01010100
01010100
00001010
01010100
01010100
00001010
01010100
01010100
01010100
01010100
01010100
01010100
01010100
01010100
01010100
01010000
01010100
01010100
01010100
01010100
01010100
01010100
01110100
01010100
01110100
01010100
01010100
01010100
01010100
01010100
01010100
01010100
01010100
11010100
01010100
01110100
01010100
01010100
00001010
01010100
01010100
01110100
01010100
01010100
01110100
01010100
01110100
01010100
01010100
01010101
01010100
01010100
01010100
01010100
01010100
01010100
01010100
00001010
01010100
01010100
01010100
01010100
00001010
01010100
01010100
01010100
01010100
01010100
01010100
01010100
01010100
01010100
01010100
01010100
01010100
01010100
01010100
01010100
01010100
11010100
01010100
01010100
00001010
01010100
