../msdir/ms 86 1 -s 17 
556060090

//
segsites: 17
positions: 0.0089 0.0188 0.0506 0.0635 0.0823 0.2453 0.2494 0.3365 0.4268 0.4784 0.6322 0.7078 0.7369 0.8031 0.8900 0.9061 0.9144 
00000000001001100
00000110110100010
01000110000100000
00001000001011100
00101000001011100
00000110110100010
00010001001001100
00000110110100010
00001000001011100
00001000001011100
00000110110100010
00000110110100010
00001000001011100
00101000001011100
00001000001011100
00000110000100000
00000110000100000
00000110110100010
00001000001011100
00000110000100000
00010001001001100
00001000001011100
00000110000100000
00000110110100010
00000110000100000
00001000001011100
00001000001011100
00001000001011100
01000110000100000
00000110110100010
00010001001001100
00001000001011100
00001000001011100
01000110000100000
00101000001011101
00001000001011100
00000110110100010
00001000001011100
00010001001001100
00001000001011100
00000110000100000
00001000001011100
00000110000100000
00101000001011100
00000110000100000
00000110000100000
00000110110100010
00010001001001100
00001000001011100
00001000001011100
00000110000100000
00010001001001100
00001000001011100
00010001001001100
10000110110100010
00000110110100010
00000110000100000
00001000001011100
00101000001011100
00001000001011100
00000110000100000
00000110000100000
00001000001011100
01000110000100000
00101000001011100
00010001001001100
00101000001011100
00101000001011100
00101000001011100
00000000001001100
00010001001001100
00101000001011100
00001000001011100
00001000001011100
00000110000100000
00001000001011100
00000110000100000
00010001001001100
00000110110100010
00000110110100010
00101000001011100
00001000001011100
00010001001001100
00001000001011100
00010001001001100
00001000001011100
