../msdir/ms 88 1 -s 11 
375122464

//
segsites: 11
positions: 0.0948 0.1603 0.3448 0.4314 0.4699 0.6465 0.8854 0.8948 0.9217 0.9321 0.9553 
00100000000
10100000001
00100000000
00010000010
10100000001
00100001100
00100001100
00100101100
00100001100
00100001100
10100000001
10100000001
00010000010
10100000001
00100000000
00100001100
00010000010
00010000010
00100000000
10100000000
00010000010
00010000010
00010000010
10100000001
00010000010
00010000010
00010000010
10100000001
00010000010
00100001100
10100000001
00010000010
10100000000
10100000000
00010000010
10100000001
10100000001
00010000010
10100000000
10100000001
10100000001
10100000001
10100000001
10100000001
00100000000
10100000000
10100000001
00010000010
00100001100
10100000000
10100000000
10100000000
00010000010
00010000010
00010000010
00100001100
00100001100
00100011100
00100001100
10100000001
00010000010
10100000000
10101000000
10100000001
00010000010
10100000000
00010000010
10100000001
00010000010
00100000000
10100000001
00010000010
10100000001
00010000010
00010000010
00010000010
00100011100
00010000010
00010000010
00010000010
00010000010
10100000001
01010000010
10100000001
00010000010
10100000001
00100001100
00010000010
