../msdir/ms 84 1 -s 5 
981412948

//
segsites: 5
positions: 0.1267 0.1749 0.2216 0.8108 0.9306 
00000
00000
11000
00000
00000
00000
00000
00000
00000
00000
01000
01000
00000
11001
00000
11001
00000
00000
00100
11001
11001
11000
00000
01000
11001
00000
11000
00000
00000
00000
00000
00000
11000
00000
00000
11001
01000
11000
01000
01000
11001
00000
00000
00000
00000
00000
11000
11001
00000
00000
00000
01000
00000
11000
11001
11001
00000
01000
11000
01000
11001
01000
00000
00000
11000
01000
01000
01000
11000
00000
01000
11001
11000
00000
01000
00000
01000
11001
01010
11001
00000
11000
00000
00000
