../msdir/ms 84 1 -s 7 
1966991529

//
segsites: 7
positions: 0.0176 0.4407 0.5968 0.6084 0.7950 0.8962 0.9129 
0000001
0000010
0000010
0000000
0000000
0000001
0000001
0000001
0000001
0000000
0000000
0000001
0000000
0000001
0000000
0000000
0000001
0000000
0000000
0000001
0000100
0000001
0000001
0000000
0000000
0000000
0000010
0000001
1000100
1000100
0000001
0000001
0000001
0000100
0000001
0000001
0000001
0000001
0000000
0000000
0100000
0000001
0000001
0000100
0000000
0000000
0010000
0000000
0000001
0000000
0000001
0000001
0010000
0100000
0000000
0000001
0000001
0000000
0000001
0000000
0000001
0000001
0000000
0000001
0000000
0000001
0000001
0000000
0000001
1000100
0000000
0000000
0000000
0001000
0000001
0000001
0000001
0000000
0000001
0000000
0000001
0000001
0000000
0000000
