../msdir/ms 80 1 -s 15 
821871873

//
segsites: 15
positions: 0.0682 0.0799 0.1009 0.1218 0.1552 0.3129 0.4580 0.6049 0.8214 0.8238 0.8761 0.8944 0.9072 0.9186 0.9198 
001000010000010
000000000000100
000000001000100
000000001000100
001000010000010
000100100100001
000000000000100
000000001000100
000000001000100
000100100100001
000100100100001
101000010000010
000001100100001
101000010000010
000000000000100
001000010010010
001000010000010
000100100100001
000000000000100
000000000000100
101000010000010
101000010000010
001000010000010
000000000000100
000000000000100
000000000000100
101000010000010
101000010000010
001000010000010
101000010000010
001000010000010
010010100100001
000000000000100
001000010000010
010010100100001
001000010000010
101000010000010
000000000000100
000100100100001
000100100100001
000000000000100
001000010000010
000100100100001
001000010000010
101000010000010
001000010000010
001000010000010
010010100100001
000000000000100
000000000000100
101000010000010
001000010000010
101000010000010
101000010000010
101000010000010
101000010000010
101000010000010
000000001000100
000000001000100
001000010000010
101000010000010
001000010010010
000000000000100
000000000000100
101000010001010
101000010000010
101000010000010
001000010000010
101000010000010
000000001000100
000100100100001
000000001000100
101000010000010
101000010000010
001000010000010
000000000000100
101000010000010
101000010000010
000001100100001
001000010000010
