../msdir/ms 86 1 -s 19 
689650779

//
segsites: 19
positions: 0.0701 0.1116 0.1816 0.2001 0.3470 0.3771 0.3794 0.3883 0.4061 0.4905 0.5213 0.5753 0.5756 0.5929 0.6376 0.7074 0.9219 0.9311 0.9402 
1100011010001100100
0011100001000010010
0001100000000010000
0001100000000010000
1000011010001100100
0001100100000000000
0011100000000010010
0011100000000010010
0001100100000000000
1000011000000100000
0001100000010010000
0001100000100000000
0001100000000010000
0001100100000000000
0001100000000010000
1000011000000100000
0001100000000010000
0001100100000000000
1000011000000100000
0011100000000010010
0001100100000000000
0001100100000000000
0001100000000010000
0001100100000000000
0001100100000000000
0001100100000000000
0001100000000010000
0001100000000010000
0001100000100000000
0011100001000010011
0001100000100000000
0001100000000010000
1000011010001100100
0011100001000010010
1000011000000100000
1000011000000100000
0001100000000010000
0001100000000010000
0001100000000010000
0001100000000010000
0011100000000010010
1000011010001100100
0001100100000000000
1000011000000100000
1000011000000100000
0001100000000011000
0001100000000010000
0001100000000010000
1000011000000100000
1000011010001100100
0011100000000010010
0001100000000010000
1000011000000100000
0001100000000010000
0011100000000010010
0001100000000010000
0001100000000010000
1000011000000100000
1000011000000100000
0001100000000010000
0001100000000010000
0001100000000010000
0001100000000010000
0001100100000000000
0011100000000010010
0001100000000010000
0001100100000000000
0001100100000000000
0001100000000010000
0001100100000000000
0001100100000000000
0001100000000010000
0001100000000010000
0001100000100000000
0001100000000010000
0011100000000010010
0001100100000000000
0001100000000010000
0001100000000010000
0001100100000000000
0001100000010010000
0011100000000010010
1000011000000100000
1000011000000100000
0001100100000000000
0011100000000010010
