../msdir/ms 86 1 -s 11 
318768474

//
segsites: 11
positions: 0.0813 0.1174 0.2921 0.3901 0.4068 0.4511 0.6173 0.6415 0.6982 0.8599 0.9920 
00000000000
10000001001
10000001001
00000000000
01001000100
00000000100
01001000100
00000000100
00000000000
00000000000
00000000000
00010000000
00000000100
00000101011
00000000000
00000000000
00100000000
00000000000
00000000100
00000000000
00000000000
00000000000
00000000000
00000000000
10000001001
00100000000
10000001001
00000000000
01001000100
00000000000
00000010000
10000001001
00000000000
00000000000
00000000000
00010000000
00000000000
00000010000
00000000000
01001000100
10000001001
10000001001
10000001001
01001000100
00000000000
01001000100
00000000100
01001000100
00000000000
00000000100
10000001001
00000000100
01001000100
00000000000
01001000100
00000101011
00000000000
01001000100
00000000000
00000000100
00000000000
00100000000
10000001001
01001000100
00100000000
00000000000
00000010000
10000001001
01001000100
10000001001
00000000000
01001000100
10000001001
00000000000
01001000100
10000001001
00000101011
00000000000
00000101011
01001000100
00000000100
00000000000
01001000100
10000001001
00000010000
01001000100
