../msdir/ms 88 1 -s 7 
855337569

//
segsites: 7
positions: 0.0388 0.1357 0.1684 0.4647 0.4775 0.5421 0.9838 
0000000
0000000
1000000
0000000
0000001
1000010
1000000
0000001
0000000
1000000
1000000
0000001
1000000
1000000
0000001
1000000
1000000
0000000
0000000
0000100
1000010
0000000
1000010
0000001
1000000
1000010
0000000
0000000
1000000
0010000
1000000
1000000
0000001
1000010
1000010
0000001
1000010
0000000
0000000
1000010
1000000
0000000
0000000
0000000
0000001
1000000
1000010
1000010
1000010
0000001
0001000
1000010
1000010
1000000
0000100
0000001
1000000
0000000
0000000
1000000
1000000
1000010
0000001
0000001
0000000
1000010
0000000
0000001
1100000
0000000
0000000
0000001
0000000
0001000
1000010
0000001
0000000
1000010
1000010
0000001
0000000
0000000
1000010
1000000
0000000
0000001
0000000
1000000
