../msdir/ms 80 1 -s 7 
1322715112

//
segsites: 7
positions: 0.2920 0.4608 0.5087 0.8785 0.9229 0.9439 0.9894 
0000100
0011010
1000000
0000000
0000100
0000000
0000100
0000000
0000100
0001000
0000100
0000100
1000000
0000000
0000000
0100000
0011010
0011010
0000000
1000000
0100000
0001000
0000100
0001000
0000100
0011010
0001000
0001000
1000000
0000000
0000000
0000101
0000100
0000000
0000000
0000000
0001010
0001000
0100000
0011010
0000100
0000100
0001000
0001000
0000000
0000000
0001000
0100000
0000000
0001000
0000000
0001000
0000100
0000000
0011010
1000000
0000100
0000000
0001000
0001000
0000000
1000000
0000000
0100000
0000000
0000000
0000000
0000000
0000000
0000100
0000000
0000100
0100000
0000000
0000000
0000000
0100000
0000100
0000000
0001000
