../msdir/ms 86 1 -s 20 
1097388359

//
segsites: 20
positions: 0.0093 0.0414 0.0489 0.0497 0.1237 0.1968 0.2188 0.2397 0.2741 0.3739 0.3807 0.4335 0.5987 0.6123 0.6815 0.7336 0.7423 0.9473 0.9555 0.9821 
00010000000000000101
00001010011000101000
00010000000000000101
00001010011000101000
10000100000000000101
00001010011000101000
10000100000000000101
00101010011000101000
00001010011000101000
00001010011000101000
00010000000000000101
10000100000000000101
10000100000000000101
00101010011000101000
00010000000000000101
00101010011000101000
00001010011000101000
10000100000000000101
10000100000000000101
00001010011000101000
00001010011000101000
00001010011100100000
00101010011000101000
00101010011000101000
10000100000000000101
10000100000000000101
00001010011100100000
00001010011000101000
10000100000000000101
00001010011000101000
00001010011000101000
10000100000000000111
10000100000000000101
00010000000000000101
10000100000000000101
00001010011000101000
10000100000000000101
00001010011000101000
10000100000000000101
10000100000000000101
00101010011000101000
10000100000000000111
00101010011000101000
00101010011000101000
00001011111100100000
00001010011000101000
00001010011000101000
00101010011000101000
00001010011100100000
10000100000000000111
10000100000010000101
10000100000000000101
10000100000000000101
10000100000001010101
10000100000000000101
00001010011000101000
00101010011000101000
10000100000000000101
10000100000000000111
00101010011000101000
00001010011000101000
00001010011000101000
10000100000000000101
11000100000000000101
00001010011000101000
00001010011000101000
00001010011000101000
00001010011000101000
10000100000000000101
10000100000000000101
00001010011000101000
00001010011000101000
00001010011000101000
00101010011000101000
00001010011100100000
00001010011000101000
00001010011100100000
10000100000000000101
00010000000000000101
00001010011000101000
10000100000000000101
00001010011000101000
10000100000000000101
10000100000000000101
00001010011000101000
00001010011000101000
