../msdir/ms 86 1 -s 18 
222098542

//
segsites: 18
positions: 0.0583 0.0635 0.0814 0.2044 0.3001 0.3634 0.4002 0.4173 0.4284 0.4284 0.5099 0.5203 0.6653 0.6808 0.7242 0.7794 0.7806 0.8885 
001100001000000000
000110001000000110
000110001000000100
000110001000000100
000110001000000100
000110001000000100
000110001000000100
000110001000000100
000110001000000100
000100001000000000
000110001000000100
000110001000000100
000101001100011100
000101001100011100
000000110000100001
011100001001000000
000110001000000100
000100001000000000
000110001000000100
000000110000000001
000110001000000100
000110001000000100
001100001000000000
000100001000000000
000110001000000100
000100001000000000
000110001000000100
000110001000000100
000110001000000100
000110001000000100
000110001000000100
001100001001000000
000000110000000001
000110001000000100
000110001000000100
000000110000000001
000110001000000100
000110001000000100
000110001010000100
000110001000000100
000110001010000100
000100001000000000
000110001000000100
000000110000000001
000110001000000100
000110001000000100
000110001000000100
000000110000000001
000110001000000100
000110001000000100
000110001000000100
000000110000100001
000100001000000000
000110001000000100
000101001100011100
000110001000000100
000110001000000100
001100001001000000
000000110000000001
000110001000000100
000000110000100001
100110001000000100
000110001000000100
000000110000000001
000110001000000100
000101001100011100
000110001000000100
000110001000000100
000100001000000000
000110001000000100
000110001000000100
000000110000100001
000110001000000100
001100001000000000
000100001000000000
000101001100011100
000110001000000100
000110001000000100
000110001000000100
000110001000000100
000100001000000000
000110001000000100
000110001000000100
001100001001000000
000110001000000100
011100001001000000
