../msdir/ms 88 1 -s 19 
711232534

//
segsites: 19
positions: 0.0038 0.0148 0.0817 0.1241 0.2097 0.3005 0.3655 0.4395 0.4517 0.4554 0.4850 0.4892 0.6617 0.6672 0.6691 0.8720 0.9313 0.9628 0.9831 
1010110110000011000
0010110110000011000
0001001001010000101
0001001001010000101
1010110110000111000
0001001001010000101
1010110110000011000
0001001001010000101
0010110110100011000
0001001001010000101
0001001001010000101
0001001001010000101
0001001001010000101
0001001001010000101
0001001001010000101
1010110110000011000
1010110110000011000
0001001001010000101
0010110110000011000
0010110110100011000
0001001001011000101
0001001001010000101
0001001001010000101
0001001001010000101
1010110110000011000
0001001001010000101
0001001001010000101
0000001000000000100
1010110110000011000
0010110110000011010
1010110110000011000
0010110110000011010
0101001001010000101
1010110110000011000
0001001001010000101
0010110110000011000
0001001001010000101
0001001001010000101
0001001001010000101
0001001001010000101
0001001001010000101
0010110110000011000
0001001001010000101
0010110110000011010
0001001001010000101
1010110110000011000
0010110110000011000
0001001001010000101
1010110110000011000
0010110110100011000
1010110110000011000
0010110110000011000
0010110110000011000
0001001001010000101
0001001001010000101
0001001001010000101
1010110110000011000
0001001001010000101
0001001001010000101
0001001001010000101
0001001001010000101
0000001000000000100
1010110110000011000
1010110110000011000
0001001001010000101
0001001001010000101
0010110110100011000
0000001000000000100
1010110110000011000
1010110110000011000
0001001001010000101
0001001001010000101
0010110110000011000
0001001001010000101
0000001000000000100
0010110110000011000
0001001001010000101
0001001001010000101
0001001001010000101
0001001001010000101
1010110110000111000
0001001001010000101
1010110110000011000
0001001001010000101
1010110110000111000
0001001001010000101
0001001001010000101
0001001001010000101
