../msdir/ms 80 1 -s 6 
57058334

//
segsites: 6
positions: 0.1054 0.1108 0.1121 0.1998 0.8300 0.9689 
001001
000010
001001
000010
000101
000010
001001
000010
001001
001001
000010
001001
000101
001001
001001
001001
000010
001001
001001
001001
001001
001001
001001
001001
001001
001001
001001
001001
101001
001001
001001
000010
001001
001001
001001
001001
001001
001001
001001
001001
001001
001001
001001
001001
001001
000010
000001
001001
001001
000010
000010
011001
000101
000010
011001
000010
011001
000010
000010
000010
000010
000010
001001
001001
001001
001001
001001
000010
001001
000010
000010
000010
001001
001001
001001
001001
000010
001001
001001
001001
