../msdir/ms 84 1 -s 12 
1951199061

//
segsites: 12
positions: 0.1047 0.1417 0.3013 0.3400 0.3473 0.3535 0.6958 0.7592 0.8481 0.8505 0.9013 0.9688 
000000000000
000000000000
010000001010
000011000000
000000000000
000000000000
101100100000
000000000000
101100100000
000000000000
000000000000
000000000000
000000000000
000000000000
101100100000
000000000000
101100100000
101100100000
010000000000
000000000000
010000001010
000000000000
000010000000
101100100000
000000000000
101100100000
101100100000
000000000000
010000001010
101100100000
101100100000
101100100000
000000000000
101100100000
000000000000
010000000000
000000000000
000011000000
000000000000
000000000000
000000000000
010000000101
101100100000
000000000000
010000000000
000000000000
101100100000
000000000000
010000011010
000000000000
000000000000
101100100000
000000000000
000000000000
101100100000
000000000000
000000000000
000000000000
101100100000
000000000000
101100100000
101100100000
101100100000
101100100000
000011000000
010000000000
000000000000
000000000000
101100100000
000000000000
010000001010
010000001010
000000000000
010000001010
000000000000
000000000000
000000000000
000000000000
101100100000
000000000000
010000001010
000000000000
000000000000
010000000000
