../msdir/ms 84 1 -s 19 
1668723538

//
segsites: 19
positions: 0.0468 0.0543 0.0715 0.0798 0.1138 0.2167 0.3445 0.5484 0.6407 0.6482 0.6725 0.6888 0.6929 0.7040 0.7070 0.7619 0.8148 0.9281 0.9681 
0000101000000000000
0000101000000000000
0000101000000000000
0000101000000000000
0000111000000000000
0101000010011010000
0100000010011010000
0000000010011011101
0000000010011010000
0000101000000000000
0000101000000000000
0000101000000000000
0000000010011010010
0000000010011011101
0000101000000000000
0000101000000000000
0000101000000000000
0000101100000000000
0010111000000000000
1000101000000000000
0100000010011010000
0100000010011010000
0000101000000000000
0000101000000000000
0000111000000000000
0101000010011010000
0000000010011110000
1000101000000000000
0000000010011011101
0000000010011010000
0000101000000000000
1000101000000000000
0000101000000000000
0000111000000000000
0101000010011010000
0000101000000000000
0000000011111010000
0000101000000000000
0000101000000000000
1000101000000000000
1000101000000000000
0100000010011010000
0000101000000000000
0000101000000000000
0000101000000000000
1000101000000000000
0000000010011011101
0000101000000000000
0100000010011010000
0000101100000000000
0000000010011011101
0000000010011010000
0000101000000000000
0000000011111010000
0101000010011010000
1000101000000000000
0000101000000000000
0000000010011010010
1000101000000000000
0000000010011011101
0000000010011010000
0000101000000000000
0000101000000000000
1000101000000000000
0100000010011010000
0100000010011010000
0000101000000000000
0000000010011011101
0000111000000000000
0000101000000000000
0100000010011010000
0000000010011110000
0000101000000000000
0000101000000000000
0100000010011010000
0101000010011010000
0100000010011010000
0100000010011010000
0100000010011010000
0000101000000000000
0000101000000000000
0100000010011010000
0100000010011010000
0000000010011011101
