../msdir/ms 80 1 -s 18 
435252883

//
segsites: 18
positions: 0.0374 0.1233 0.1685 0.1872 0.2062 0.3142 0.3188 0.4434 0.4687 0.4749 0.6376 0.6451 0.6537 0.7325 0.7588 0.9525 0.9765 0.9932 
001001110010100000
000000100000010000
000100001001000011
000000100000010000
000010110010100000
000100001001000011
000000110010100000
000000100000010100
000010110010100000
000000110010101000
010000110010100000
000000100000010000
000000100000010000
000000100000010000
000010110010100000
000000100000010000
000000100000010000
000000100000010000
000000100000010000
000000110010100000
000000100000010000
000000100000010000
000000110010101000
000000110010101000
000000100000010000
000100001000000011
000000110110100000
000100001001000011
001001110010100000
100000110010100000
010000110010100000
000000100000010000
000000100000010000
010000110010100000
000000100000010100
000000100000010000
000000100000010000
000000100000010000
000000100000010000
000000100000010000
000000100000010000
000000100000010000
000000100000010000
000000100000010000
000001110010100000
000000110110100000
000000110110100000
000000110010100000
000000100000010100
000000110010100000
001001110010100000
000000100000010000
001001110010100000
000000100000010000
000000100000010000
001001110010100000
000000100000010000
000000100000010000
000000100000010000
000000100000010000
000000100000010000
000000110110100000
010000110010100000
000000100000010000
000000100000010000
000000100000010000
000000100000010000
000000100000010100
000000100000010100
000000110010100000
000000100000010100
000000100000010000
000000100000010000
000000100000010000
001001110010100000
000000100000010100
000000100000010000
000000110010100000
001001110010100000
000000100000010100
