../msdir/ms 86 1 -s 5 
1627694266

//
segsites: 5
positions: 0.3520 0.4761 0.5618 0.8665 0.9343 
01111
00001
00111
00001
00111
00001
00111
00111
01111
01111
00001
00000
00001
01111
01111
00111
00111
00111
00111
00001
00111
00111
01111
00000
00111
00000
00000
01111
00001
00111
01111
00111
00000
00111
00111
00111
00001
00000
00111
00111
01111
01111
00001
00111
00000
00111
00000
00111
00111
00111
01111
00001
00111
00000
01111
00111
00111
00111
00001
01111
10000
00000
00111
10000
00000
00000
00001
00001
00111
00001
01111
00001
00111
00111
00111
01111
01111
00111
01111
01111
00111
00111
00111
10000
01111
00111
