../msdir/ms 82 1 -s 11 
1014030727

//
segsites: 11
positions: 0.0266 0.0479 0.1619 0.3176 0.3318 0.4607 0.6222 0.7428 0.8086 0.8931 0.9228 
00110010100
11000000000
00110010100
00110010100
00110010100
00110010100
01000100000
11000000000
00110010100
00110010100
00110010100
11000000000
00110010100
00110010100
00110010100
00111010100
00110010100
00110010101
11000000000
01000100000
00110010100
00110010111
11000000000
00110010100
00110010101
00110010100
00111010100
01000101000
00110010100
00110010100
00110010100
00110010100
00110010100
00110010100
00110010101
00110010100
00110010100
11000000000
00110010100
11000000000
00110010100
00110010101
00110010100
00110010100
00110010100
01000101000
00110010100
00110010100
00110010100
00110010100
00110010100
00110010100
00110010101
00110010100
00110010100
01000100000
00110010100
00110010100
00110010100
00110010100
00110010100
11000000000
00110010100
01000100000
00110010100
11000000000
01000101000
11000000000
00110010100
00110010101
00110010100
00110010100
01000100000
00110010100
00110010100
00110010100
00111010100
01000100000
11000000000
00110010100
00110010100
00110010100
