../msdir/ms 98 1 -s 13 
1249815074

//
segsites: 13
positions: 0.0022 0.0403 0.1118 0.2169 0.3256 0.4450 0.4770 0.4811 0.6303 0.8423 0.8607 0.9289 0.9674 
0110010000110
0110010000100
0000100111000
0110011000100
0110010000110
0000100111000
0110010000100
0000100111000
0000100110001
0000100111000
0000100110000
0111010000100
0110010000100
0110010000110
0110010000100
0111010000100
0000100111000
0110010000100
0000100111000
0110010000110
0111010000100
0110010000100
0000100111000
0110010000100
0000100111000
0000100111000
0110010000100
0110011000100
0110011000100
0000100111000
0000100111000
0110010000110
0000100111000
0110010000100
0110010000110
0000100111000
0000100111000
0110010000100
0110010000100
0111010000100
0000100111000
0000100110000
0110011000100
0111010000100
0110011000100
0000100111000
0110010000100
0000100111000
0000100110001
0000100110001
0000100110000
0110010000100
0000100111000
0110010000110
0111010000100
0110010000100
0110010000100
0000100111000
0000100111000
0000100111000
0111010000100
0000100111000
0000100110000
0110010000110
0000100111000
0110010000100
0000100110000
0110010000110
0110010000100
0110010000100
1000100110000
0000100111000
0000100110000
0110010000110
0000100111000
0110010000100
0000100111000
0110010000110
0000100111000
0000100111000
0000100111000
0110010000100
0110010000100
0000100111000
0110010000100
0000100111000
0111010000100
0000100110000
0110010000100
0110011000100
0110010000100
0111010000100
0110010000100
0110010000100
0111010000100
0110010000100
0110011000100
0000100111000
