../msdir/ms 96 1 -s 13 
1773445569

//
segsites: 13
positions: 0.0055 0.0829 0.1092 0.1711 0.3611 0.3695 0.4588 0.6825 0.7297 0.8795 0.8890 0.9116 0.9869 
0000110000001
0000110000011
0000110000001
0000110000001
0000011000001
0000110000001
0000010000001
0000110000011
0000010000001
0000110000001
0000110000001
0000110000001
0000110000011
0000110000001
0000110000101
0000110000001
0000010000001
0000110000001
0000110000001
0011000000000
0000110000001
0000110000001
0000110000101
0000010000001
0000110000011
0000010000001
0000110000001
0000110000011
0000110000001
0000110000001
0000110000001
0000110000001
0000011000001
0000110000001
0000011000001
0000010000001
0000110000001
0000110000001
0000110000101
0000110000001
0000110000001
0000110000011
0000010000001
0000010000001
0011000000000
0000010000001
0000110000001
0000110000001
0000110000001
0000110000101
0000010100001
0000110000001
0000010000001
0000110000001
0000010000001
0000110000011
0100110000001
0000011000001
0000110000001
0000110000001
0000110000001
0000110000001
0000110000001
0000110000001
0000110000001
0000110000001
0000110000001
0000010000001
0000110000001
0000110000011
0000110000001
0000110000001
0000110000001
0000011000001
0000110000001
0000110000001
0000110001001
0000110000011
0000010000001
0000010000001
0000110000011
0000110000011
0011000000000
0000110000001
0000010000001
0000110000001
0000110000001
0000110000001
0000110000001
0000110000001
0000010000001
0000110000011
0000010000001
0011000000000
0000110000001
1000110010001
