../msdir/ms 92 1 -s 9 
1595211827

//
segsites: 9
positions: 0.0351 0.4067 0.4375 0.4694 0.5276 0.5334 0.8632 0.9347 0.9958 
001110000
010001001
001110000
001110000
010001001
001110000
010001001
001110000
001110000
010001001
001110000
010000000
001100000
110000000
001110000
001110000
001110000
010001001
001110000
010001001
010000000
010000000
010001001
010000000
010001001
010000000
010001001
010001001
010000000
010000000
010001001
010000000
010000000
010001001
001110000
001110000
010000000
010000000
010001001
010001011
010000000
010000000
010001001
001110000
010000000
010001001
010000000
010001001
010001001
010001001
010000000
001110000
010001001
010000000
010000000
001110000
010000000
010001001
010001001
010001101
001110000
010001001
010000000
001100000
001110000
010001001
010001001
010000000
010001001
010001001
010000000
001110000
010001001
010001001
010000000
010000000
010001001
010000000
010001001
010000000
010000000
010001001
010000000
001110000
010001001
010000000
010000000
001110000
010000000
001110000
001110000
001110000
