../msdir/ms 94 1 -s 11 
744491915

//
segsites: 11
positions: 0.0598 0.1508 0.3302 0.3362 0.3530 0.3833 0.3918 0.4390 0.6074 0.8637 0.9597 
00000000011
00000000011
00000010011
10011000100
00000000011
00100000011
00011000000
00011000000
10011000100
00000000011
00011000000
10011100100
00000000011
00000000011
00011000000
10011100100
00011000000
00011000000
00000010011
00011000000
00000000011
00011000000
00000000011
00001000000
00011000000
10011000100
00000000011
00000010011
00000000011
00011000000
00011000000
00000000011
10011100100
00000000011
00000000011
00000010011
00000010011
00000000011
00000000011
10011001100
00000000011
00001000000
00000000011
00011000000
00011000000
00011000000
00000010011
00011000000
10011000100
00011000000
00000000011
00000000011
00100000011
00000010011
00011000000
00100000011
00001000000
00000000011
00011000000
00011000000
00011000000
01100000011
00011000000
00011000000
00011000000
00100000011
00000000011
00011000000
00001000000
00000000011
10011000100
00011000000
00000010011
00011000000
00000000011
00000010011
00011000000
00001000000
00000010011
00001000000
00011000000
00011000000
00011000000
00011000000
00000000011
00011000000
00001000000
00001000000
00011000000
00000000011
00001000000
00000010011
10011100100
00011000000
