../msdir/ms 94 1 -s 7 
188446216

//
segsites: 7
positions: 0.0662 0.0877 0.1161 0.4316 0.6419 0.7676 0.9778 
1100000
1100000
1100000
0010000
0010000
1100000
1100000
1100000
1100000
1100000
1000000
1100000
0011000
1100000
1100000
0010100
0010000
0010000
1000000
0010000
1100000
1100000
1000000
1100000
0010000
0010000
0010000
0010000
0010000
1100000
1100000
0010100
1100000
1100000
0010000
0010000
1100000
1100000
0010000
0010000
1100000
0010000
0010000
0010000
1100000
1000000
1100000
1100000
1100000
0010100
1100000
1100000
0010000
1100010
0010000
1100000
1100000
0010000
0010001
1100000
0011000
0010000
1100000
0010000
1000000
0011000
1100000
0010000
1100000
0010000
1100000
0010000
1000000
1100000
1100000
1100010
1100000
1100000
0010000
1100000
1100000
0010000
1000000
1100000
0010000
1100000
1100000
0010000
0010000
0010000
1100000
0010100
0010000
1100000
