../msdir/ms 90 1 -s 4 
447637490

//
segsites: 4
positions: 0.0214 0.3779 0.4647 0.9637 
0000
0000
0000
0000
0010
0000
0000
0010
0000
0000
0000
0000
0100
0000
0000
0000
0100
0000
0100
0000
1000
0000
0000
0000
0000
0000
0000
0000
0000
0000
0000
0000
0010
0000
0000
0000
0100
0000
0000
0000
0100
0001
0000
0000
0000
0000
0000
0000
1000
0000
0000
0000
0000
0000
0000
0000
1000
0000
0000
0000
0100
0000
0000
0000
0000
0000
0000
0000
0000
0000
0000
0000
0000
0100
0000
0000
0000
0000
0000
0000
0000
0000
0000
0000
0000
0100
0000
0000
0000
1000
