../msdir/ms 90 1 -s 9 
824684549

//
segsites: 9
positions: 0.1635 0.3660 0.3972 0.4164 0.5828 0.6848 0.8689 0.8869 0.9814 
010100100
000100100
000100100
000100100
000100100
001100100
000001010
000100100
000100100
000001010
000100100
000100100
000001010
000001010
000100100
000110100
000100100
000100100
000100100
000100100
001100100
000001010
001100100
010100100
000100100
001100100
000001010
000100100
000100100
010100100
001100100
000100100
000001010
000001010
001100100
000100100
001100100
000100100
000100100
000100100
000001010
001100100
001100100
000001010
000001010
010100100
000100100
001100100
001100100
001100100
000001010
000001010
000100100
010100100
000001010
000100100
000001010
001100100
000100100
000100100
000100100
000100100
000001010
000001010
001100100
000100100
010100100
000001010
001100100
000001010
001100100
010100100
000001010
000001010
010100100
000100100
000001010
001100100
000100100
000100101
000001010
000100100
100100100
000100100
000001010
000100100
000100100
001100100
000100100
000001010
