../msdir/ms 98 1 -s 7 
1202561930

//
segsites: 7
positions: 0.1633 0.2985 0.3615 0.4317 0.4317 0.4547 0.4708 
0001000
0001000
0001000
0001000
0001000
0001001
0001000
0001000
1010100
0001000
0001000
0001000
0001000
0001000
1010100
0101010
0001000
1010100
0001000
0001001
0001000
0001000
1010100
0001000
1010100
0001000
1010100
0001000
0001010
0001000
1010100
0001010
0001000
1010100
0001000
0001000
0001000
0001000
0001010
0001000
0001000
0001010
0001000
0001000
1010100
0001000
0001000
0001000
0001000
0001000
0001000
0001000
0001000
0001000
0001000
1010100
0001000
1010100
1010100
1010100
0001010
0001010
1010100
0001000
0001000
0001000
0001000
0001000
0001000
0001000
0001000
0001000
1010100
0001000
0001000
1010100
0001000
0001000
0001000
1010100
0001000
0001000
1010100
1010100
1010100
1010100
0001000
0001000
0001010
0001000
0001000
0001000
1010100
0001000
0001000
0001000
0001000
0001000
