../msdir/ms 90 1 -s 17 
643798366

//
segsites: 17
positions: 0.0926 0.1168 0.1472 0.1842 0.2365 0.2964 0.3554 0.3667 0.4192 0.5844 0.6257 0.6265 0.7621 0.8035 0.8817 0.8965 0.9422 
01000100000011000
00011001000100101
00011001000100101
01000100000011000
00011001000100101
00011001000100101
10010001000100101
00000010000000001
00000010000000001
01000100000011000
10010001000100101
10010001000100101
10010001000100101
00000010000000001
10010001000100101
01000100000011000
00011001000100101
00000010100000001
00011001001100101
00000010000000001
10010001000100101
00000010000000001
01000100000011000
01000100000011010
01000100000011000
00011001000100101
01000100000011000
00000010000000001
00000010000000001
10010001000100101
01000100010011000
01000100000011010
01000100000011000
00000010000000001
00011001000100101
01000100000011000
00011001000100101
00011001000100101
00011001000100101
01000100000011000
01000100000011000
00011001000100101
01000100000011000
00011001000100101
01000100000011000
00100001000000101
00011001000100101
00000010000000001
00011001000100101
00000010000000001
01000100000011000
00000010000000001
01000100000011000
01000100010011000
01000100010011000
00011001000100101
01000100000011000
01000100000011010
00100001000000101
01000100000011000
00000010000000001
01000100000011000
00011001000100101
00000010000000001
01000100000011000
00011001000100101
01000100000011000
01000100000011000
01000100000011000
10010001000100101
01000100000011010
10010001000100101
10010001000100101
01000100010011000
00011001000100101
00011001000100101
00011001000100101
00011001000100101
01000100000011000
00000010000000001
00000010000000001
01000100000011010
01000100000011000
00011001000100101
01000100000011000
01000100000011000
00000010000000001
00000010000000001
01000100000011010
00010001000100101
