../msdir/ms 98 1 -s 11 
374876592

//
segsites: 11
positions: 0.1256 0.1484 0.4750 0.4899 0.5454 0.5460 0.6192 0.8089 0.8172 0.8835 0.9940 
10011100010
10011100010
10011100010
10011100010
10011100010
00000000000
00000000000
10011100010
00000000000
10011100010
10011100010
00000000000
10011100010
11011100011
00000000000
11011100011
10011100010
11011100011
10011100010
10011100010
10011100010
11011100011
11011100011
10011100010
11011100011
10011100010
00000010000
10011100010
10011100010
10011100010
00000000000
10011100010
00000000000
10011100010
11011100011
00000000000
00000000000
10011100010
00000000000
00000000000
00000000000
10111100010
10011100010
10011100010
10011100110
00000000000
10011100010
10011100010
10011100010
10011100010
11011100011
10011100010
00000010000
00000000000
10011100010
10011100010
10011100010
11011100011
10011100010
10011100010
10011100010
11011100011
00000000000
10011100010
10011100110
00000000000
00000000000
10011100010
10011100010
10011101010
00000000000
10011100010
10011100010
10011100010
10011100010
00000000000
00000000000
00000000000
10011100010
10011100010
00000010000
00000000000
00000000000
00000010000
00000000000
00000000000
00000000000
11011100011
10011100010
00000000000
00000000000
10011100010
11011100011
00000000000
10011100110
10011100110
10011100010
10011100010
