../msdir/ms 98 1 -s 12 
1590328599

//
segsites: 12
positions: 0.0964 0.1272 0.1789 0.2541 0.3361 0.4193 0.6510 0.6582 0.7175 0.7372 0.8515 0.9898 
000000001000
001001000001
010000101000
000000001000
000000000001
010000001000
010000101000
100000010001
010000001000
010000001000
000000001000
010000001000
100000010001
010000101000
010000001000
010000001000
010000001000
000000000001
010000001000
010100001000
000000001000
010000001000
010000001000
010000001000
000000001000
000000001000
000000001000
010100001000
010000001000
100000010001
100000010001
010000001000
010000001000
000000001000
000000001000
010000001000
000000001000
010000001000
010000001000
100000010001
010000001000
010100001000
010000101000
010000001000
010000001000
010000101000
010000001000
100000010001
100000010001
000000001000
000000000001
010000001000
000000001000
000000000001
000000001000
000000001000
000000001000
010100001000
010000001000
100000010001
010000001000
010000001000
010000101000
000000000001
010000101000
010000101000
010000001000
010000001000
010000101000
100000010001
000000001000
000000001000
000010000111
100000010001
010000001000
000000001000
000000001000
000000001000
000000001000
000000000001
001001000001
010000001000
000000001000
010000001000
010100001000
010000001000
010000001000
000000000001
000000001000
010000001000
000000001000
100000010001
010000001000
001001000001
010000001000
010000001000
000000001000
010000001000
