../msdir/ms 92 1 -s 5 
960599937

//
segsites: 5
positions: 0.1149 0.1599 0.5118 0.6263 0.8236 
00000
00000
00100
00000
00000
00000
00000
00000
00000
00110
00000
00000
00000
00000
00000
00110
00000
00110
00000
00000
00000
00000
00110
00110
00000
00110
00110
00000
00110
00000
00100
00000
00000
00000
00000
00000
00000
00110
00100
00000
00000
00000
00110
00000
00000
00000
00000
00100
00110
00000
00110
00000
00110
00000
00000
00000
00000
00000
00110
00000
00000
00000
00110
00000
01001
00000
00110
00110
00110
00000
00000
00000
00110
00000
00000
00000
00000
00000
00000
00000
00110
00000
00000
00000
10000
00000
00000
00000
00100
00110
00100
00100
