../msdir/ms 92 1 -s 6 
1051321510

//
segsites: 6
positions: 0.0203 0.0446 0.3588 0.5307 0.6238 0.6379 
100100
000100
100100
000100
000100
000100
000100
100100
100100
000100
100100
000100
001001
000100
000100
000100
001000
000100
010100
001000
100100
000100
000100
000100
000100
000100
000100
000100
010100
001000
000100
000100
000100
000110
100100
000100
000100
000100
000100
000100
100100
000100
000100
000100
100100
100100
000100
000100
000100
010100
000100
000100
000100
000100
100100
000100
000100
001001
000100
000100
000100
000100
001000
000100
100100
000100
001000
000100
100100
000100
100100
100100
100100
000100
001000
000100
000100
000100
000100
000100
000100
000100
001000
001000
000100
000100
000100
000100
000100
000100
100100
100100
