../msdir/ms 90 1 -s 5 
176610788

//
segsites: 5
positions: 0.1658 0.2766 0.3398 0.7195 0.9367 
00000
10000
00000
00000
10000
00000
00000
00000
00000
00000
00000
00000
00010
00000
00010
00010
00000
00000
00000
00010
00000
00000
00010
00000
00010
00000
00010
00000
00000
00000
00000
00000
10000
00000
00000
00000
00110
00000
00000
00000
00000
00000
00000
00000
00000
00000
00000
00000
00010
00000
00000
00000
00000
00000
00000
00000
00000
00011
00000
00000
00000
00000
00000
00000
00000
00010
00000
00000
00000
00000
00000
00000
00000
00000
00000
00000
00000
00000
01000
00000
00000
00000
00000
00000
00000
00000
00000
00000
00000
00000
