../msdir/ms 98 1 -s 4 
1094765488

//
segsites: 4
positions: 0.1790 0.4769 0.7057 0.7266 
0000
1001
0000
0100
1001
1001
0000
0100
1001
0000
0000
0100
0100
0000
0000
0000
0000
1001
0000
0000
0010
0100
1001
0000
0100
0000
0100
0010
0000
0000
1001
0000
0100
0000
0000
0100
0010
0100
0000
0000
0000
0000
0100
0100
0000
1001
1001
0100
0100
0100
0000
0000
1001
0100
0000
0000
0000
0000
0100
0000
0000
0100
0100
1001
0000
0000
0100
0000
0000
0000
0000
0000
0000
0000
0000
0000
0000
0000
0100
1001
0000
0000
0100
0000
0000
0000
0100
0000
0000
0000
0000
0000
0100
1001
0000
0100
0000
0010
