../msdir/ms 90 1 -s 16 
1726973385

//
segsites: 16
positions: 0.0160 0.0386 0.0656 0.0883 0.2025 0.2067 0.2686 0.3354 0.3700 0.3790 0.4248 0.4424 0.4836 0.5440 0.7582 0.9172 
0000001000001000
0000001000001000
0001011000001000
0000001000001000
0010000000000110
0010000000000110
0000001000001000
0010000000000110
0000001000001000
0010000110100100
0010000100100100
0000001000001000
0010000000000110
0000001000001000
0000001000001000
0000001000001000
0000001000001000
0010000000000110
0010000000000110
0000001000001000
0000001000001000
0010100100000100
0010000000000110
0100001000001000
0010000000000110
0010000100100100
0010000000000110
0010000110100100
0010000000000110
0010000110100100
0000001000001000
0000001000001000
0010000000000110
0000001000001000
0010000000000110
0010000000000110
0000001000001000
0000001000001000
0010000110100100
0000001000001000
0010000000000110
0000001000001000
0000001000001000
0010000000000110
0010000000000110
0000001000001000
0010000100100100
0000001000001000
0010000000000110
1010000000000110
0000001000001000
0010000110100100
0000001000001001
0010000110100100
0000001000001000
0010000100100100
0010000100100100
0010000111100100
0000001000001000
0010000100100100
0000001000001000
0010000100110100
0000001000001000
0010000000000110
0010000000000110
0000001000001000
0010000000000110
0000001000001000
1010000000000110
0000001000001000
0000001000001000
0010000000000110
0010000000000110
0000001000001000
0010000100000100
0010000110100100
0010000000000110
0010000000000110
0010000110100100
0010000100100100
0010000100100100
0010000000000110
0010000110100100
0000001000001000
0000001000001000
0000001000001000
0010000100100100
0010000000000110
0000001000001000
0010000000000110
