../msdir/ms 96 1 -s 11 
383746835

//
segsites: 11
positions: 0.0668 0.0683 0.1521 0.2993 0.3182 0.4255 0.6735 0.7766 0.8014 0.8502 0.9575 
10000001100
00100010000
10000101100
10000001100
00100010000
10000001100
10000001100
10000001100
10000001100
00000001001
01010001001
10000101100
10000001100
10000001100
10000001100
10000001100
10000001100
00100010000
00100010000
10000001100
10000001100
10000001100
10000001100
10000001100
10000001100
10000001100
10001001100
10000001100
10001001100
00100010000
10000101100
10000001100
10000101100
00100010000
10000001100
10000001100
10000001100
00100010000
10000001100
10000001100
00100010000
10000001100
10000001100
10000001100
10000001100
00100010000
10000001100
10000001100
10000101100
10000001100
10000101100
10000001100
00100010000
10000101100
00100010000
10000001100
10000101100
10000001100
01010001001
10000001100
00000001001
10000001100
10000001100
10000101100
10000001100
10000001100
01010001001
10000001100
10000001100
00100010000
00100010000
10000001100
10000001100
10000001100
10000001100
10000001100
10000001100
10000001100
10000001100
10000001100
01010001001
10000001100
10000101100
00100010000
10000001110
00100010000
10000001110
10000001100
10000001100
10000001100
00000001001
10000001100
00100010000
10000001100
00100010000
00100010000
