../msdir/ms 94 1 -s 4 
757262192

//
segsites: 4
positions: 0.1925 0.5350 0.5645 0.9401 
0100
0010
0011
0000
0000
0010
0000
1000
0100
0000
0000
1000
1000
1000
0010
1000
1000
0010
0100
0100
1000
0000
0000
0000
0100
0010
1000
0100
0000
1000
1000
1000
0011
0000
0100
0000
0011
1000
0010
0010
0000
0010
1000
0000
1000
0100
1000
0100
0000
0000
0010
0010
0100
1000
0000
0010
0000
0000
0010
0100
1000
0000
1000
0010
0000
1000
0011
0000
0000
0010
1000
0100
1000
1000
0100
0010
0000
0000
1000
0000
0010
1000
0000
1000
0100
1000
0010
1000
0000
0000
0000
1000
1000
1000
