../msdir/ms 92 1 -s 14 
1713598022

//
segsites: 14
positions: 0.0243 0.0342 0.1731 0.2310 0.2706 0.3603 0.3683 0.4207 0.4326 0.4344 0.5579 0.5840 0.9271 0.9587 
00001110100000
01100000000111
01000000000111
00001110100000
00001110100000
01000000000111
00001110100000
00001110100000
00001110100000
01000000000111
00011110100000
00001110100000
01000000000111
00001110100000
01000001010000
00001110100000
01100000000111
00001110100000
00001110100000
01000000000111
01000001010000
00011110100000
01000000000111
01100000000111
01100000000111
00001110101000
01100000000111
01000001010000
01000000000101
00001110100000
00001110100000
01000001010000
01000000000111
01100000000111
00001110100000
01000000000111
00001110100000
00001110100000
00001110100000
00001110100000
00011110100000
01000000000101
00001110100000
01000000000111
01000000000111
01000000000111
01000000000111
01100000000111
01100000000111
01000000000111
00001110100000
01000000000111
00001110100000
01100000000111
01000001010000
01000001010000
00001110100000
01100000000111
00001110100000
00001110100000
01000000000111
00001110100000
01000000000111
00001110100000
01000000000101
00001110100000
01000001010000
00001110100000
00001110100000
01000001010000
00011110100000
00001110100000
01100000000111
01000001010000
01000000000111
00001110100000
11000000000111
00001110100000
00001110100000
00001110100000
00001110100000
00001110100000
01000000000111
00001110100000
00001110100000
00001110100000
01000000000111
01000000000111
01100000000111
01100000000111
00001110100000
01000000000111
