../msdir/ms 90 1 -s 15 
654312154

//
segsites: 15
positions: 0.0134 0.0286 0.1020 0.1516 0.2770 0.3026 0.3183 0.3458 0.4111 0.5213 0.5296 0.6732 0.6762 0.6788 0.8050 
011110000111001
010110100001100
010110100001000
011110000111001
100000000000000
010110100001100
011110000001000
010110100001100
010110100001100
100000000000000
010110100001100
011110000011000
011110000111001
010110100001100
100001000000000
011110000111001
100000000000000
100000000000000
010110100001000
100000000000000
011110001111001
010110100001000
011110000011000
100000000000000
100000000000000
100000000000000
011110000011000
100001000000000
010110100001000
100000000000000
011110000001000
010110100001100
100000000000000
011110001111001
100000000000000
010110100001100
011110000011000
011110000011000
011110000001000
010110100001100
010110100001000
010110100001000
100000000000000
100000000000000
100001000000000
100000000000000
011110000001000
010110100001000
100000000000000
010110100001100
100000000000000
011110000011000
010110100001000
011110000011000
100000000000000
010110100001000
010110100001000
011110000111001
010110100001110
010110100001100
010110100001100
011110000011000
011110000001000
010110100001100
011110000001000
011110000111001
100000000000000
011110000001000
011110000111001
010110100001000
100000000000000
100000000000000
100000000000000
010110100001100
011110000001000
011110000011000
100000000000000
011110000111001
100000010000000
010110100001100
100000000000000
010110100001100
010110100001100
011110000111001
100001000000000
011110000111001
010110100001000
010110100001000
010110100001000
010110100001100
