../msdir/ms 90 1 -s 11 
1400997097

//
segsites: 11
positions: 0.0913 0.1420 0.2404 0.2484 0.3082 0.3638 0.4656 0.6478 0.6644 0.9080 0.9306 
00010000000
00000000001
00000000001
00010000000
10000000001
00000000001
00010000100
00000000000
00010000000
00010000000
00010000000
00010000000
01100000000
00010000000
10000000001
10000000001
00010000000
00000000000
00000100001
00010000000
00010000000
00000000001
00000000001
00010000100
10000000001
00000000001
00000000001
00000000001
00000000001
00000100001
00010000000
00000000001
00000000000
00010000000
00010000000
00000000001
01100000000
00000000001
00010000000
00010000000
00000000000
00010001000
01100000000
00000000001
00010000000
00000000001
00000000001
01100000000
00010000000
00000000001
00000000001
00010001000
00010000000
00010000000
00010000000
00000000001
00000100001
00010000100
00000000000
00010000100
00000000001
00010000000
00000100001
00010000000
00010010000
00010000000
00010000000
00000000001
00000000001
00000000001
00010001000
00000000001
00011000100
00000000000
10000000001
00000000001
00000000001
00000000001
00010000000
00010000000
00000000001
00010000000
00000000001
00000000001
00000000001
00010000000
00010000000
00000000001
01100000000
01100000010
