../msdir/ms 90 1 -s 14 
1680786582

//
segsites: 14
positions: 0.1164 0.1607 0.5382 0.6166 0.6325 0.6435 0.6527 0.7502 0.7553 0.7628 0.7689 0.8949 0.9156 0.9939 
00000000000100
01100001000000
01000000000000
01100001000000
01000000000000
01100101000000
01000000000000
01010010000010
01100001000000
01011010010010
00000000000100
01011010010010
01100001000000
01010010000011
01010010000011
01100001000000
01100001000000
11010010001010
01011010010010
01010010001010
01100001000000
01100001000000
01000000000000
01010010000010
11010010001010
01100001000000
00000000000100
01100001000000
01100101000000
01000000000000
01010010000010
01010010000010
01000000000000
01011010010010
01000000000000
01100001000000
11010010001010
01010010000010
01010010001010
01011010010010
01100001000000
01010010000010
01100001000000
01010010000010
01100001000000
01011010010010
01010010000010
01100001000000
01100001000000
01010010001010
01000000000000
01100001000000
01000000000000
01100101000000
01000000000000
01100001000000
00000000000100
01100001000000
01010010000010
01011010010010
01100001000000
01100001000000
01000000000000
01010010000010
01100001000000
01000000000000
01000000000000
01100001000000
01000000000000
01100101000000
01000000000000
01010010000010
01011010010010
00000000100100
01010010000010
01100001000000
01100001000000
01100001000000
01100001000000
01000000000000
01011010010010
01011010010010
01000000000000
01100101000000
01010010000010
01000000000000
01000000000000
01100001000000
01100001000000
01100001000000
