../msdir/ms 98 1 -s 17 
2015224544

//
segsites: 17
positions: 0.0271 0.0779 0.0820 0.0971 0.1532 0.1819 0.2434 0.2929 0.3118 0.3866 0.4234 0.6076 0.6253 0.7082 0.7874 0.9831 0.9938 
00000010000000100
00000000000000000
00000000001001001
00000000000000100
00000000000000100
00000000000000100
00000000000000100
00000000001000001
00000000000000100
00000000010000100
00000010000000100
01001001000000000
00000010000000100
00000000000000100
00000000001000001
00000000001000001
00000000000000100
00000000010000100
00000000000110000
00000000000000100
00000000000000100
00000000000000100
00000000000000100
00000000000110000
00010000000000100
00000010000000100
00000000001001001
00000000001000001
00000000001001001
00000000000000100
00000000000000100
00000000000110000
00000000001000001
00100000000000100
00000000000000100
00000000000110000
00000000010000100
00000000000000100
00000010000000100
00000010000000100
00000000000000100
00000000101000001
00000000001000001
00000000010000100
00000010000000100
00000000001000001
00000000010000100
00000000000000100
00000000000000100
00000000101000001
00000000000000100
00000000000000100
00000100000000100
00000000000000100
00000000000000100
00000010000000100
00000000001000001
00000000010000100
00000000000110000
00000010000000100
00000000001001001
01001000000000000
00000000001000011
00000000010000100
00000100000000100
00000000001000001
00000000010000100
00000000000110000
00000000000000100
00000000001000001
00000000001000001
00000010000000100
00000010000000100
00000000000000100
00000010000000100
00000000000000100
00000000000000100
00000000000110000
00000000001001001
00000000010000100
00000010000000100
00010000000000100
00000000000000100
01001000000000000
00000010000000100
00100000000000100
00000000000000100
00000000000000100
00000000001000001
00000000000000100
00000000001000001
00000000000000100
00000000001000001
00000000001000011
10000000001000001
01001000000000000
00000000001000001
00000000000000100
