../msdir/ms 96 1 -s 18 
1551503375

//
segsites: 18
positions: 0.0427 0.0701 0.1927 0.2289 0.3478 0.5339 0.5632 0.7239 0.7776 0.7786 0.7892 0.8087 0.8613 0.8709 0.9147 0.9382 0.9432 0.9906 
010001100001000000
000000010010001100
000000000000010000
000001100100000000
000001100100000000
000000000000001010
000000000000001010
000001100100000000
000000000000110000
000000010010001100
000000010010001100
000000000000010000
000000000000010001
000000001000001010
010001100001000000
000001100100000000
101000000000010000
000000010010001100
000001100100000000
000000000000001010
000000001000001010
000001100100000000
000000000000001010
000000000000001010
000000000000010000
000001100100000000
000001100100000000
000001100100000000
000001100100000000
000001100100000000
000000001000001010
000000001000001010
101000000000010000
000000010010001100
000000010010001100
000000001000001010
000001100100000000
000001100100000000
000000000000001010
000000000000010000
000001100100000000
000000000000001010
000001100100000000
000000000000010000
000101100100000000
000001100100000000
000000000000001010
000010000000010000
000000000000001010
000001100100000000
000001100100000000
000001100100000000
000001100100000000
000000000000001010
000000000000010001
010001100001000000
000000000000010000
000000001000001010
000000000000001010
000000000000010000
000001100100000000
000000010010001100
000001100100000000
000000001000001010
000000000000010000
101000000000010000
000000001000001010
000000000000001010
000000001000001010
000000001000001010
101000000000010000
000000001000001010
000000000000001010
000000001000001010
010001100001000000
101000000000010000
000000000000001010
000001100100000000
000000000000010000
000000000000001010
000010000000010000
000000000000001010
000001100100000000
000000001000001010
000000001000001010
000000000000001010
000000001000001010
000001100100000000
000000000000010001
000000001000001010
010001100001000000
001000000000010000
000000010010001100
000000000000010000
000000001000001010
000000010010001100
