../msdir/ms 98 1 -s 9 
1553679241

//
segsites: 9
positions: 0.0790 0.0988 0.1009 0.2807 0.3152 0.3248 0.5612 0.7027 0.7278 
001000011
110000000
001000000
001000000
110000000
001000000
110000000
001000000
100000000
001000000
110000000
001100000
001000000
001100000
001000000
001000000
001100000
110000000
100000000
001000000
100000000
001000000
110000000
001000000
001000000
100000000
110001000
001000000
001000000
001010000
001000000
100000000
001000001
001000000
001000011
001000000
001000000
001000000
100000000
001000000
001000000
001000000
001000000
001000000
110000000
001000000
001000000
001000100
001000000
001000000
001000000
001000011
001000000
110000000
001000000
001000000
100000000
110000000
001000000
001000000
110000000
001010000
110000000
001000000
001000000
001000000
001000000
100000000
001000000
001000000
001000000
001000000
001000000
001000000
001000000
001000000
100000000
001000000
001000000
001000000
001000000
001000000
001000100
100000000
001000000
001000000
100000000
001000000
110000000
001000000
001000000
001000000
001000000
001000000
001000000
001000000
001000000
001000000
