../msdir/ms 98 1 -s 5 
1106228764

//
segsites: 5
positions: 0.0855 0.1700 0.3440 0.4334 0.8421 
00000
00010
00001
00000
00000
00000
00001
00001
00000
10000
00000
00000
00000
00001
00000
00000
00000
00000
00000
00100
00000
00000
00000
00000
00000
00000
00000
00000
00000
00100
00000
00000
00000
00000
00000
00001
00000
00001
00000
00000
00000
00000
10000
00000
00001
00001
00000
00000
00001
00000
00000
00001
00000
00000
00000
00000
00010
00000
00001
00000
00000
00000
00000
00000
00000
00000
00000
00000
00000
00000
00000
00000
00000
00000
00000
00000
00001
00001
00000
00000
00000
00001
00000
00000
00000
00001
00000
00000
00000
00000
00000
00000
00000
00000
00000
00000
00000
01000
