../msdir/ms 92 1 -s 18 
1569448273

//
segsites: 18
positions: 0.0196 0.0603 0.0813 0.1161 0.1226 0.2324 0.2736 0.2809 0.2882 0.3346 0.3555 0.5275 0.5792 0.6176 0.6489 0.8130 0.8395 0.8557 
000011010100001000
000011010100001000
000011010100001000
000010010100001000
000011010100001000
000011010100001000
101100000001000100
101100000001000100
000000010010011000
000010010100001010
000000010010001000
000010010100001000
000010010100001000
000011010100001000
000010010100001010
000010010100001000
000010010100001000
000000011000001000
000010010100001010
000000010010011000
000000010000001000
000010010100001000
000000010000001000
000000010000001001
000010010100001010
101100000001000100
000000010000001000
000011010100001000
110100000001000100
000011010100001000
110100000001000100
110100000001000100
110100000001000100
000010110100001000
000010010100001000
000011010100001000
000000010000001000
000011010100001000
000011010100001000
000000010010011000
000010010100001010
000010010100001010
000011010100001000
000011010100001000
000011010100001000
000000010000001001
000000011000001000
000011010100001000
000011010100001000
000011010100001000
000010010100001000
000010010100001000
000000010000001000
000011010100001000
000011010100001000
000000010010001000
000000010000001000
000000010000001000
000011010100001000
000000010010001000
000010010100001000
000010010100001000
000000010010011000
000011010100001000
000011010100001000
000011010100001000
000011010100001000
000000010000001000
000010010100001000
000010010100001010
000011010100001000
000000010010001000
000010010100001010
000010010100001010
000000011000001000
000000010000001000
000010010100001000
000000010000001001
000000010000101000
000000010010001000
000010010100001000
000010010100001000
000000010000001000
110100000001000100
000010010100001000
101100000001000100
000000010000001000
110100000001000100
000011010100001000
000011010100001000
000010010100001010
000011010100001000
