../msdir/ms 98 1 -s 16 
1472709115

//
segsites: 16
positions: 0.2227 0.2339 0.2363 0.2714 0.3406 0.3709 0.3944 0.4089 0.4867 0.6080 0.6907 0.6944 0.6984 0.7632 0.8809 0.9572 
0000000110010010
0010000000100000
0000000110010010
0110000000100000
0000000001010010
0000000000010010
0110000000100000
0110000000100000
0110000000100000
0000000110010110
0001101000000000
0110000000100000
0000000000000000
0001101000000000
0000000110010010
0000000000010010
0000000110010010
0010010000100001
0110000000100000
0110000000100000
0001001000000000
0010000000100000
0000000000010010
0010000000100000
0000000110010010
0110000000100000
0010000000100000
0001001000000000
0010000000100000
0010000000100000
0000000000010010
0010000000100000
0010000000100001
0010000000100000
0001001000000000
0001001000000000
0110000000100000
0000000110010110
0000000000010010
0110000000100000
0110000000100000
0000000110011010
0000000110010010
0000000000010010
0010000000100001
0001001000000000
0000000000010010
0010000000100001
0000000000010010
0000000000010010
0000000000010010
0000000000000000
0010000000100000
0010000000100000
0001001000000000
0010000000100000
0110000000100000
0010000000100000
0000000110010010
0001101000000000
0110000000100000
0001001000000000
0010000000100000
0110000000100000
0110000000100000
0000000110011010
0010000000100000
0010000000100000
0000000000010010
0000000110010010
0000000110010010
0110000000100000
0010000000100000
0000000110010010
0010000000100000
0110000000100000
1000000000010010
0110000000100000
0010000000100000
0010000000100000
0110000000100000
0110000000100000
0010010000100001
0110000000100000
0010000000100000
0010000000100000
0000000110010010
0000000000010010
0000000110010010
0000000110010010
0000000000010010
0110000000100000
0000000110010010
0001001000000000
0000000110010010
0010000000100000
0000000000000000
0000000000010010
