../msdir/ms 92 1 -s 16 
757355171

//
segsites: 16
positions: 0.1720 0.2167 0.3029 0.3181 0.3244 0.3737 0.4277 0.4813 0.5100 0.6186 0.6735 0.8294 0.8557 0.9124 0.9174 0.9738 
0000000100000000
0000000100000000
0011010010001000
0001010010001010
0101010010001000
0001010010001100
0011010010001000
0001011010001000
0001010010001000
0001010010001010
0011010010111001
0001011010001000
0011010010101000
0011010010001000
0001010010001000
0001010010001100
0011010010001000
0000000100000000
0000000100000000
0001010011001100
1000010000001000
0011010010001000
0001011010001000
0001010010001000
0001011010001000
0011010010001000
0001010010001010
0001010010001000
0011010010101000
0011010010001000
0001110010001100
0001010010001100
0000000100000000
0001010010001000
0001010010001000
0011010010001000
0011010010001000
0001010010001000
0001010010001000
0001010010001000
0001110010001100
0001010010001000
0011010010001000
0001011010001000
0001010010001000
0001010010001000
0001010010001010
0001011010001000
0001010010001100
0001010011001100
0011010010001000
0000000100000000
0001010010001000
0000000100000000
1000010000001000
0001010010001100
0001010010001010
0001011010001000
0011010010001000
0000000100000000
0011010010101000
1000010000001000
0011010010001000
0011010010001000
0001010010001100
1000010000001000
0000000100000000
0001010010001000
1000010000001000
0011010010001000
0000000100000000
0001110010001100
0011010010001000
0001010010001100
0011010010001000
0001010010001000
0011010010101000
0001010010001000
0001010010001100
0011010010001000
0001010010001000
0011010010001000
0001010010001000
0011010010001000
0001010010001000
0011010010001000
0001010010001000
0011010010001000
0001011010001000
0001010010001010
0001010010001000
0011010010001000
