../msdir/ms 90 1 -s 6 
2065780178

//
segsites: 6
positions: 0.0461 0.1997 0.2890 0.2956 0.3069 0.4501 
000000
000000
000001
000000
000000
000000
000000
000100
000000
000000
000000
000000
010000
000000
100100
010000
001000
000000
000000
000000
000100
000000
000000
000010
000000
000100
000000
000000
000000
000000
000000
000000
000000
000000
000000
000000
000000
000000
000000
000000
000000
000000
000000
000000
000000
000000
000000
000000
000000
000000
000000
000000
000000
000000
000000
001000
000000
100100
000000
000000
000001
000000
000100
010000
000000
000000
000000
000000
000000
000000
000000
000000
000100
000000
000000
000000
000000
000100
000000
010000
000000
001000
000000
000000
000000
000100
000000
000000
000000
000000
