../msdir/ms 94 1 -s 15 
862702847

//
segsites: 15
positions: 0.0365 0.1145 0.1788 0.2051 0.2563 0.5148 0.5463 0.6214 0.6402 0.6617 0.6665 0.8542 0.8705 0.9162 0.9378 
011010000101001
011010000101001
011010000101001
010010000101001
010010000101001
011010000101001
010010000101001
011010010101001
011010010101001
010010000101001
011010000101001
011010100111001
011010100111001
010010000101001
011010000101001
010010000101001
011010010101001
010010001101001
011010000101001
011010010101001
011010000101001
011010000101001
011010010101001
011010000101001
111010100111001
011010000101001
011010100111001
010010000101001
011010000101001
011010000101001
011010010101001
111010100111001
010010000101001
011010000101001
011010000101001
010010000101001
011010000101001
011010010101001
011010000101001
011010100111001
010010000101001
011010000101001
010010000101001
011010000101001
011010000101001
011010100111001
011010100111001
011010010101001
011010010101001
011010010101001
010010000101001
011010000101001
011010000101001
011010100111001
011010000101001
010010000101001
010010000101001
011010000101001
011010000101001
011010100111001
011010010101001
011010000101001
011010010101001
011010010101001
011010000101001
011010100111001
011010010101001
011010010101001
011010010101001
011010010101001
011010100111001
010010000101001
011010000101001
011010000101001
011010010101001
011010010101001
010010000101001
011010100111001
010010000101001
010010000101001
011010100111001
011010010101001
011010100111001
011010000101001
011010000101001
011010000101001
000101000000110
011010010101001
000101000000110
011010000101001
011010010101001
011010100111001
011010100111001
000101000000110
