../msdir/ms 96 1 -s 19 
1386616708

//
segsites: 19
positions: 0.0087 0.0621 0.1667 0.1857 0.1918 0.2132 0.2926 0.3401 0.3607 0.3919 0.4382 0.4849 0.4878 0.5257 0.5473 0.5724 0.6410 0.7617 0.9733 
0000000001010001000
0000000001010001000
0100000000000000010
0001010000000000110
0001010000000000110
0001000000000000010
0001000000000000010
0000000001010001000
0001000000000010010
0000000001010001001
0001000000000000010
0000000001011001000
0100100000000000010
0001000100000000110
0100000000000000010
0001000000000000010
0001000000000000010
0000000001010001000
0001000000000000010
0001000000000000010
0001000000000000010
0001000000000000010
1000000001010001001
0000000001010001000
0001000000000000010
0001000000000000010
0001000000000000010
0000000001010001000
0000000001010001000
0001000000000000010
0100000000000000010
0100000000100000010
0001000000000010010
0001000000000000010
0001000000000000010
0001000000000010010
0001000000000000010
0000000001010001000
0001000100000000110
0000000001010001000
0000000001000000000
0100000000000000010
0001000000000000010
0000000001010001000
0100000000100000010
0001000000000000010
0001000000000000110
0100000010000000010
0100000000000000010
0000000001010001000
0001000000000010010
0100000010000000010
0000000001010001000
0100000000000000010
0000000001010001000
0001000100000000110
0100000010000000010
0100000000000000010
0001000000000000010
0100000000100000010
0000000001010001000
0001000000000010010
0000000001010001001
0001010000000000110
0110001000000000010
0001010000000000110
0100000000000000010
0001000000000000010
0000000001010001001
0001000000000000010
0001000000000000010
0000000001010001000
0100000000100000010
0001000000000010010
0000000001010001000
0100000000100000010
0001000000000010010
0100000000000000010
0001000000000000010
0001000000000000110
0100000000000000010
0001000000000000010
0100100000000000010
0001010000000000110
0001000000000000010
0001000000000000010
0001000000000000110
0000000001010001000
0001000000000000010
0000000001010001000
0001000000000000010
0100000000000000010
0001000000000000010
0001000000000000010
0000000001010001000
0100000000000100010
