../msdir/ms 96 1 -s 14 
236769641

//
segsites: 14
positions: 0.0151 0.0316 0.0883 0.3539 0.4098 0.4132 0.4176 0.4183 0.4252 0.6904 0.7342 0.7858 0.7897 0.9426 
00000110000000
00010000000010
00011001000000
00000100000000
01010000000000
00010001000000
00010000000000
00010000001100
00000110000000
00010001000000
00010001000000
00010001000000
00010001000000
00010000000010
10000100000000
00000100000000
00000110000000
10000100000000
00010001000000
00010000000100
00000100000000
00010000000000
00010000000100
00010001000000
00000110000000
00010000000100
00010000000000
00000110000000
00010000000010
00010000000100
00010001000000
00000100000000
00000110000000
00010001000000
00010000000000
00010001000000
00000100000000
00000110000000
00000100000000
00000110000000
00000100000001
00010001000000
00000100000000
00010001000000
10000100000000
00000100000000
00010000000100
00000100000000
01010000000000
00000110000000
00000110000000
00010000000000
00010000000000
00000100000000
10000100000000
00000110000000
00010000000000
00010000000000
00000100000000
00100100110000
00100100010000
00000110000000
00010000000000
00010000000000
00000100000000
00000100000000
00010000000000
00010001000000
00000100000000
00011001000000
00010001000000
00010000000000
00000100000000
00010000000100
00000110000000
00000100000000
00010001000000
00000110000000
00000100000000
00000110000000
00010001000000
00000110000000
00010001000000
10000100000000
10000100000000
00010001000000
00000100000000
00010000000100
00010000000000
00010000000000
00000110000000
00000100000000
00010000000000
00000110000000
00010000000000
10000100000000
