../msdir/ms 96 1 -s 8 
1618436053

//
segsites: 8
positions: 0.0439 0.1025 0.2730 0.3368 0.4077 0.4533 0.5605 0.5738 
00010010
00001000
01000010
00010010
00000010
00000010
00010010
11000010
00000010
00001000
00010010
00010010
00001000
00010010
00010011
00000010
00000010
00001000
00000010
00000010
00000010
11000010
00000100
11000010
00010010
00000000
00000010
00000010
11000010
00001000
00000010
00000010
11000010
00001000
00001000
00000100
00010010
11000010
00001000
00000000
00001000
00000010
00000010
00001000
00000010
01000010
00000010
00010010
00010011
00010010
01000010
00010010
00000010
00100010
00000010
00001000
00010010
00010010
00000010
00000010
00010011
00000010
01000010
00000010
00000100
00000010
00001000
00010010
00000010
00010010
00010010
00010010
00000010
00000010
00000010
11000010
00010010
00000010
11000010
00010010
00010010
00010011
00001000
00001000
00000010
00001000
00000010
00000010
01000010
01000010
00010010
00010010
00000100
00010010
00001000
00000010
