../msdir/ms 96 1 -s 5 
407709810

//
segsites: 5
positions: 0.0151 0.0651 0.1593 0.5572 0.6574 
00001
00001
00000
00001
00000
00001
00100
01010
00001
01010
00001
00001
00000
00000
00000
00000
00001
00001
00000
10000
00000
00001
00000
00001
00000
00001
00000
00001
00000
00000
01010
00000
00000
00000
00000
00000
00000
00001
00000
00001
00001
00000
00000
00000
00001
00001
00001
00001
01010
00000
00001
00001
00001
01010
00000
01010
00100
00000
00000
00000
00001
00001
00001
00000
00001
00001
00001
00000
00001
00000
00000
01010
00001
00000
00000
00001
00001
01010
00001
00001
00000
00000
00000
01010
01010
00000
00000
01010
00000
00001
00001
00001
00000
00001
00000
00000
