../msdir/ms 92 1 -s 13 
870053487

//
segsites: 13
positions: 0.0211 0.0515 0.1214 0.2573 0.3182 0.3279 0.4713 0.4829 0.5352 0.5482 0.8197 0.8744 0.9311 
1100110000000
1100110000000
0001000100100
1100110000000
0001000100100
1100110000000
0001000100100
1100110000000
0001000100100
0001000101100
0001000100100
1100110000000
1100110000000
0001000100100
1100110000010
1100110000000
0001000100100
0001000100100
0001000100100
1100110000000
1100110000000
0001001100100
1100110000000
0001000100100
1100110000000
0001000100100
1100110000000
1100110000000
1100110000010
1100110000010
1100110010000
0001000100100
1100110000000
1100110000000
1100110000000
1100110000000
1100110000000
1100110000000
1100110010000
0001000100100
0001000100100
1100110000000
1100110000000
1100110000000
1100110010000
0001000100100
1100110000000
1100110000000
1100110000000
1100110010000
0011000100100
1100110010000
0001000100100
0001000100100
0001000100100
1100110000000
1100110000000
0001000100100
1100110000000
1100110000000
0001000100100
1100110000000
1100110000000
1100110000010
0001000100100
1100110010000
0001000100100
1100110000000
1100110000000
1100110000000
0001000100100
1100110000010
0001000100100
1100110000010
1100110000000
1100110000000
1100110000010
1100110000000
1100110000000
1100110010000
1100110000000
1100110010000
1100110000000
1100110000000
1100110000010
0001000100100
1100110010000
1100110000000
1100110000000
1100110000000
1100110000000
0001000100101
