../msdir/ms 94 1 -s 16 
959726479

//
segsites: 16
positions: 0.0158 0.1055 0.1120 0.1201 0.1236 0.1841 0.2749 0.3433 0.4103 0.4132 0.4538 0.5190 0.6163 0.8787 0.9671 0.9896 
1000001000000000
0000001000000000
0100001000000000
0000001000000000
0010000000111000
0000001000000000
0010000000111000
0000001000000000
0000001010000000
0010000000101001
0010000000111000
0010000000111000
0000001000000000
0000001000000000
0000001000000000
0010000000101000
0010000000111000
0010000000111000
0010000000111000
0010010000101001
0000001000000000
0000001000000000
0010000100111000
0000001000000000
0000001000000000
0010000000111000
0000001000000000
0000001000000000
0010000000111000
0010000000111000
0000001000000000
0010000000111000
0000001000000000
0010000000111000
0000001000000000
0000001000000000
0010000000111000
0010000000101001
0000001000000000
0010000000111000
0000001000000000
0010000000101001
0000001000000000
0000001000000000
0000001000000000
0001001000000000
0000001000000000
0010000000111000
0000001000000000
0000001000000000
0010000000111000
0000001000000000
0000001000000000
0010100001111100
0010000000101001
0010000000101001
0010000000101000
0000001000000000
0010000000111000
0010100001111000
0010000000111000
0000001000000000
0000001000000000
0100001000000000
0010000000101000
0000001000000000
0000001000000010
0000001000000000
0000001000000000
0010000000111000
0000001000000000
0010000000101000
0010000000111000
0000001000000000
0000001000000000
0010000000111000
0000001000000000
0000001000000000
0010000000111000
0010010000101001
0100001000000000
0010000000111000
0010000000111000
0010000000101001
0100001000000000
0000001000000000
0100001000000000
0010000000111000
0000001000000000
0010000100111000
0000001000000000
0010000000101001
0000001000000000
0100001000000000
