../msdir/ms 98 1 -s 14 
1789918381

//
segsites: 14
positions: 0.1177 0.3219 0.3502 0.3546 0.4620 0.5147 0.6426 0.6731 0.7212 0.8513 0.8659 0.8938 0.8965 0.9047 
00100001000000
00100001000000
00100001000000
11000000000000
11000100000000
00100001100000
01001000000000
00100001100000
00100001100000
00100001000000
00100001000000
00100001000000
00100001100000
00100001000000
00100001000000
00100001000000
11000000000000
00100001100000
00100001000000
00100001000000
01000000010000
00100001100000
00100001000000
11010000000000
00100001000000
00100001000000
00100001100100
00100001000000
11000000000000
11000000000000
00100001100000
00100001100000
01001000000000
00100001100000
01000000010000
00100011100000
00100001100000
11000000000000
00100001100000
01000000010000
00100001000001
00100001000000
00100001100000
00100001100000
00100001100000
01000000010010
00100001000000
00100001000000
01000000010000
01000000010000
00100001000000
01000000010000
00100001100000
00100001100000
00100001100000
00100001000000
00100001000000
00100001100100
00100001000000
00100001000000
00100001100100
01000000010000
00100001100000
00100001000000
01000000010000
11010000000000
00100001100000
11000000000000
00100001100000
00100001000000
00100001000000
01000000010000
01000000010000
00100001000000
00100001000000
00100001000000
00100001100000
00100001000000
00100001000000
00100001000000
00100001000000
00100001000000
01000000010000
11000000000000
01000000010000
00100001000000
01000000001000
11000100000000
00100001100000
01000000010000
11000000000000
01000000010000
00100001100000
00100001100000
11010000000000
00100001000000
00100001000000
00100001000000
