../msdir/ms 96 1 -s 12 
1302261008

//
segsites: 12
positions: 0.1070 0.1295 0.1531 0.3188 0.3709 0.5547 0.6501 0.7091 0.7271 0.7694 0.7992 0.9397 
001100010100
000010000000
000000000000
000010000000
001100010100
000000000000
000100010100
000001000000
000010100000
001100010110
001100010110
100100010100
000010100000
001100010100
100100010100
000010100000
001100010100
001100010100
001100010100
000000000000
001100010100
001100010100
000000000000
000001000000
001100010100
000000000000
000000000000
000000000000
000100010100
000010000000
000000000000
001100010100
000000000000
001100010100
001100010100
001100010100
001100010110
000100010100
001100010100
000001000000
001100011100
000010100000
001100010100
000010000001
000100010100
001100010100
000000000000
000000000000
001100010100
000100010100
000000000000
000000000000
000100010100
000000000000
000100010100
000000000000
001100010100
000010000000
000010000001
000100010100
001100010100
000010000000
001100010100
001100010100
000010100000
000010100000
000100010100
000000000000
000000000000
000000000000
110100010100
001100010100
001100010100
000000000000
001100010100
000000000000
000010100000
001100010100
001100010100
000010000001
000000000000
000000000000
001100010100
000100010100
000010100000
000000000000
001100010110
001100010100
000000000000
000000000000
000001000000
001100010100
000000000000
001100010100
001100010100
000010000000
