../msdir/ms 96 1 -s 9 
23898479

//
segsites: 9
positions: 0.1135 0.2547 0.2611 0.4868 0.5598 0.6813 0.7257 0.7345 0.9411 
000101000
010000000
010000000
010000000
010000000
100101000
000101100
010000000
010000000
010000000
000101100
010000000
010000000
010000000
010000000
010000000
000101000
010000001
010000000
010000000
000000000
010000000
010000000
010000000
010000000
000101000
010000000
010000000
000101000
010000001
010000000
010000000
010000000
010000001
010000000
010000000
000000000
010000000
010000000
010000000
010010001
010000000
010010001
000101000
010000000
010000000
010000000
010000000
010000000
010000001
010000000
010000000
011000001
010000000
010000000
010000000
010000000
010000000
010000000
010000000
010000001
010000001
010000010
010000000
010000000
010000000
011000001
010000000
000101000
000101000
010000000
010000000
010000000
000101000
010000000
010000000
010000000
010000000
010000000
010000000
010000001
010000000
010000000
000101000
010000000
010000000
010000000
010000000
000101100
010000000
010000000
010000000
010000000
010000000
010000000
010000000
