../msdir/ms 96 1 -s 15 
1614973016

//
segsites: 15
positions: 0.1206 0.2083 0.2536 0.3013 0.3304 0.5046 0.5223 0.5606 0.6022 0.6431 0.6858 0.8420 0.8431 0.9671 0.9972 
000011100000000
000011100000000
000011100000000
000011100000000
000001100000000
010001100000100
000001100000000
000001100000000
000001100000000
000001100000000
000011100000000
000011100000000
000001100000000
000011100000000
000011100000000
000001100000010
000011100000000
000001100000010
100100000000000
000001100000000
000100010100000
000001100000000
000011100000000
000001100000000
000001100000000
000001100000000
000011100000000
000001100000000
000001100000000
000011100000000
000001100001000
000001100000000
000001100000000
000001100000000
000001100001000
000011100000000
000001100000000
000100010100000
100100000000000
000011100000000
000011100000000
000001100000000
000001100000000
000011100000000
000001100000010
000100010100000
000100010110000
000011100000000
100100000000000
000001100000000
100100000000000
000001100000000
000011100000000
000011100000000
000001100000000
000001100000000
000001100000000
000001100000000
000011100000000
000001100000000
000001100000000
100100000000000
000011100000000
000011100000000
000001100000000
000001100000000
000001100000010
000001100001000
010001101000100
000011100000000
100100000000000
010001101000100
000011100000000
100100000000000
000011100000000
100100000000000
100100000000000
000011100000000
000100010100000
000001100000000
000011100000000
101100000000000
000001100000000
000001100000001
000001100001000
000001100000000
000001100000000
000011100000000
100100000000000
000001100001000
000001100000000
000011100000000
000001100000000
000001100000000
000011100000000
000011100000000
