../msdir/ms 98 1 -s 8 
204792208

//
segsites: 8
positions: 0.0242 0.2545 0.2601 0.3932 0.4584 0.5231 0.5630 0.8211 
10000000
10100000
00000010
00000010
00010000
00000100
00010000
10000000
00000000
00010001
00000010
00000100
00000000
00000100
00000100
10000000
10000000
10000000
00000000
00010000
00000000
00000010
00000100
00000000
00000100
01001000
10000000
00010000
00000010
00000000
00010000
00000000
00000100
00010000
00010000
00010000
00000100
00000100
10000000
00000010
00010000
00000010
00010000
00000000
00000000
00010001
10000000
00000100
10100000
00010000
00000100
00000100
00000010
00000100
00000000
10000000
00010000
00000000
00000000
01001000
00000000
00000100
01001000
01001000
01001000
01001000
00000100
00000010
01001000
00000000
00000010
00000100
00000100
00000010
00010000
00000010
00000100
00000100
10000000
10000000
00000010
00000000
10000000
00010000
00010000
00000100
00000010
00000100
00000000
00010000
00000010
00000100
00000000
00010000
10000000
00000000
10000000
00010000
