../msdir/ms 96 1 -s 7 
1703284365

//
segsites: 7
positions: 0.1381 0.2504 0.8498 0.8735 0.9026 0.9845 0.9948 
0000000
1110000
0100000
0100000
0000000
0000000
0100000
1110000
0000000
0100000
0100000
0000000
0000000
1111000
0000000
0000000
0000000
0000000
0000000
1110000
0100000
1110010
1110000
0100000
0000000
0100000
0100000
1110000
0000000
0100000
0100000
0100000
1110000
1110000
1110000
1110000
0100000
1111000
1110000
0100000
1110000
0100000
0000000
1110000
1110000
1110000
1110000
1110000
0100000
1110000
1110000
1110000
0000000
0100000
0100000
0000000
0100000
0000000
1110000
0000000
1110000
0100000
1110001
0100000
0000000
0000000
0000000
0100000
1110000
0100000
0000000
0100000
0000000
0000100
1110000
1110000
0100000
0000000
1110000
0100000
1110000
1110000
0100000
0000000
1111000
1111000
1110000
0000000
0100000
1110000
0100000
1110000
0000000
0100000
0100000
1110000
