../msdir/ms 90 1 -s 18 
305628947

//
segsites: 18
positions: 0.0338 0.1725 0.1810 0.2642 0.3759 0.3814 0.4310 0.4544 0.4678 0.4962 0.5613 0.5619 0.7215 0.8287 0.8826 0.9436 0.9698 0.9915 
000000000000000000
000010000000000000
000000010000000000
000000010000000010
000000010000000100
010100000100000000
000000010000000000
000000000000000000
000000010000000000
000010000000000000
000000000001000000
010000000100001000
010100000100000000
010000000100001000
000000010000000000
000000000001000000
000000010000000000
010100000110000000
000000010000000100
000001100000000000
100000010000000000
000000000000000000
000000000000000000
100000010000000000
000000010000000000
000000010000000001
000000010000000001
000000010000000010
000000000000000000
000000010000000001
000000010000000000
000000010000000000
000000000000000000
100000010000000000
000000000001000000
000000000000000000
000000010000000001
000000010000000000
000000010000000000
000010000000000000
000000010000000000
000000010000000000
000010001000000000
000000000000000000
100000010000000000
000000010000000001
000000010000000001
000000010000000010
000000010000000000
001000000001000000
000001100000000000
000000010000100000
010100000100000000
000000010000000000
000000010000100000
000000010000000010
010100000100000000
000010000000000000
000000010000000000
000000000000000000
000000000000000000
000000010000000000
000000010000000010
000001100000000000
000000010000000010
000000000001000000
000000000000000000
000000010000000000
001000000001000000
000010000000000000
000000010000010000
100000010000000000
000010001000000000
000000000001000000
000000000001000000
000010000000000000
000000010000000100
000010000000000000
000001100000000000
000001100000000000
000000010000000000
100000010000000000
000000010000000100
000001000000000000
100000010000000000
010100000100000000
000010000000000000
000000010000000000
000000010000000010
100000010000000000
