../msdir/ms 90 1 -s 19 
590562081

//
segsites: 19
positions: 0.1632 0.1905 0.2229 0.3087 0.4606 0.4696 0.4949 0.4961 0.5552 0.5862 0.6048 0.7296 0.7583 0.7702 0.8280 0.8855 0.9303 0.9391 0.9528 
0000001000000001000
0100010000100010010
1000001000000001000
1000001000000001001
1000001000000001001
0100010010000100010
0100010000000010010
0010001000000001000
0100010000000010010
0000001000000001000
0100010000100010010
0000000000000001000
0000001001000001000
0000001000000001000
0000001001000001000
0010001000000001000
0100010010000100010
0100010010000100010
0001001000001001000
0001001000001001000
0100010000100010010
0000001000000001000
0100010010000100010
0100010000000010010
0000001001000001000
0100010000100010010
0010001000000001000
0100010000010010010
0000001100000001000
0000001000000001000
1000001000000001000
0001001000001001000
0000001000000001000
1000001000000001001
0000001001000001000
0000001000000001000
0100010000000010010
0010001000000001000
0000000000000001000
0010001000000001000
0100010010000100010
0000101001000001000
0000001000000001000
0000001000000001000
0001001000001001000
0000000000000001000
0000000000000001000
0010001000000001000
0000001001000001000
0000001000000001000
0000001000000001000
0000001001000001000
0001001000001001000
0000001000000001000
0000001100000001000
0000001000000001100
0000000000000001000
0000000000000001000
0001001000001001000
1000001000000001001
1000001000000001001
0000101001000001000
0000001001000001000
1000001000000001001
0001001000001001000
0100010000000010010
0010001000000001000
1000001000000001000
0000001000000001000
0000101001000001000
0000001000000001000
0000001000000001000
1000001000000001001
0010001000000001000
1000001000000001001
0000001000000001000
0010001000000001000
0100010010000100010
0010001000000001000
0100010000000010010
0001001000001001000
0000001000000001100
0000001001000001000
1000001000000001000
0010001000000001000
0000001000000001000
0000001001000001000
0000001000000001100
0000001000000001000
1000001000000001001
