../msdir/ms 92 1 -s 8 
1989443417

//
segsites: 8
positions: 0.1042 0.1959 0.4576 0.4762 0.6984 0.7503 0.8680 0.9593 
00000001
00000001
10100010
00000001
00100110
00000001
10100010
00100010
10100010
00100110
00100010
00100110
10100010
00000001
00000001
00000001
01001001
00100010
00100010
01001001
00000001
10100010
00100010
00000001
10100010
00100010
00000001
10100010
10100010
00100010
10100010
00000001
00100010
00000001
00010001
10100010
00100010
10100010
00100010
00100010
00000001
10100010
00100010
10100010
10100010
10100010
10100010
00100010
00100010
10100010
00100110
00100010
10100010
00000001
00100010
00100010
00100010
10100010
10100010
01001001
00100010
00100010
00000001
00100010
01001001
10100010
10100010
00100010
00100010
10100010
00000001
10100010
00100010
00000001
10100010
00000001
00000001
10100010
10100010
00100010
10100010
01001001
00100010
10100010
00000001
00100110
10100010
00000001
00100010
00100010
00000001
00100010
