../msdir/ms 92 1 -s 4 
415139122

//
segsites: 4
positions: 0.1997 0.4300 0.9112 0.9832 
0000
0000
0000
0000
0000
0000
0000
0000
1000
0000
0000
0000
0100
0000
0000
0000
0000
0000
0000
0000
0011
0000
0100
0000
0000
0000
0000
0000
0000
1000
1000
0011
1000
0000
0000
0000
0000
0000
0100
0000
0000
0100
0000
1000
0100
0000
0100
0000
1000
0000
0000
0011
0000
0011
0000
0000
0000
0000
0011
1000
0011
1000
0011
1000
0000
0011
0011
0000
0000
0011
1000
0000
0000
0000
0000
0000
0000
0000
0000
0011
0000
1000
0000
0000
0000
0000
0000
0000
1000
0000
0000
1000
