../msdir/ms 96 1 -s 17 
1810927470

//
segsites: 17
positions: 0.1015 0.1068 0.3953 0.4000 0.4029 0.5314 0.5328 0.5543 0.5929 0.6315 0.6576 0.6801 0.8365 0.9032 0.9112 0.9545 0.9808 
01000000001000000
00000000000000000
00010000000000000
00000000000000000
00000000000000000
00000000000000001
00000001000000000
00100001000000000
00000000000000000
00000000000000000
00000000000000000
00100001000000000
00000001000000000
00100001000000000
00000000000000000
00000001000000000
00000001000000000
00000001000000000
00100001000000000
00000001000000000
10000000000001000
00000001000000000
00000000010000000
00100001000000000
00000010000000100
00000001000000000
00000000000000010
00000001000000000
00100001000000000
00000001000000000
00000001000000000
00000000000011000
00000000000011000
00000001000000000
00000000000001000
00000001000000000
00000001000000000
00000010000000100
00000001000000000
00000001000000000
00100001000000000
00000000000000000
00001000000000000
00100001000000000
00100001000000000
00000000000000000
00000000000000000
00000000010000000
00100001000000000
00000000000000000
00000001000000000
00000101000100000
00100001000000000
00100001000000000
00000000000000000
00000101000100000
00000001000000000
00000010000000100
00000000000000000
00000000000000000
00000101000100000
00100001000000000
00100001000000000
00000001000000000
00100001000000000
00000000000001000
00100001000000000
00000001000000000
00100001000000000
00000101000100000
00000000000000000
00000001000000000
00000000000000000
00100001000000000
00100001000000000
00000101100100000
00000000000000000
00000101000000000
00000001000000000
00000000000000000
00000000000000000
00000000000000000
00000000000000000
00000000000000001
00100001000000000
00001000000000000
00000001000000000
00000000000000000
00000000000000000
00000101000000000
00100001000000000
00000000000000000
00000000000000000
00000000000000000
00100001000000000
00000010000000100
