../msdir/ms 92 1 -s 17 
894396878

//
segsites: 17
positions: 0.1716 0.1971 0.2035 0.2152 0.2415 0.2527 0.2921 0.4695 0.5311 0.6160 0.7023 0.7740 0.7779 0.8135 0.8288 0.8898 0.9331 
11000100010000010
11000100010000010
00000000000100100
11000101010000010
11000100010000010
00000000000001000
11000100010000010
11000101010000010
11000100010000010
11000101010000010
11000100010000010
11000101010000010
11000101010000010
00000000100001000
11000100010000010
11000100010000010
11001100010000010
00000000000100100
00000010000001000
00000000100001000
11000100010000010
11000100010000010
11000100010000010
11000100010000010
00000000000100100
00000000000100100
11010100011000010
00000000000001000
00000000000001000
11000101010000010
00000000000100100
11000100010000010
11001100010000010
00000000100001000
00100000000001000
11000100010000010
00000000000100100
00000000000001000
00000000000001000
11000100010000010
00000000000100100
00100000000001000
11000100010000010
11000101010000010
11000100010000010
00000000000011000
11000100010000010
11000100010000010
11000101010000010
00000000000001000
00000000100001000
11000101010000010
11000100010000010
11000101010000010
00000000000001000
11000100010000010
00000000000100100
00000000000001000
11000100010000010
00000000000100100
00000000000100100
00000000000001000
00000000000100100
00100000000001000
00000000000100100
00000010000001000
11000100010000010
00000000000100100
00000000000100100
00000000000001000
00000000000100100
00000000000001000
00000000000001000
11000100010000010
00000000000001000
00000000000001001
00000000000100100
11000100010000010
00000000000001000
11000100010000010
00000010000001000
11000100010000010
11000100010000010
11000100010000010
00000000000100100
00000000000001000
00000000000001000
00000000000100100
11000100010000010
11010100011000010
11000101010000010
00000000100001000
