../msdir/ms 98 1 -s 20 
1421152357

//
segsites: 20
positions: 0.0173 0.0571 0.0811 0.1218 0.1315 0.1395 0.1754 0.1886 0.2314 0.2595 0.3062 0.3080 0.5075 0.5223 0.5609 0.5998 0.6070 0.6407 0.8049 0.9874 
00000000010010000010
00000000010010000010
00000000010010000010
00000000010010000010
01000001100000000000
10011100001100000100
00000010010010000010
00000000010010000010
00000000010010000010
00000010010010000010
00000000010010000010
00100000001000000100
00000000010010000010
10001000001100000100
00100000001000000100
00000000010010000010
00000000010010000010
01000000000000000000
00000000010010000010
00000010010010000010
00000000010010000010
01000000000000000000
00000000010010000010
01000000000000000000
01000000000000010000
10001000001100000100
10001000001100000100
00000000010010000010
01000000000000001000
01000001100000000000
00000000010010000010
00000000010010000010
00000000010010000010
00000000010010000010
10011100001100000100
00100000001001000100
10001000001100000101
01000000000000000000
01000001100000000000
00100000001000000100
00000000010010000010
00000000010010000010
00000010010010000010
10001000001100000101
01000000000000010000
00100000001000000100
00000000010010000010
00000010010010000010
00100000001000000100
10011100001100000100
00000000010010000010
00000000001000100100
00100000001000000100
00000000010010000010
01000001100000000000
00000000010010000010
10001000001100000101
00000000010010000010
01000000000000000000
00000000010010000010
00000000010010000010
10011100001100000100
00000000010010000010
01000000000000000000
01000000000000000000
01000001100000000000
00000000001000100100
00100000001001000100
00000000010010000010
01000001100000000000
00000000010010000010
01000000000000000000
00000000010010000010
00100000001000000100
01000000000000000000
00000000010010000010
01000000000000000000
00000000010010000010
10001000001100000100
00000000001000100100
00000000010010000010
00100000001000000100
01000000000000000000
01000000000000001000
00000000010010000010
01000000000000000000
00000000010010000010
00000000010010000010
00000000010010000010
01000000000000000000
10001000001100000100
10001000001100000101
00000000010010000010
00000000010010000010
00000000010010000010
00000000010010000010
00000000010010000010
00100000001000000100
