../msdir/ms 94 1 -s 10 
1577887525

//
segsites: 10
positions: 0.0901 0.1865 0.1931 0.4987 0.5356 0.6281 0.6927 0.7495 0.8080 0.9781 
0000000000
0000000000
0000000000
0000000000
0000000000
0100001000
0000000000
0000000000
0001000000
0000000000
0000000000
0000000000
0000000001
0100001000
0000000000
0000000000
0100101000
0000000000
0000000010
0000000000
0000000100
0000000000
0000000010
0100001000
0000000000
0000000000
0000000000
0000000000
0000000000
0000000000
0000000000
0000000010
0000000000
0000000000
0000000000
0000000000
0000000000
0000000000
1000010000
0000000000
0000000000
0000000000
0000000000
1000010000
0000000000
0000000000
0000000000
0000000000
0000000000
0000000000
0000000000
0000000000
0000000000
0001000000
0000000000
0000000000
0000000000
0100001000
0000000010
0000000000
0000000000
1000010000
0000000000
0000000000
0000000000
0000000000
0000000000
0000000000
0000000000
0000000000
0000000010
0000000010
0000000000
0000000000
1000010000
0100001000
0000000000
0000000010
0000000000
0100101000
0000000000
0000000000
0000000000
0000000000
0000000000
0010000000
0000000000
0000000000
0100001000
0000000000
0000000000
0000000000
0000000000
0000000000
