../msdir/ms 98 1 -s 19 
497366364

//
segsites: 19
positions: 0.0184 0.0412 0.0783 0.0825 0.2036 0.3302 0.4210 0.4246 0.4729 0.4928 0.6224 0.6467 0.6484 0.7073 0.7678 0.9077 0.9166 0.9894 0.9994 
1100011000111010000
1100011000111010000
1110001010111010000
1100011000111010000
1100011000111010000
1100011000111010000
0000000000000101100
1110001010111010000
1110001010111010000
0001000000000100100
0000000000000100100
1100011000111010000
1100011000111010000
1100111000111010000
1110001010111010000
1100011000111010000
0000000000000100101
1110001010111010000
0001000000000100100
1110001010111010000
1100011000111010000
1100011000111010000
0000000000000100100
1100011000111010000
0000000000000100100
0000000000000100100
1100011000111010000
0000000000000100100
0000000000000100100
1110001010111010000
0000000000000100100
0000000000000100100
1100011000111010000
1110001010111010000
0000000000000100110
0000000001000100100
1100011000111010000
0000000001000100100
0000000000000100100
1110001010111010000
0000000000000100100
1100011000111010000
1100011000111010000
0000000001000100100
1100011000111010000
1110001010111010000
1100011000111010000
1100011000111010000
0000000000000100100
1110001010111010000
1100011000111010000
1100011000111010000
1100011000111010000
1100011000111010000
1100011000111010000
0000000000000100100
1100011000111010000
1100011000111010000
1100011000111010000
0000000000000100100
1100011000111010000
1110001010111010000
0000000000000100100
1100011000111010000
0000000000000100100
1100011000111010000
0000000000000100110
0000000000000100100
0000000000000100100
0000000000000100110
0000000000000100100
0000000000000100100
0000000000000100100
0000000000000100110
0000000000000100100
1100011000111010000
1100011000111010000
0000000100000100100
0000000000000100110
0000000000000100100
1110001010111010000
1100011000111010000
0000000001000100100
1100011000111010000
0000000001000100100
1100011000111010000
1100011000111010000
0000000000000100110
0000000000000100100
0000000000000100100
1110001010111010000
1110001010111010000
0000000000000100110
0000000000000100100
0000000000000100100
0000000000000100100
0000000000000100100
0000000001000100100
