../msdir/ms 92 1 -s 7 
824634562

//
segsites: 7
positions: 0.0978 0.2765 0.3564 0.4241 0.6082 0.6545 0.8463 
1010000
1010000
0000101
0000100
0000110
1010000
1010000
1010000
0000100
0000100
1010000
1010000
1010000
1010000
0000000
1010000
0000100
1010000
1011000
1010000
1010000
0000100
1011000
1010000
0000100
1011000
1010000
0000101
1010000
0100101
1010000
0000100
1010000
0000100
0000101
0000100
1010000
1010000
0000100
0000100
0000100
1010000
0000000
0000101
0000101
0000100
1010000
0000100
0000000
0000101
0000100
0000100
0000000
0000110
0000100
1010000
1010000
0000101
0000100
1011000
0000100
0000101
0000000
1011000
0000000
1010000
0000100
1010000
1010000
0000101
0000100
1010000
1010000
1010000
0000101
1010000
0000100
1011000
1011000
1010000
1010000
0000101
0000100
0000100
1010000
0000101
0000100
1010000
1010000
0000100
0000101
0000000
