../msdir/ms 94 1 -s 14 
1669938833

//
segsites: 14
positions: 0.1859 0.1955 0.2482 0.3396 0.3843 0.4868 0.5032 0.5265 0.5881 0.7072 0.7371 0.7462 0.7924 0.9786 
10000010000000
01111001011001
00100001001001
00111001011001
00111001011001
00100001001001
00100001001001
00100001001001
00100001001001
10000010000000
10000010000000
00111001011001
10000010000000
10000010100000
00111001011001
10000110000000
00100001001001
00000010000000
10000110000100
00100001001001
00111001011001
00100001001001
10000110000000
10000010000000
01111001011001
00111001011001
10000010000000
10000110000000
10000110000000
10000110000100
00000010000000
00100001001001
00111001011001
10000010000000
10000110000000
00111001011001
00100001001001
01111001011001
10000110000100
10000110000000
00100001001001
10000010000010
10000110000000
00100001001001
10000110000000
00100001001001
10000110000100
10000110000000
00111001011001
10000010000000
10000110000100
00100001001001
00100001001001
00111001011001
00000010000000
00100001001001
10000110000000
10000110000100
10000010000000
10000010000000
10000010000000
10000110000000
10000010000000
00100001001001
00100001001001
00100001001001
00100001001001
00100001001001
00100001001001
00111001011001
00000010000000
00100001001001
00100001001001
10000010000000
10000010100000
10000110000000
00100001001001
00000010000000
10000110000100
10000010000000
00100001001001
10000110000000
10000110000000
10000010000000
00100001001001
00100001001001
10000010000000
10000110000000
00111001011001
00100001001001
10000010100000
10000010000000
00111001011001
00111001011001
