../msdir/ms 96 1 -s 16 
102951356

//
segsites: 16
positions: 0.0256 0.0304 0.0790 0.1825 0.1928 0.2199 0.3104 0.3525 0.4206 0.4429 0.4573 0.4881 0.6732 0.6917 0.7119 0.7592 
0000011101000110
0011000010000000
0100011101000011
0001000010000000
0000011101000110
0001000010010000
1001000010010000
0001000010000000
0011000010000000
0000011101000010
0001100010010000
0011000010000000
0000000000000000
0001100010010000
0100011101000011
0100011101000011
0011000010000000
0011000010000000
0100011101000011
0000000000000000
0011000010000000
0001000010000000
0000000000000000
0001000010010000
0100011101000010
0001000010000000
0100011101000011
0000011101100010
0000011101000110
0100011101000011
0000000000000000
0001000010010000
0011000010000000
0000011101000010
0000011101000110
0000011101000110
0000011101001110
0100011101000011
0000011101000010
0000011101000110
0000011101000110
0011000010000000
0011000010000000
0000011101000010
0000011101000110
0011000010000000
0000000000000000
0001000010010000
0000000000000000
0001100010010000
0000011101000110
0001000010000000
0000011101000010
0001000010010000
0001000010010000
0000011101000110
0000000000000000
0000011101000010
0000011101000110
0000011101000110
0011000010000000
0001000010010000
0001100010010000
0000011101000010
0100011101000011
0000011101000010
0000011101000110
0001000010010000
0011000010000000
0000011101000110
0011000010000000
0001000010000000
0011000010000000
0000000000000000
0001000010000000
0011000010000000
0000011101000110
0100011101000011
0000011101000110
0011000010000000
0000011101000110
0000011101000110
0000011101000110
0001000010010000
0100011101000011
0000011101000110
0000011101000110
0000011101000010
0000000000000000
0011000010000000
0001000010010000
0100011101000011
0011000010000000
0011000010000000
0000000000000000
0000011101000110
