../msdir/ms 94 1 -s 12 
1836900061

//
segsites: 12
positions: 0.0916 0.1372 0.1475 0.1651 0.5338 0.5765 0.6263 0.6818 0.6922 0.7164 0.7203 0.8556 
000010010001
000010010001
110001101100
101000101100
000010010001
000010010001
000010010001
100000101100
101000101100
000010010001
000010010001
000010010001
101000101100
101000101100
101000101100
000010010001
000010010001
000010010001
100000101100
000010010001
110001101100
100000101100
110001101100
101000101100
000010010001
000010010001
101000101100
101000101100
110001101100
000010010001
000010010001
000010010001
101000101100
101000101100
100000101100
101000101100
100000101100
000010010001
101000101100
000010010001
000010010001
101000101100
000010010001
101000101100
110001101100
110001101100
101000101100
000010010001
000010010001
000010010001
000010010001
110001101100
101000101100
101000101100
000010010001
100000101100
000010010001
000010010001
101000101100
101000101100
110001101100
110001101100
100001101100
101000101100
101000101100
000010010001
100000101100
000010010001
110001101100
000010010001
000110010001
000010010001
000010010001
101000101110
101000101100
100001101100
000010010001
110001101100
000010010001
000010010001
110001101100
101000101100
101000101100
000010010001
000010010001
110001101100
000010010001
000010010001
101000101100
000010010001
100001101100
000010010001
110001101100
110001101100
