../msdir/ms 92 1 -s 19 
1147264931

//
segsites: 19
positions: 0.0458 0.0527 0.1491 0.2776 0.2790 0.2904 0.3715 0.3859 0.3948 0.3992 0.4215 0.5715 0.6449 0.6949 0.6969 0.8160 0.8606 0.8744 0.9214 
0010010000001101000
1000000100000000111
0010010000001101000
1000000100000000111
1000001100000000111
0110010000001101000
0010010000000101000
1000001100000000111
0010010000001101000
0010010000001101000
0000100100000000011
0010010000001101000
1000000100000000111
1000000100000000111
0010010000001101000
1000000100010000111
0010010000000101000
1000000100000000111
1000000100000000111
1000001110000000111
1000001100000000111
1000001100000000111
0110010000001101000
0010010000000101000
1000000100000000111
1000000100000000111
0010010000101101000
0010010000001101000
0010010000001101000
1000000100000000111
1000001101000000111
0010010000000101000
1000000100010000111
1000000100000000111
0010010000001101000
0110010000001101000
1000000100000000111
0010010000000101000
0110010000001101000
1000000100000000111
1000000100000000111
0010010000000101000
1000000100000000111
0110010000001101000
1000000100000000111
1000000100000000111
0011010000001101000
1000000100000010111
0010010000001101000
1000001100000000111
1000000100010000111
1000000100000000111
0010010000101101000
1000001100000000111
1000000100000000111
1000001100000000111
1000000100000000111
0010010000001101000
1000000100000000111
0010010000101101000
0010010000101101000
0010010000000101000
0010010000000101000
1000001100000000111
1000000100000000111
0110010000001101000
0010010000001101000
0010010000101101000
1000000100000000111
0010010000101101000
0010010000000101000
1000000100000000111
1000001100000000111
1000000100000000111
1000000100010000111
1000000100000000111
1000000100000000111
0010010000101101000
1000000100000000111
1000001100000000111
1000001100000000111
0010010000101101000
0110010000001101000
1000000100000000111
1000001100000000111
0010010000101101000
1000000100000000111
1000000100000000111
0010010000000101000
1000000100000000111
0110010000001101000
0010010000101101000
