../msdir/ms 94 1 -s 9 
571943227

//
segsites: 9
positions: 0.0004 0.0521 0.0561 0.2129 0.2817 0.2893 0.3566 0.7098 0.7704 
010000000
010000000
010000000
010000000
010000000
100011000
000001010
100011000
000011000
000100000
001000000
010000000
000000001
000100000
000100000
010000000
010000000
000011000
010000000
000000001
000000001
000011000
000100000
010000000
000011000
000100000
000100000
100011000
000100000
010000000
100011000
010000000
000000001
001000000
010000000
000000001
010000000
001000000
001000000
010000000
010000000
000001010
100011100
001000000
010000000
000011000
000100000
001000000
100011000
100011000
000011000
010000000
100011000
010000000
010000000
010000000
010000000
000011000
010000000
000011000
000011000
000100000
100011000
001000000
100011000
010000000
010000000
001000000
000100000
000100000
000011000
100011000
000100000
000000001
100011000
100011000
000100000
000001010
010000000
010000000
000100000
000001010
000000001
000000001
010000000
010000000
010000000
010000000
000100000
001000000
000100000
010000000
010000000
000100000
