../msdir/ms 94 1 -s 6 
66471845

//
segsites: 6
positions: 0.2782 0.3386 0.4246 0.5302 0.5716 0.9773 
000010
000000
000010
000000
000000
000100
000000
000000
100001
000000
000010
000000
000000
000000
000000
000000
000000
000010
000010
000000
000000
100001
100001
000000
000100
000000
010000
100001
100001
000000
000000
000010
000000
000000
000000
000000
000000
100001
000000
000000
000000
010000
000000
000000
000010
000000
000000
000000
100001
000000
000100
000000
000000
000010
000000
000000
010000
000000
000000
000000
000000
000100
000100
000000
000000
000000
000000
000000
000000
000000
100001
010000
000000
000000
000000
010000
000000
000100
010000
000000
000000
001000
000010
000000
000000
000000
000000
000000
000000
000000
000000
000010
000000
000000
