../msdir/ms 90 1 -s 10 
1189243410

//
segsites: 10
positions: 0.0756 0.1338 0.1518 0.2370 0.3349 0.3442 0.4174 0.5732 0.7000 0.9991 
0000100000
0010010100
0010010100
0000100000
0010010100
0000100000
0000100000
0000100000
0000100000
0000011111
0000100000
0000100000
0000100000
0010010100
0000100000
0000100000
0001100000
0000100000
0000100000
0000100000
0010010100
0000100000
0000100000
0000100000
0000100000
0000100000
0000100000
0000100000
0010010100
0000100000
0000100000
0000100000
0000100000
0000011111
0100100000
0010010100
0001100000
0000100000
0000100000
0000100000
0000100000
0000100000
0001100000
0001100000
0000100000
0000100000
0000011111
0001100000
0000100000
0000100000
0000100000
0010010100
0000100000
0010010100
0000100000
0000100000
0001100000
0001100000
0010010100
0000100000
0010010100
0000100000
0000100000
0010010100
0010010100
0000100000
0001100000
0000100000
0000100000
0001100000
0000100000
0000100000
0010010100
0000100000
0000100000
0010010100
0000100000
0000100000
0000100000
0000100000
0000100000
1000100000
0010010100
0000100000
0000100000
1000100000
0010010100
0010010100
0010010100
0010010100
