../msdir/ms 98 1 -s 10 
439701680

//
segsites: 10
positions: 0.0351 0.0533 0.3540 0.4282 0.4555 0.5611 0.6127 0.6310 0.6684 0.9870 
0010000000
0000100000
1000001000
1000001000
0000000000
0000000000
0101000000
0000100000
0100000000
0000000000
0010000010
0010000000
0010000000
0010000100
0000000000
0010000010
0010010000
0000100000
0000000000
0000000000
0010010000
0010000000
0000000000
0100000000
0100000001
1000001000
0100000000
0010000000
1000001000
0010000000
0000000000
0010000000
0000100000
0000100000
1000001000
0010000000
0010000010
0010000010
0000000000
0100000001
0010000000
0010000010
0010000000
0010000010
0000000000
1000001000
0010000000
0010010000
0000000000
0100000000
0000000000
0000000000
0010000000
0000000000
0010000000
0000000000
0100000001
0010000000
0000000000
1000001000
0010000000
0010000000
1000001000
0010000000
1000001000
0000000000
0000000000
1000001000
1000001000
0000100000
0000000000
0100000001
0100000000
0100000000
0000100000
0000000000
0010000000
0000000000
0000000000
1000001000
0010000010
0010000000
0010010000
0010000000
1000001000
1000001000
0010000000
1000001000
0000000000
0010000010
0000000000
0000000000
0010000000
0100000001
0000100000
0010000000
0010000000
0100000000
