../msdir/ms 96 1 -s 20 
1380446122

//
segsites: 20
positions: 0.0995 0.2351 0.2873 0.3335 0.3578 0.3923 0.4044 0.4563 0.4813 0.4984 0.5142 0.6721 0.6731 0.6736 0.7144 0.7211 0.7881 0.8247 0.8402 0.9435 
00000000000000010000
00010000000100010010
00000001000000000000
00000100001010000000
00000000000000010000
00010000000101010010
00000100001010000000
00000000000000010000
00000000000000010000
00000000000000011000
00000100001010000000
00000000000000000000
10000000000000110000
00000000000000000000
00000000000000000000
00000000000000000000
00100000111000000000
00000000000000010000
00000010000000000000
00000000000000010000
00000000000000000000
00000000000000000000
00000100001010000000
00100000111000000000
00000000000000010000
00000100001010000000
00000100001010000000
01000000000000000000
00000000000000000000
00000000000000010000
00000000000100010010
10000000000000110000
00010000000100010010
00000000011000000000
10000000000000110000
00000000000000010000
00010000000100010010
00000000000000010000
00000001000000000000
00000000000000000000
00010000000101010010
00000000000000000000
00000000000000000000
00000000000000000000
00000000000000010000
00000000000000010000
00000000011000000000
00000000000000000000
01000000000000000000
00000000000000000000
00000100001010000000
00000001000000000000
00000000000000000000
10000000000000010001
00000100001010000000
00000000000000000000
00000000000000010000
10000000000000110100
00000000000000000000
00000000000000010000
01000000000000000000
00000000000000010000
00010000000101010010
00001000000000000000
10000000000000110000
00000000000000000000
00001000000000000000
00000000011000000000
00000000000000000000
00000000000000000000
00000000000000010000
00000000000000000000
10000000000000010001
00000000000000010000
00000000000000000000
00000001000000000000
10000000000000010001
00000000000000010000
00000100001010000000
10000000000000010001
00000000000000000000
00000000000000010000
00000000000000000000
00000000000000000000
00000000000000000000
00000000000000010000
00000000000000010000
00000000000100010010
00000000000000010000
00000000000000010000
00000000000000010000
00000000000000010000
00000100001010000000
00000000000000000000
00000000000000010000
00000000000000010000
