../msdir/ms 96 1 -s 10 
1960705570

//
segsites: 10
positions: 0.0065 0.0632 0.0648 0.3384 0.3811 0.4628 0.6383 0.7925 0.9170 0.9886 
0000000000
0001100101
0011000111
0000000000
0000000000
0001100101
0101001101
0001000101
0000000000
0000000000
0001000101
0011000101
0000000000
0000000000
0001000101
0001100101
0001000101
0001000101
0000000000
0001000101
0001000101
0001000101
0011010101
0001000101
0001000101
0000000000
0000000000
0001100101
0001000101
0001000101
0001000101
0000000000
0000000000
0001000101
0001100101
0011000101
0000000000
0001000101
0001100101
0000000000
0001100101
0001000101
0001000101
0000000000
0001000101
0001000101
0001000101
0011000101
0000000000
0001100101
0001000101
0000000000
0011000101
0001000101
0000000000
0000000000
0001000101
0000000000
0000000000
0000000000
0001000101
0000000000
0001000101
1000000000
0001000101
0001000101
0011010101
0001000101
0000000000
0000000000
0000000000
0000000000
1000000000
0001000101
0000000000
0000000000
0001000101
0001100101
0000000000
0001100101
0001000101
0000000000
0001000101
0001100101
0011000101
1000000000
0011010101
0000000000
0001100101
0001000101
0001000101
0011000101
0001000101
0001000101
1000000000
0000000000
