../msdir/ms 94 1 -s 13 
582914677

//
segsites: 13
positions: 0.0428 0.0531 0.4157 0.5060 0.5354 0.5564 0.5914 0.6005 0.6683 0.7910 0.8127 0.9525 0.9830 
0100000100010
0000000010000
0000011100001
0000000010000
0000010100001
0000010100001
0100000100010
0000000101000
0000010100001
0000011100001
1000000100000
0000011100001
0000000101000
0000011100001
0000010100001
0000000010000
0100000100010
0000000100000
0000000010000
0000000100000
0100000100010
0000000100000
0010010100001
0000000010000
0000000010000
0000010100001
0000000010000
0000000101000
0000000100000
1000000100000
0000000101000
0000011100001
0000000010100
0000000101000
1000000100000
0000000010000
0000010100001
0000000100000
0000000101000
0000010100001
0000010100001
0010010100001
0000000010000
0000000010000
0000000100000
0000010100001
0000011100001
1000000100000
0001010100001
0000000010000
0100000100010
0000000100000
0000000100000
0000010100001
0000000101000
0000111100001
0000000101000
0000011100001
0100000100010
0000000010000
0000011100001
0000000010000
0100000100010
0000000100000
0000000101000
0000011100001
0100000100010
0000011100001
0000011100001
0000011100001
1000000100000
0000000101000
0000011100001
0000011100001
0100000100010
0010010100001
0000000010000
0000000010100
0100000100010
0000011100001
0000000100000
1000000100000
0010010100001
0000010100001
0000010100001
0000000100000
0010010100001
0000010100001
0010010100001
0000000100000
0000000100000
0000010100001
1000000100000
0000000010000
