../msdir/ms 90 1 -s 12 
140586352

//
segsites: 12
positions: 0.1717 0.1723 0.2985 0.3166 0.3419 0.4379 0.4391 0.9091 0.9186 0.9365 0.9558 0.9662 
000000000000
010010010000
000000000000
010100010010
010010010000
011010010000
011010010000
010010010100
010000010010
010010010000
010010010000
010010010000
010000011010
010100010010
000000000000
010010010000
000000000000
010010010100
010000010010
010010010000
010000010010
010010010001
010100010010
010010010000
010100010010
010010010000
010010010000
010100010010
010010010001
010010010000
011010010000
010101010010
010000010010
010010010001
010100010010
010010010000
010010010100
010010010000
010100010010
010100010010
010100010010
010000010010
011010010000
000000000000
010100010010
010010010000
010010010000
010101010010
010010010100
010000010010
010010010100
010010010000
010010010000
000000000000
010010010000
010010010000
011010010000
010010010000
000000000000
010010010000
010010010000
000000000000
010010010100
010010010000
010000010010
011010010000
010000010010
010000110010
010010010000
010100010010
010010010001
010010010001
011010010000
010010010000
010010010000
110010010000
011010010000
010000010010
010010010000
011010010000
000000000000
010101010010
010010010000
010000010010
010010010000
010101010010
010100010010
000000000000
010100010010
000000000000
