Instancia:  instances/ms_10_16.txt
# Parámetros de la instancia
Número de haplotipos: 10
Número de genotipos: 5
Cantidad de sitios polimórficos: 16
Haplotipos:
[1, 0, 0, 0, 1, 0, 0, 0, 1, 0, 0, 1, 0, 0, 1, 1]
[0, 1, 0, 1, 0, 1, 0, 0, 0, 0, 1, 0, 0, 1, 0, 0]
[0, 1, 0, 0, 0, 1, 0, 0, 0, 0, 1, 0, 0, 1, 0, 0]
[1, 0, 0, 0, 1, 0, 0, 0, 1, 1, 0, 1, 0, 0, 1, 1]
[0, 1, 0, 0, 0, 1, 0, 0, 0, 0, 1, 0, 0, 1, 0, 0]
[0, 1, 0, 0, 0, 1, 0, 0, 0, 0, 1, 0, 0, 1, 0, 0]
[0, 0, 0, 0, 0, 1, 0, 1, 0, 0, 1, 0, 1, 1, 0, 0]
[1, 0, 0, 0, 1, 0, 0, 0, 1, 0, 0, 1, 0, 0, 1, 1]
[0, 1, 0, 0, 0, 1, 1, 0, 0, 0, 1, 0, 0, 1, 0, 0]
[0, 1, 1, 0, 0, 1, 1, 0, 0, 0, 1, 0, 0, 1, 0, 0]
Genotipos:
[2, 2, 0, 2, 2, 2, 0, 0, 2, 0, 2, 2, 0, 2, 2, 2]
[2, 2, 0, 0, 2, 2, 0, 0, 2, 2, 2, 2, 0, 2, 2, 2]
[0, 1, 0, 0, 0, 1, 0, 0, 0, 0, 1, 0, 0, 1, 0, 0]
[2, 0, 0, 0, 2, 2, 0, 2, 2, 0, 2, 2, 2, 2, 2, 2]
[0, 1, 2, 0, 0, 1, 1, 0, 0, 0, 1, 0, 0, 1, 0, 0]
Solving...
######
instances/ms_10_16.txt,0,5,16,0,0.006445000000000003,4446,39700
