Instancia:  instances/ms_14_15.txt
# Parámetros de la instancia
Número de haplotipos: 14
Número de genotipos: 7
Cantidad de sitios polimórficos: 15
Haplotipos:
[0, 0, 1, 0, 0, 0, 0, 1, 0, 0, 1, 0, 0, 0, 0]
[1, 0, 0, 0, 1, 1, 0, 0, 1, 0, 0, 0, 0, 1, 0]
[1, 1, 0, 0, 1, 1, 0, 0, 0, 1, 0, 1, 0, 1, 1]
[1, 0, 0, 0, 1, 1, 0, 0, 0, 0, 0, 0, 0, 1, 0]
[1, 1, 0, 0, 1, 1, 0, 0, 0, 1, 0, 1, 0, 1, 1]
[0, 0, 1, 0, 0, 0, 0, 1, 0, 0, 0, 0, 0, 0, 0]
[0, 0, 1, 1, 0, 0, 0, 1, 0, 0, 1, 0, 0, 0, 0]
[1, 1, 0, 0, 1, 1, 0, 0, 0, 1, 0, 1, 0, 1, 1]
[1, 0, 0, 0, 1, 1, 1, 0, 0, 0, 0, 0, 0, 1, 0]
[1, 1, 0, 0, 1, 1, 0, 0, 0, 1, 0, 1, 0, 1, 1]
[1, 0, 0, 0, 1, 1, 0, 0, 0, 0, 0, 0, 0, 1, 0]
[1, 0, 0, 0, 1, 1, 0, 0, 0, 0, 0, 0, 0, 1, 0]
[1, 1, 0, 0, 1, 1, 0, 0, 0, 1, 0, 1, 0, 1, 0]
[0, 0, 1, 0, 0, 0, 0, 1, 0, 0, 0, 0, 1, 0, 0]
Genotipos:
[2, 0, 2, 0, 2, 2, 0, 2, 2, 0, 2, 0, 0, 2, 0]
[1, 2, 0, 0, 1, 1, 0, 0, 0, 2, 0, 2, 0, 1, 2]
[2, 2, 2, 0, 2, 2, 0, 2, 0, 2, 0, 2, 0, 2, 2]
[2, 2, 2, 2, 2, 2, 0, 2, 0, 2, 2, 2, 0, 2, 2]
[1, 2, 0, 0, 1, 1, 2, 0, 0, 2, 0, 2, 0, 1, 2]
[1, 0, 0, 0, 1, 1, 0, 0, 0, 0, 0, 0, 0, 1, 0]
[2, 2, 2, 0, 2, 2, 0, 2, 0, 2, 0, 2, 2, 2, 0]
Solving...
Solución válida encontrada para r=14 haplotipos
Haplotipos inferidos:
[1, 0, 0, 0, 1, 1, 0, 0, 0, 0, 0, 0, 0, 1, 0]
[0, 0, 1, 0, 0, 0, 1, 0, 0, 0, 0, 0, 0, 0, 0]
[0, 1, 0, 0, 0, 0, 0, 0, 0, 0, 0, 0, 0, 0, 0]
[0, 0, 0, 0, 0, 0, 0, 0, 0, 0, 0, 0, 0, 0, 0]
[1, 0, 0, 0, 0, 0, 0, 0, 0, 0, 0, 0, 0, 0, 0]
[1, 0, 0, 0, 0, 0, 0, 0, 0, 0, 0, 0, 0, 0, 0]
[0, 1, 0, 0, 0, 0, 0, 0, 0, 0, 0, 0, 0, 0, 0]
[0, 0, 0, 0, 0, 0, 0, 0, 0, 0, 0, 0, 0, 0, 0]
[0, 0, 0, 0, 0, 0, 0, 0, 0, 0, 0, 0, 0, 0, 0]
[0, 0, 0, 0, 0, 0, 0, 0, 0, 0, 0, 0, 0, 0, 0]
[0, 0, 0, 0, 0, 0, 0, 0, 0, 0, 0, 0, 0, 0, 0]
[0, 0, 0, 0, 0, 0, 0, 0, 0, 0, 0, 0, 0, 0, 0]
[0, 0, 0, 0, 0, 0, 0, 0, 0, 0, 0, 0, 0, 0, 0]
[1, 0, 0, 0, 0, 0, 0, 0, 0, 0, 0, 0, 0, 0, 0]
######
instances/ms_14_15.txt,1,7,15,14,0.0018859999999999918,8918,76847
