Instancia:  instances/ms_10_18.txt
# Parámetros de la instancia
Número de haplotipos: 10
Número de genotipos: 5
Cantidad de sitios polimórficos: 18
Haplotipos:
[0, 0, 0, 0, 0, 1, 0, 1, 0, 0, 0, 0, 1, 0, 0, 0, 0, 1]
[0, 0, 0, 0, 0, 1, 0, 1, 0, 0, 0, 0, 1, 0, 0, 0, 0, 1]
[0, 0, 0, 0, 0, 1, 0, 1, 0, 0, 0, 0, 1, 0, 0, 0, 0, 1]
[0, 0, 0, 1, 0, 1, 1, 1, 0, 0, 0, 0, 1, 0, 0, 0, 0, 1]
[0, 1, 0, 0, 0, 0, 0, 0, 0, 1, 1, 0, 0, 0, 0, 0, 0, 0]
[0, 0, 0, 0, 1, 1, 0, 1, 0, 0, 0, 1, 1, 0, 0, 1, 0, 1]
[0, 1, 1, 0, 0, 0, 0, 0, 0, 0, 1, 0, 0, 0, 0, 0, 0, 0]
[0, 0, 0, 0, 0, 1, 0, 1, 0, 0, 0, 0, 1, 0, 0, 0, 0, 1]
[0, 0, 0, 0, 0, 1, 0, 1, 0, 0, 0, 0, 1, 0, 0, 0, 0, 1]
[1, 0, 0, 0, 0, 0, 0, 0, 1, 0, 0, 0, 1, 1, 1, 0, 1, 0]
Genotipos:
[0, 0, 0, 0, 0, 1, 0, 1, 0, 0, 0, 0, 1, 0, 0, 0, 0, 1]
[0, 0, 0, 2, 0, 1, 2, 1, 0, 0, 0, 0, 1, 0, 0, 0, 0, 1]
[0, 2, 0, 0, 2, 2, 0, 2, 0, 2, 2, 2, 2, 0, 0, 2, 0, 2]
[0, 2, 2, 0, 0, 2, 0, 2, 0, 0, 2, 0, 2, 0, 0, 0, 0, 2]
[2, 0, 0, 0, 0, 2, 0, 2, 2, 0, 0, 0, 1, 2, 2, 0, 2, 2]
Solving...
######
instances/ms_10_18.txt,0,5,18,0,0.0009270000000000007,5478,38220
