Instancia:  instances/ms_18_6.txt
# Parámetros de la instancia
Número de haplotipos: 18
Número de genotipos: 9
Cantidad de sitios polimórficos: 6
Haplotipos:
[0, 0, 0, 0, 0, 0]
[1, 0, 0, 0, 0, 0]
[0, 0, 0, 0, 0, 0]
[0, 0, 0, 0, 0, 0]
[0, 0, 0, 0, 1, 0]
[0, 0, 0, 0, 0, 0]
[0, 0, 0, 0, 0, 0]
[0, 0, 0, 0, 0, 0]
[0, 0, 0, 0, 0, 0]
[0, 1, 0, 1, 0, 0]
[0, 1, 0, 1, 0, 0]
[1, 0, 0, 0, 0, 1]
[0, 0, 0, 0, 0, 0]
[0, 0, 0, 0, 0, 0]
[0, 0, 1, 0, 0, 0]
[0, 0, 0, 0, 0, 0]
[0, 0, 0, 0, 0, 0]
[1, 0, 0, 0, 0, 1]
Genotipos:
[2, 0, 0, 0, 0, 0]
[0, 0, 0, 0, 0, 0]
[0, 0, 0, 0, 2, 0]
[0, 0, 0, 0, 0, 0]
[0, 2, 0, 2, 0, 0]
[2, 2, 0, 2, 0, 2]
[0, 0, 0, 0, 0, 0]
[0, 0, 2, 0, 0, 0]
[2, 0, 0, 0, 0, 2]
Solving...
######
instances/ms_18_6.txt,0,9,6,0,0.00033200000000000243,16212,12125
