Instancia:  instances/ms_14_11.txt
# Parámetros de la instancia
Número de haplotipos: 14
Número de genotipos: 7
Cantidad de sitios polimórficos: 11
Haplotipos:
[0, 1, 0, 0, 0, 0, 0, 0, 0, 1, 0]
[0, 1, 0, 0, 0, 0, 0, 0, 0, 1, 0]
[0, 1, 0, 0, 0, 0, 0, 0, 0, 1, 0]
[0, 0, 1, 1, 0, 1, 1, 1, 1, 0, 1]
[0, 1, 0, 0, 0, 0, 0, 0, 0, 1, 0]
[0, 1, 0, 0, 0, 0, 0, 0, 0, 1, 0]
[0, 1, 0, 0, 0, 0, 0, 0, 0, 1, 0]
[0, 1, 0, 0, 1, 0, 0, 0, 0, 1, 0]
[0, 0, 1, 1, 0, 1, 1, 1, 1, 0, 1]
[0, 1, 0, 0, 0, 0, 0, 0, 0, 1, 0]
[0, 0, 1, 1, 0, 1, 1, 1, 1, 0, 1]
[0, 0, 1, 1, 0, 1, 1, 1, 1, 0, 1]
[1, 0, 1, 1, 0, 1, 1, 1, 1, 0, 1]
[0, 1, 0, 0, 0, 0, 0, 0, 0, 1, 0]
Genotipos:
[0, 1, 0, 0, 0, 0, 0, 0, 0, 1, 0]
[0, 2, 2, 2, 0, 2, 2, 2, 2, 2, 2]
[0, 1, 0, 0, 0, 0, 0, 0, 0, 1, 0]
[0, 1, 0, 0, 2, 0, 0, 0, 0, 1, 0]
[0, 2, 2, 2, 0, 2, 2, 2, 2, 2, 2]
[0, 0, 1, 1, 0, 1, 1, 1, 1, 0, 1]
[2, 2, 2, 2, 0, 2, 2, 2, 2, 2, 2]
Solving...
######
instances/ms_14_11.txt,0,7,11,0,0.0012479999999999991,8038,34836
