Instancia:  instances/ms_16_9.txt
# Parámetros de la instancia
Número de haplotipos: 16
Número de genotipos: 8
Cantidad de sitios polimórficos: 9
Haplotipos:
[0, 1, 1, 0, 0, 0, 0, 0, 1]
[1, 0, 0, 1, 0, 0, 0, 1, 0]
[1, 0, 0, 1, 0, 0, 0, 1, 0]
[1, 0, 0, 1, 0, 0, 0, 1, 0]
[1, 0, 0, 1, 0, 0, 0, 1, 0]
[1, 0, 0, 1, 0, 0, 1, 1, 0]
[1, 0, 0, 1, 0, 0, 0, 1, 0]
[0, 0, 0, 0, 0, 1, 0, 0, 1]
[1, 0, 0, 1, 0, 0, 0, 1, 0]
[0, 0, 0, 0, 0, 1, 0, 0, 1]
[1, 0, 0, 1, 1, 0, 0, 1, 0]
[1, 0, 0, 1, 0, 0, 1, 1, 0]
[1, 0, 0, 1, 0, 0, 0, 1, 0]
[1, 0, 0, 1, 0, 0, 0, 1, 0]
[1, 0, 0, 1, 0, 0, 0, 1, 0]
[1, 0, 0, 1, 0, 0, 1, 1, 0]
Genotipos:
[2, 2, 2, 2, 0, 0, 0, 2, 2]
[1, 0, 0, 1, 0, 0, 0, 1, 0]
[1, 0, 0, 1, 0, 0, 2, 1, 0]
[2, 0, 0, 2, 0, 2, 0, 2, 2]
[2, 0, 0, 2, 0, 2, 0, 2, 2]
[1, 0, 0, 1, 2, 0, 2, 1, 0]
[1, 0, 0, 1, 0, 0, 0, 1, 0]
[1, 0, 0, 1, 0, 0, 2, 1, 0]
Solving...
Solución válida encontrada para r=8 haplotipos
Haplotipos inferidos:
[1, 0, 0, 1, 0, 0, 0, 1, 0]
[0, 1, 0, 1, 0, 0, 0, 0, 0]
[0, 0, 0, 0, 0, 0, 0, 0, 0]
[1, 1, 0, 0, 0, 0, 0, 0, 0]
[0, 0, 0, 0, 0, 0, 0, 0, 0]
[0, 0, 0, 0, 0, 0, 0, 0, 0]
[0, 0, 0, 0, 0, 0, 0, 0, 0]
[1, 0, 0, 0, 0, 0, 0, 0, 0]
######
instances/ms_16_9.txt,1,8,9,7,0.00030000000000000165,3944,11655
