Instancia:  instances/ms_14_9.txt
# Parámetros de la instancia
Número de haplotipos: 14
Número de genotipos: 7
Cantidad de sitios polimórficos: 9
Haplotipos:
[0, 0, 0, 0, 1, 1, 0, 0, 0]
[1, 0, 0, 0, 0, 0, 0, 0, 0]
[1, 0, 0, 0, 0, 0, 0, 0, 0]
[0, 0, 0, 0, 1, 0, 0, 0, 0]
[0, 0, 0, 0, 1, 0, 0, 0, 1]
[1, 1, 0, 0, 0, 0, 0, 0, 0]
[0, 0, 0, 0, 1, 0, 0, 0, 0]
[0, 0, 0, 0, 1, 1, 0, 0, 0]
[1, 0, 0, 0, 0, 0, 0, 0, 0]
[0, 0, 0, 0, 1, 0, 0, 0, 0]
[0, 0, 0, 0, 0, 0, 1, 1, 0]
[1, 0, 0, 0, 0, 0, 0, 0, 0]
[0, 0, 1, 0, 1, 0, 0, 0, 0]
[1, 0, 0, 1, 0, 0, 0, 0, 0]
Genotipos:
[2, 0, 0, 0, 2, 2, 0, 0, 0]
[2, 0, 0, 0, 2, 0, 0, 0, 0]
[2, 2, 0, 0, 2, 0, 0, 0, 2]
[0, 0, 0, 0, 1, 2, 0, 0, 0]
[2, 0, 0, 0, 2, 0, 0, 0, 0]
[2, 0, 0, 0, 0, 0, 2, 2, 0]
[2, 0, 2, 2, 2, 0, 0, 0, 0]
Solving...
Solución válida encontrada para r=11 haplotipos
Haplotipos inferidos:
[1, 1, 1, 1, 1, 1, 1, 1, 1]
[1, 1, 1, 1, 0, 0, 0, 0, 0]
[1, 1, 1, 0, 0, 0, 0, 0, 0]
[1, 1, 0, 0, 0, 0, 0, 0, 0]
[1, 0, 0, 0, 0, 0, 0, 0, 0]
[1, 0, 0, 0, 0, 0, 0, 0, 0]
[1, 0, 0, 0, 0, 0, 0, 0, 0]
[1, 0, 0, 0, 0, 0, 0, 0, 0]
[1, 0, 0, 0, 0, 0, 0, 0, 0]
[0, 0, 0, 0, 0, 0, 0, 0, 0]
[0, 0, 0, 0, 0, 0, 0, 0, 0]
Solución válida encontrada para r=9 haplotipos
Haplotipos inferidos:
[1, 1, 1, 1, 1, 1, 1, 1, 1]
[1, 1, 1, 1, 0, 0, 0, 0, 0]
[1, 1, 1, 0, 0, 0, 0, 0, 0]
[1, 1, 0, 0, 0, 0, 0, 0, 0]
[1, 0, 0, 0, 0, 0, 0, 0, 0]
[1, 0, 0, 0, 0, 0, 0, 0, 0]
[1, 0, 0, 0, 0, 0, 0, 0, 0]
[1, 0, 0, 0, 0, 0, 0, 0, 0]
[1, 0, 0, 0, 0, 0, 0, 0, 0]
######
instances/ms_14_9.txt,1,7,9,8,0.0005029999999999965,5248,14819
