Instancia:  instances/ms_12_15.txt
# Parámetros de la instancia
Número de haplotipos: 12
Número de genotipos: 6
Cantidad de sitios polimórficos: 15
Haplotipos:
[1, 1, 0, 0, 0, 0, 0, 0, 0, 1, 1, 0, 1, 0, 0]
[1, 0, 0, 1, 0, 1, 0, 0, 0, 0, 0, 0, 0, 0, 0]
[1, 1, 0, 0, 0, 0, 0, 0, 0, 1, 1, 0, 1, 0, 0]
[0, 0, 0, 0, 0, 0, 0, 1, 0, 0, 0, 1, 0, 0, 1]
[1, 1, 1, 0, 0, 0, 0, 0, 0, 1, 1, 0, 1, 1, 0]
[1, 0, 0, 1, 1, 1, 0, 0, 1, 0, 0, 0, 0, 0, 0]
[1, 1, 0, 0, 0, 0, 0, 0, 0, 1, 1, 0, 1, 0, 0]
[0, 0, 0, 0, 0, 0, 0, 1, 0, 0, 0, 1, 0, 0, 1]
[1, 1, 0, 0, 0, 0, 1, 0, 0, 1, 1, 0, 1, 0, 0]
[0, 0, 0, 0, 0, 0, 0, 1, 0, 0, 0, 1, 0, 0, 1]
[1, 0, 0, 1, 0, 1, 0, 0, 1, 0, 0, 0, 0, 0, 0]
[1, 1, 0, 0, 0, 0, 0, 0, 0, 1, 1, 0, 1, 0, 0]
Genotipos:
[1, 2, 0, 2, 0, 2, 0, 0, 0, 2, 2, 0, 2, 0, 0]
[2, 2, 0, 0, 0, 0, 0, 2, 0, 2, 2, 2, 2, 0, 2]
[1, 2, 2, 2, 2, 2, 0, 0, 2, 2, 2, 0, 2, 2, 0]
[2, 2, 0, 0, 0, 0, 0, 2, 0, 2, 2, 2, 2, 0, 2]
[2, 2, 0, 0, 0, 0, 2, 2, 0, 2, 2, 2, 2, 0, 2]
[1, 2, 0, 2, 0, 2, 0, 0, 2, 2, 2, 0, 2, 0, 0]
Solving...
Solución válida encontrada para r=6 haplotipos
Haplotipos inferidos:
[1, 0, 0, 0, 0, 0, 0, 0, 0, 0, 0, 0, 0, 0, 0]
[0, 0, 0, 0, 0, 0, 0, 0, 0, 0, 0, 0, 0, 0, 0]
[0, 0, 0, 0, 0, 0, 0, 0, 0, 0, 0, 0, 0, 0, 0]
[0, 0, 0, 0, 0, 0, 0, 0, 0, 0, 0, 0, 0, 0, 0]
[0, 0, 0, 0, 0, 0, 0, 0, 0, 0, 0, 0, 0, 0, 0]
[0, 0, 0, 0, 0, 0, 0, 0, 0, 0, 0, 0, 0, 0, 0]
Solución válida encontrada para r=3 haplotipos
Haplotipos inferidos:
[1, 0, 0, 0, 0, 0, 0, 0, 0, 0, 0, 0, 0, 0, 0]
[0, 0, 0, 0, 0, 0, 0, 0, 0, 0, 0, 0, 0, 0, 0]
[0, 0, 0, 0, 0, 0, 0, 0, 0, 0, 0, 0, 0, 0, 0]
Solución válida encontrada para r=1 haplotipos
Haplotipos inferidos:
[1, 0, 0, 0, 0, 0, 0, 0, 0, 0, 0, 0, 0, 0, 0]
######
instances/ms_12_15.txt,1,6,15,1,0.0005270000000000066,1380,21308
