Instancia:  instances/ms_16_13.txt
# Parámetros de la instancia
Número de haplotipos: 16
Número de genotipos: 8
Cantidad de sitios polimórficos: 13
Haplotipos:
[1, 0, 0, 0, 0, 0, 0, 0, 0, 0, 0, 0, 1]
[1, 0, 0, 0, 0, 0, 0, 0, 1, 0, 0, 0, 1]
[1, 0, 0, 0, 0, 0, 0, 0, 1, 0, 0, 0, 1]
[0, 0, 1, 1, 0, 0, 1, 0, 0, 1, 0, 0, 0]
[0, 0, 1, 1, 0, 0, 1, 0, 0, 1, 1, 0, 0]
[0, 0, 1, 1, 0, 0, 1, 1, 0, 1, 0, 0, 0]
[0, 1, 1, 1, 1, 0, 1, 0, 0, 1, 0, 0, 0]
[1, 0, 0, 0, 0, 0, 0, 0, 0, 0, 0, 0, 1]
[1, 0, 0, 0, 0, 0, 0, 0, 0, 0, 0, 0, 1]
[0, 0, 1, 1, 0, 0, 1, 0, 0, 1, 1, 0, 0]
[0, 0, 1, 1, 0, 0, 1, 0, 0, 1, 1, 0, 0]
[0, 0, 1, 1, 0, 1, 1, 0, 0, 1, 0, 0, 0]
[1, 0, 0, 0, 0, 0, 0, 0, 0, 0, 0, 0, 1]
[1, 0, 0, 0, 0, 0, 0, 0, 0, 0, 0, 0, 1]
[1, 0, 0, 0, 0, 0, 0, 0, 0, 0, 0, 0, 1]
[0, 1, 1, 1, 0, 0, 1, 0, 0, 1, 0, 1, 0]
Genotipos:
[1, 0, 0, 0, 0, 0, 0, 0, 2, 0, 0, 0, 1]
[2, 0, 2, 2, 0, 0, 2, 0, 2, 2, 0, 0, 2]
[0, 0, 1, 1, 0, 0, 1, 2, 0, 1, 2, 0, 0]
[2, 2, 2, 2, 2, 0, 2, 0, 0, 2, 0, 0, 2]
[2, 0, 2, 2, 0, 0, 2, 0, 0, 2, 2, 0, 2]
[0, 0, 1, 1, 0, 2, 1, 0, 0, 1, 2, 0, 0]
[1, 0, 0, 0, 0, 0, 0, 0, 0, 0, 0, 0, 1]
[2, 2, 2, 2, 0, 0, 2, 0, 0, 2, 0, 2, 2]
Solving...
######
instances/ms_16_13.txt,0,8,13,0,0.018777000000000005,15960,69700
