Instancia:  instances/ms_16_5.txt
# Parámetros de la instancia
Número de haplotipos: 16
Número de genotipos: 8
Cantidad de sitios polimórficos: 5
Haplotipos:
[0, 1, 0, 1, 1]
[0, 1, 0, 1, 1]
[0, 1, 0, 1, 1]
[0, 1, 0, 1, 1]
[0, 1, 0, 1, 1]
[0, 1, 0, 1, 1]
[0, 1, 0, 1, 1]
[0, 1, 1, 1, 1]
[0, 1, 0, 1, 1]
[0, 1, 0, 1, 1]
[0, 1, 0, 1, 1]
[0, 1, 0, 1, 1]
[1, 0, 0, 0, 0]
[0, 1, 0, 1, 1]
[0, 1, 0, 1, 1]
[0, 1, 0, 1, 1]
Genotipos:
[0, 1, 0, 1, 1]
[0, 1, 0, 1, 1]
[0, 1, 0, 1, 1]
[0, 1, 2, 1, 1]
[0, 1, 0, 1, 1]
[0, 1, 0, 1, 1]
[2, 2, 0, 2, 2]
[0, 1, 0, 1, 1]
Solving...
######
instances/ms_16_5.txt,0,8,5,0,0.00015299999999999342,11240,4650
