Instancia:  instances/ms_12_18.txt
# Parámetros de la instancia
Número de haplotipos: 12
Número de genotipos: 6
Cantidad de sitios polimórficos: 18
Haplotipos:
[0, 1, 0, 0, 0, 1, 0, 0, 0, 0, 0, 0, 1, 0, 0, 0, 1, 1]
[0, 0, 1, 0, 0, 1, 0, 0, 0, 0, 0, 0, 1, 0, 0, 0, 1, 1]
[1, 0, 0, 1, 0, 0, 1, 1, 1, 0, 0, 1, 0, 1, 0, 1, 0, 0]
[0, 1, 0, 0, 0, 1, 0, 0, 0, 0, 0, 0, 1, 0, 0, 0, 1, 1]
[0, 1, 0, 0, 0, 1, 0, 0, 0, 0, 0, 0, 1, 0, 0, 0, 1, 1]
[0, 1, 0, 0, 0, 1, 0, 0, 0, 0, 0, 0, 1, 0, 0, 0, 1, 1]
[1, 0, 0, 0, 0, 0, 1, 1, 0, 1, 0, 0, 0, 1, 0, 1, 0, 0]
[0, 1, 0, 0, 0, 1, 0, 0, 0, 0, 0, 0, 1, 0, 0, 0, 1, 1]
[0, 1, 0, 0, 0, 1, 0, 0, 0, 0, 0, 0, 1, 0, 0, 0, 1, 1]
[0, 0, 0, 0, 0, 1, 0, 0, 0, 0, 1, 0, 1, 0, 0, 0, 1, 1]
[0, 0, 1, 0, 0, 1, 0, 0, 0, 0, 0, 0, 1, 0, 0, 0, 1, 1]
[1, 0, 0, 0, 1, 0, 1, 1, 0, 1, 0, 0, 0, 1, 1, 1, 0, 0]
Genotipos:
[0, 2, 2, 0, 0, 1, 0, 0, 0, 0, 0, 0, 1, 0, 0, 0, 1, 1]
[2, 2, 0, 2, 0, 2, 2, 2, 2, 0, 0, 2, 2, 2, 0, 2, 2, 2]
[0, 1, 0, 0, 0, 1, 0, 0, 0, 0, 0, 0, 1, 0, 0, 0, 1, 1]
[2, 2, 0, 0, 0, 2, 2, 2, 0, 2, 0, 0, 2, 2, 0, 2, 2, 2]
[0, 2, 0, 0, 0, 1, 0, 0, 0, 0, 2, 0, 1, 0, 0, 0, 1, 1]
[2, 0, 2, 0, 2, 2, 2, 2, 0, 2, 0, 0, 2, 2, 2, 2, 2, 2]
Solving...
######
instances/ms_12_18.txt,0,6,18,0,0.0020589999999999914,7532,66976
