Instancia:  instances/ms_12_9.txt
# Parámetros de la instancia
Número de haplotipos: 12
Número de genotipos: 6
Cantidad de sitios polimórficos: 9
Haplotipos:
[0, 1, 0, 0, 1, 1, 0, 1, 0]
[0, 1, 0, 0, 1, 0, 0, 1, 1]
[0, 1, 0, 0, 1, 0, 0, 1, 0]
[0, 1, 0, 0, 1, 0, 0, 1, 1]
[0, 1, 0, 0, 1, 0, 0, 1, 0]
[1, 0, 0, 0, 0, 0, 1, 0, 0]
[0, 1, 0, 1, 1, 0, 0, 1, 0]
[0, 1, 0, 0, 1, 0, 0, 1, 0]
[0, 1, 0, 0, 1, 0, 0, 1, 0]
[0, 1, 0, 1, 1, 0, 0, 1, 0]
[0, 1, 0, 0, 1, 0, 0, 1, 0]
[0, 1, 1, 0, 1, 0, 0, 1, 0]
Genotipos:
[0, 1, 0, 0, 1, 2, 0, 1, 2]
[0, 1, 0, 0, 1, 0, 0, 1, 2]
[2, 2, 0, 0, 2, 0, 2, 2, 0]
[0, 1, 0, 2, 1, 0, 0, 1, 0]
[0, 1, 0, 2, 1, 0, 0, 1, 0]
[0, 1, 2, 0, 1, 0, 0, 1, 0]
Solving...
Solución válida encontrada para r=9 haplotipos
Haplotipos inferidos:
[0, 1, 0, 0, 1, 0, 0, 1, 0]
[1, 0, 0, 1, 0, 0, 0, 0, 0]
[0, 0, 0, 0, 0, 0, 0, 0, 0]
[0, 1, 0, 0, 0, 0, 0, 0, 0]
[1, 0, 0, 0, 0, 0, 0, 0, 0]
[0, 0, 0, 0, 0, 0, 0, 0, 0]
[0, 0, 0, 0, 0, 0, 0, 0, 0]
[1, 0, 0, 0, 0, 0, 0, 0, 0]
[0, 0, 0, 0, 0, 0, 0, 0, 0]
Solución válida encontrada para r=8 haplotipos
Haplotipos inferidos:
[0, 1, 0, 0, 1, 0, 0, 1, 0]
[1, 0, 0, 1, 0, 0, 0, 0, 0]
[0, 0, 0, 0, 0, 0, 0, 0, 0]
[0, 1, 0, 0, 0, 0, 0, 0, 0]
[1, 0, 0, 0, 0, 0, 0, 0, 0]
[0, 0, 0, 0, 0, 0, 0, 0, 0]
[0, 0, 0, 0, 0, 0, 0, 0, 0]
[1, 0, 0, 0, 0, 0, 0, 0, 0]
######
instances/ms_12_9.txt,1,6,9,8,0.0002020000000000008,3916,7330
