Instancia:  instances/ms_12_7.txt
# Parámetros de la instancia
Número de haplotipos: 12
Número de genotipos: 6
Cantidad de sitios polimórficos: 7
Haplotipos:
[0, 0, 1, 1, 1, 0, 1]
[0, 0, 1, 1, 1, 1, 1]
[0, 0, 0, 0, 0, 0, 0]
[0, 0, 0, 0, 0, 0, 0]
[0, 0, 0, 0, 0, 0, 0]
[1, 1, 0, 0, 0, 0, 0]
[1, 1, 0, 0, 0, 0, 0]
[0, 0, 0, 0, 0, 0, 0]
[0, 0, 0, 0, 0, 0, 0]
[0, 0, 0, 0, 0, 0, 0]
[0, 0, 0, 0, 0, 0, 0]
[0, 0, 1, 1, 1, 0, 1]
Genotipos:
[0, 0, 1, 1, 1, 2, 1]
[0, 0, 0, 0, 0, 0, 0]
[2, 2, 0, 0, 0, 0, 0]
[2, 2, 0, 0, 0, 0, 0]
[0, 0, 0, 0, 0, 0, 0]
[0, 0, 2, 2, 2, 0, 2]
Solving...
######
instances/ms_12_7.txt,0,6,7,0,0.0010499999999999989,4692,6094
