Instancia:  instances/ms_100_3.txt
# Parámetros de la instancia
Número de haplotipos: 100
Número de genotipos: 50
Cantidad de sitios polimórficos: 3
Haplotipos:
[0, 0, 0]
[0, 1, 1]
[0, 0, 0]
[0, 0, 0]
[0, 0, 0]
[0, 0, 0]
[0, 0, 0]
[1, 0, 0]
[0, 1, 0]
[1, 0, 0]
[0, 0, 0]
[0, 0, 0]
[0, 0, 0]
[0, 0, 0]
[0, 0, 0]
[0, 0, 0]
[0, 0, 0]
[0, 0, 0]
[0, 1, 1]
[1, 0, 0]
[1, 0, 0]
[0, 0, 0]
[0, 0, 0]
[1, 0, 0]
[0, 0, 0]
[1, 0, 0]
[1, 0, 0]
[0, 0, 0]
[0, 0, 0]
[0, 0, 0]
[0, 0, 0]
[0, 0, 0]
[0, 0, 0]
[0, 0, 0]
[1, 0, 0]
[0, 1, 1]
[1, 0, 0]
[0, 0, 0]
[0, 0, 0]
[0, 0, 0]
[0, 1, 1]
[0, 0, 0]
[1, 0, 0]
[0, 0, 0]
[1, 0, 0]
[0, 0, 0]
[0, 0, 0]
[0, 0, 0]
[0, 0, 0]
[0, 0, 0]
[0, 0, 0]
[0, 0, 0]
[0, 0, 0]
[0, 0, 0]
[1, 0, 0]
[0, 0, 0]
[0, 0, 0]
[0, 0, 0]
[0, 0, 0]
[0, 0, 0]
[1, 0, 0]
[0, 0, 0]
[0, 0, 0]
[0, 0, 0]
[1, 0, 0]
[0, 0, 0]
[0, 0, 0]
[1, 0, 0]
[0, 0, 0]
[0, 1, 1]
[0, 0, 0]
[1, 0, 0]
[0, 1, 1]
[1, 0, 0]
[0, 0, 0]
[1, 0, 0]
[0, 0, 0]
[0, 0, 0]
[0, 0, 0]
[1, 0, 0]
[0, 0, 0]
[0, 0, 0]
[0, 0, 0]
[0, 0, 0]
[0, 0, 0]
[0, 0, 0]
[0, 0, 0]
[0, 0, 0]
[0, 0, 0]
[0, 0, 0]
[0, 0, 0]
[0, 0, 0]
[1, 0, 0]
[0, 1, 1]
[0, 0, 0]
[1, 0, 0]
[0, 0, 0]
[0, 1, 1]
[0, 0, 0]
[0, 0, 0]
Genotipos:
[0, 2, 2]
[0, 0, 0]
[0, 0, 0]
[2, 0, 0]
[2, 2, 0]
[0, 0, 0]
[0, 0, 0]
[0, 0, 0]
[0, 0, 0]
[2, 2, 2]
[2, 0, 0]
[2, 0, 0]
[2, 0, 0]
[2, 0, 0]
[0, 0, 0]
[0, 0, 0]
[0, 0, 0]
[2, 2, 2]
[2, 0, 0]
[0, 0, 0]
[0, 2, 2]
[2, 0, 0]
[2, 0, 0]
[0, 0, 0]
[0, 0, 0]
[0, 0, 0]
[0, 0, 0]
[2, 0, 0]
[0, 0, 0]
[0, 0, 0]
[2, 0, 0]
[0, 0, 0]
[2, 0, 0]
[2, 0, 0]
[0, 2, 2]
[2, 0, 0]
[2, 2, 2]
[2, 0, 0]
[0, 0, 0]
[2, 0, 0]
[0, 0, 0]
[0, 0, 0]
[0, 0, 0]
[0, 0, 0]
[0, 0, 0]
[0, 0, 0]
[2, 2, 2]
[2, 0, 0]
[0, 2, 2]
[0, 0, 0]
Solving...
######
instances/ms_100_3.txt,0,50,3,0,0.008641000000000523,2801904,160386
