Instancia:  instances/ms_14_12.txt
# Parámetros de la instancia
Número de haplotipos: 14
Número de genotipos: 7
Cantidad de sitios polimórficos: 12
Haplotipos:
[0, 0, 0, 0, 0, 0, 0, 1, 0, 0, 0, 0]
[0, 0, 0, 0, 0, 0, 0, 1, 0, 0, 0, 0]
[0, 0, 0, 0, 0, 1, 1, 1, 0, 0, 1, 0]
[0, 0, 0, 0, 0, 0, 1, 1, 0, 0, 1, 0]
[1, 1, 0, 0, 0, 0, 0, 1, 0, 0, 0, 0]
[0, 0, 0, 0, 0, 0, 0, 1, 0, 0, 0, 0]
[0, 0, 0, 0, 0, 0, 0, 1, 0, 0, 0, 0]
[0, 0, 0, 0, 0, 0, 1, 1, 0, 0, 1, 0]
[0, 0, 0, 0, 0, 0, 1, 1, 0, 0, 1, 0]
[1, 1, 0, 0, 0, 0, 0, 1, 0, 0, 0, 0]
[0, 0, 0, 0, 0, 0, 1, 1, 0, 0, 0, 0]
[0, 0, 0, 0, 0, 0, 1, 1, 0, 0, 1, 0]
[0, 0, 0, 0, 0, 0, 1, 1, 0, 0, 0, 0]
[0, 0, 1, 1, 1, 0, 0, 0, 1, 1, 0, 1]
Genotipos:
[0, 0, 0, 0, 0, 0, 0, 1, 0, 0, 0, 0]
[0, 0, 0, 0, 0, 2, 1, 1, 0, 0, 1, 0]
[2, 2, 0, 0, 0, 0, 0, 1, 0, 0, 0, 0]
[0, 0, 0, 0, 0, 0, 2, 1, 0, 0, 2, 0]
[2, 2, 0, 0, 0, 0, 2, 1, 0, 0, 2, 0]
[0, 0, 0, 0, 0, 0, 1, 1, 0, 0, 2, 0]
[0, 0, 2, 2, 2, 0, 2, 2, 2, 2, 0, 2]
Solving...
######
instances/ms_14_12.txt,0,7,12,0,0.006256999999999999,9570,24423
