Instancia:  instances/ms_100_4.txt
# Parámetros de la instancia
Número de haplotipos: 100
Número de genotipos: 50
Cantidad de sitios polimórficos: 4
Haplotipos:
[0, 1, 0, 0]
[0, 0, 0, 0]
[0, 0, 0, 0]
[0, 1, 0, 0]
[1, 0, 0, 0]
[0, 1, 0, 0]
[0, 0, 0, 0]
[0, 0, 0, 0]
[0, 0, 0, 0]
[0, 1, 0, 0]
[0, 0, 0, 0]
[0, 0, 0, 0]
[0, 0, 0, 0]
[1, 0, 0, 0]
[0, 0, 0, 0]
[0, 1, 0, 0]
[0, 0, 0, 0]
[0, 0, 0, 0]
[0, 1, 0, 0]
[0, 1, 0, 0]
[0, 1, 0, 0]
[0, 0, 0, 0]
[0, 0, 0, 0]
[0, 0, 0, 0]
[0, 1, 0, 0]
[0, 0, 1, 0]
[0, 0, 0, 0]
[0, 0, 0, 0]
[0, 0, 0, 0]
[0, 0, 0, 0]
[0, 1, 0, 0]
[0, 0, 0, 0]
[0, 0, 0, 1]
[1, 0, 0, 0]
[0, 0, 0, 0]
[0, 0, 0, 0]
[0, 0, 0, 0]
[0, 1, 0, 0]
[0, 0, 0, 0]
[0, 1, 0, 0]
[0, 1, 0, 0]
[1, 0, 0, 0]
[0, 0, 1, 0]
[0, 0, 0, 0]
[0, 1, 0, 0]
[0, 0, 0, 0]
[0, 1, 0, 0]
[0, 0, 0, 0]
[0, 0, 0, 0]
[0, 1, 0, 0]
[0, 0, 0, 0]
[0, 0, 0, 0]
[0, 1, 0, 0]
[0, 0, 0, 0]
[0, 0, 0, 0]
[0, 0, 1, 0]
[0, 0, 0, 0]
[0, 0, 1, 0]
[0, 0, 0, 0]
[0, 0, 0, 0]
[0, 0, 0, 0]
[0, 1, 0, 0]
[0, 0, 0, 0]
[0, 0, 0, 0]
[0, 1, 0, 0]
[0, 0, 0, 0]
[0, 1, 0, 0]
[0, 1, 0, 0]
[0, 1, 0, 0]
[0, 0, 0, 0]
[0, 0, 0, 0]
[0, 0, 0, 0]
[0, 1, 0, 0]
[0, 0, 1, 0]
[0, 0, 0, 0]
[0, 0, 0, 0]
[0, 0, 0, 0]
[0, 0, 0, 0]
[0, 1, 0, 0]
[0, 1, 0, 0]
[0, 0, 0, 0]
[0, 1, 0, 0]
[0, 0, 0, 0]
[0, 0, 0, 0]
[0, 1, 0, 0]
[0, 0, 1, 0]
[0, 0, 0, 0]
[0, 0, 0, 1]
[0, 1, 0, 0]
[0, 0, 0, 0]
[0, 0, 0, 0]
[0, 0, 0, 0]
[0, 0, 0, 1]
[0, 1, 0, 0]
[0, 1, 0, 0]
[0, 0, 0, 0]
[0, 0, 0, 0]
[0, 0, 0, 1]
[0, 0, 0, 0]
[0, 0, 0, 0]
Genotipos:
[0, 2, 0, 0]
[0, 2, 0, 0]
[2, 2, 0, 0]
[0, 0, 0, 0]
[0, 2, 0, 0]
[0, 0, 0, 0]
[2, 0, 0, 0]
[0, 2, 0, 0]
[0, 0, 0, 0]
[0, 1, 0, 0]
[0, 2, 0, 0]
[0, 0, 0, 0]
[0, 2, 2, 0]
[0, 0, 0, 0]
[0, 0, 0, 0]
[0, 2, 0, 0]
[2, 0, 0, 2]
[0, 0, 0, 0]
[0, 2, 0, 0]
[0, 2, 0, 0]
[2, 2, 0, 0]
[0, 0, 2, 0]
[0, 2, 0, 0]
[0, 2, 0, 0]
[0, 2, 0, 0]
[0, 0, 0, 0]
[0, 2, 0, 0]
[0, 0, 2, 0]
[0, 0, 2, 0]
[0, 0, 0, 0]
[0, 2, 0, 0]
[0, 0, 0, 0]
[0, 2, 0, 0]
[0, 1, 0, 0]
[0, 2, 0, 0]
[0, 0, 0, 0]
[0, 2, 2, 0]
[0, 0, 0, 0]
[0, 0, 0, 0]
[0, 1, 0, 0]
[0, 2, 0, 0]
[0, 0, 0, 0]
[0, 2, 2, 0]
[0, 0, 0, 2]
[0, 2, 0, 0]
[0, 0, 0, 0]
[0, 2, 0, 2]
[0, 2, 0, 0]
[0, 0, 0, 2]
[0, 0, 0, 0]
Solving...
######
instances/ms_100_4.txt,0,50,4,0,0.2931490000000001,2862204,213208
