Instancia:  instances/ms_10_15.txt
# Parámetros de la instancia
Número de haplotipos: 10
Número de genotipos: 5
Cantidad de sitios polimórficos: 15
Haplotipos:
[0, 0, 0, 1, 1, 0, 1, 0, 0, 1, 0, 0, 0, 1, 0]
[0, 1, 0, 0, 0, 0, 0, 0, 0, 0, 0, 0, 0, 0, 0]
[0, 0, 1, 1, 1, 1, 0, 1, 0, 1, 0, 0, 0, 0, 0]
[0, 0, 0, 1, 1, 1, 0, 0, 0, 1, 0, 0, 0, 0, 0]
[0, 0, 0, 1, 1, 0, 0, 0, 1, 1, 1, 0, 0, 0, 0]
[0, 0, 0, 1, 1, 0, 0, 0, 1, 1, 1, 1, 0, 0, 0]
[1, 0, 0, 1, 0, 0, 0, 0, 0, 0, 0, 0, 1, 0, 1]
[1, 0, 0, 1, 0, 0, 0, 0, 0, 0, 0, 0, 1, 0, 1]
[0, 0, 0, 1, 1, 0, 1, 0, 0, 1, 0, 0, 0, 1, 0]
[0, 0, 0, 1, 1, 1, 0, 1, 0, 1, 0, 0, 0, 0, 0]
Genotipos:
[0, 2, 0, 2, 2, 0, 2, 0, 0, 2, 0, 0, 0, 2, 0]
[0, 0, 2, 1, 1, 1, 0, 2, 0, 1, 0, 0, 0, 0, 0]
[0, 0, 0, 1, 1, 0, 0, 0, 1, 1, 1, 2, 0, 0, 0]
[1, 0, 0, 1, 0, 0, 0, 0, 0, 0, 0, 0, 1, 0, 1]
[0, 0, 0, 1, 1, 2, 2, 2, 0, 1, 0, 0, 0, 2, 0]
Solving...
######
instances/ms_10_15.txt,0,5,15,0,0.002445999999999997,5302,14624
