Instancia:  instances/ms_12_14.txt
# Parámetros de la instancia
Número de haplotipos: 12
Número de genotipos: 6
Cantidad de sitios polimórficos: 14
Haplotipos:
[0, 0, 1, 1, 0, 0, 1, 1, 0, 1, 1, 1, 0, 0]
[1, 0, 0, 0, 0, 1, 0, 0, 0, 0, 0, 0, 0, 1]
[0, 0, 1, 0, 0, 0, 1, 1, 1, 1, 1, 0, 0, 0]
[1, 0, 0, 0, 0, 1, 0, 0, 0, 0, 0, 0, 0, 1]
[0, 1, 1, 0, 1, 0, 1, 1, 0, 1, 1, 0, 0, 0]
[1, 0, 0, 0, 0, 1, 0, 0, 0, 0, 0, 0, 0, 1]
[0, 0, 1, 1, 0, 0, 1, 1, 0, 1, 1, 0, 0, 0]
[1, 0, 0, 0, 0, 1, 0, 0, 0, 0, 0, 0, 0, 1]
[0, 0, 1, 0, 0, 0, 1, 1, 1, 1, 1, 0, 0, 0]
[1, 0, 0, 0, 0, 1, 0, 0, 0, 0, 0, 0, 0, 1]
[0, 0, 1, 1, 0, 0, 1, 1, 0, 1, 1, 0, 1, 0]
[1, 0, 0, 0, 0, 1, 0, 0, 0, 0, 0, 0, 0, 1]
Genotipos:
[2, 0, 2, 2, 0, 2, 2, 2, 0, 2, 2, 2, 0, 2]
[2, 0, 2, 0, 0, 2, 2, 2, 2, 2, 2, 0, 0, 2]
[2, 2, 2, 0, 2, 2, 2, 2, 0, 2, 2, 0, 0, 2]
[2, 0, 2, 2, 0, 2, 2, 2, 0, 2, 2, 0, 0, 2]
[2, 0, 2, 0, 0, 2, 2, 2, 2, 2, 2, 0, 0, 2]
[2, 0, 2, 2, 0, 2, 2, 2, 0, 2, 2, 0, 2, 2]
Solving...
Solución válida encontrada para r=6 haplotipos
Haplotipos inferidos:
[0, 0, 0, 0, 0, 0, 0, 0, 0, 0, 0, 0, 0, 0]
[0, 0, 0, 0, 0, 0, 0, 0, 0, 0, 0, 0, 0, 0]
[0, 0, 0, 0, 0, 0, 0, 0, 0, 0, 0, 0, 0, 0]
[0, 0, 0, 0, 0, 0, 0, 0, 0, 0, 0, 0, 0, 0]
[0, 0, 0, 0, 0, 0, 0, 0, 0, 0, 0, 0, 0, 0]
[0, 0, 0, 0, 0, 0, 0, 0, 0, 0, 0, 0, 0, 0]
Solución válida encontrada para r=3 haplotipos
Haplotipos inferidos:
[0, 0, 0, 0, 0, 0, 0, 0, 0, 0, 0, 0, 0, 0]
[0, 0, 0, 0, 0, 0, 0, 0, 0, 0, 0, 0, 0, 0]
[0, 0, 0, 0, 0, 0, 0, 0, 0, 0, 0, 0, 0, 0]
Solución válida encontrada para r=1 haplotipos
Haplotipos inferidos:
[0, 0, 0, 0, 0, 0, 0, 0, 0, 0, 0, 0, 0, 0]
######
instances/ms_12_14.txt,1,6,14,1,0.0005690000000000035,1134,23350
