Instancia:  instances/ms_12_10.txt
# Parámetros de la instancia
Número de haplotipos: 12
Número de genotipos: 6
Cantidad de sitios polimórficos: 10
Haplotipos:
[0, 0, 1, 0, 0, 0, 0, 0, 0, 1]
[1, 0, 0, 0, 1, 0, 0, 0, 0, 0]
[1, 0, 0, 1, 1, 0, 0, 0, 0, 0]
[1, 0, 0, 0, 1, 0, 0, 0, 1, 0]
[1, 0, 0, 0, 1, 0, 1, 0, 0, 0]
[1, 0, 0, 1, 1, 0, 0, 0, 0, 0]
[1, 0, 0, 0, 1, 0, 0, 0, 0, 0]
[0, 1, 0, 0, 0, 1, 0, 1, 0, 0]
[1, 0, 0, 1, 1, 0, 0, 0, 0, 0]
[1, 0, 0, 0, 1, 0, 0, 0, 1, 0]
[1, 0, 0, 0, 1, 0, 0, 0, 0, 0]
[1, 0, 0, 0, 1, 0, 0, 0, 0, 0]
Genotipos:
[2, 0, 2, 0, 2, 0, 0, 0, 0, 2]
[1, 0, 0, 2, 1, 0, 0, 0, 2, 0]
[1, 0, 0, 2, 1, 0, 2, 0, 0, 0]
[2, 2, 0, 0, 2, 2, 0, 2, 0, 0]
[1, 0, 0, 2, 1, 0, 0, 0, 2, 0]
[1, 0, 0, 0, 1, 0, 0, 0, 0, 0]
Solving...
Solución válida encontrada para r=6 haplotipos
Haplotipos inferidos:
[1, 0, 0, 0, 1, 0, 0, 0, 0, 0]
[0, 0, 0, 0, 0, 0, 0, 0, 0, 0]
[0, 0, 0, 0, 0, 0, 0, 0, 0, 0]
[0, 0, 0, 0, 0, 0, 0, 0, 0, 0]
[1, 0, 0, 0, 0, 0, 0, 0, 0, 0]
[0, 0, 0, 0, 0, 0, 0, 0, 0, 0]
Solución válida encontrada para r=5 haplotipos
Haplotipos inferidos:
[1, 0, 0, 0, 1, 0, 0, 0, 0, 0]
[0, 0, 0, 0, 0, 0, 0, 0, 0, 0]
[0, 0, 0, 0, 0, 0, 0, 0, 0, 0]
[0, 0, 0, 0, 0, 0, 0, 0, 0, 0]
[1, 0, 0, 0, 0, 0, 0, 0, 0, 0]
######
instances/ms_12_10.txt,1,6,10,5,0.00019099999999999326,2196,7088
