Instancia:  instances/ms_10_14.txt
# Parámetros de la instancia
Número de haplotipos: 10
Número de genotipos: 5
Cantidad de sitios polimórficos: 14
Haplotipos:
[1, 0, 0, 1, 0, 0, 1, 0, 0, 1, 1, 0, 0, 0]
[1, 1, 0, 0, 1, 0, 1, 0, 0, 0, 1, 0, 0, 0]
[0, 0, 1, 0, 0, 0, 0, 1, 0, 0, 0, 0, 0, 0]
[1, 0, 0, 1, 0, 0, 1, 0, 0, 1, 1, 0, 0, 0]
[1, 1, 0, 0, 1, 0, 1, 0, 0, 0, 1, 0, 0, 0]
[0, 0, 0, 0, 0, 0, 0, 1, 0, 0, 0, 1, 0, 0]
[0, 0, 0, 0, 0, 0, 0, 1, 0, 0, 0, 1, 0, 0]
[0, 0, 0, 0, 0, 1, 0, 1, 1, 0, 0, 0, 1, 0]
[1, 0, 0, 0, 0, 0, 1, 0, 0, 0, 1, 0, 0, 1]
[1, 0, 0, 0, 1, 0, 1, 0, 0, 0, 1, 0, 0, 0]
Genotipos:
[1, 2, 0, 2, 2, 0, 1, 0, 0, 2, 1, 0, 0, 0]
[2, 0, 2, 2, 0, 0, 2, 2, 0, 2, 2, 0, 0, 0]
[2, 2, 0, 0, 2, 0, 2, 2, 0, 0, 2, 2, 0, 0]
[0, 0, 0, 0, 0, 2, 0, 1, 2, 0, 0, 2, 2, 0]
[1, 0, 0, 0, 2, 0, 1, 0, 0, 0, 1, 0, 0, 2]
Solving...
######
instances/ms_10_14.txt,0,5,14,0,0.004122999999999998,4366,24992
