Instancia:  instances/ms_18_11.txt
# Parámetros de la instancia
Número de haplotipos: 18
Número de genotipos: 9
Cantidad de sitios polimórficos: 11
Haplotipos:
[0, 0, 0, 1, 0, 0, 0, 0, 0, 0, 1]
[1, 0, 1, 0, 1, 1, 1, 0, 0, 1, 0]
[1, 0, 1, 0, 1, 1, 1, 0, 0, 1, 0]
[0, 0, 0, 0, 0, 0, 0, 0, 0, 0, 1]
[0, 0, 0, 1, 0, 0, 0, 0, 0, 0, 1]
[1, 0, 1, 0, 1, 0, 1, 0, 0, 1, 0]
[0, 1, 1, 0, 1, 0, 1, 0, 1, 1, 0]
[1, 0, 1, 0, 1, 1, 1, 0, 0, 1, 0]
[1, 0, 1, 0, 1, 0, 1, 0, 0, 1, 0]
[1, 0, 1, 0, 1, 1, 1, 0, 0, 1, 0]
[1, 0, 1, 0, 1, 1, 1, 0, 0, 1, 0]
[1, 0, 1, 0, 1, 0, 1, 0, 0, 1, 0]
[1, 0, 1, 0, 1, 0, 1, 0, 0, 1, 0]
[1, 0, 1, 0, 1, 0, 1, 0, 0, 1, 0]
[0, 1, 1, 0, 1, 0, 1, 0, 1, 1, 0]
[1, 0, 1, 0, 1, 0, 1, 0, 0, 1, 0]
[0, 0, 0, 0, 0, 0, 0, 1, 0, 0, 1]
[1, 0, 1, 0, 1, 0, 1, 0, 0, 1, 0]
Genotipos:
[2, 0, 2, 2, 2, 2, 2, 0, 0, 2, 2]
[2, 0, 2, 0, 2, 2, 2, 0, 0, 2, 2]
[2, 0, 2, 2, 2, 0, 2, 0, 0, 2, 2]
[2, 2, 1, 0, 1, 2, 1, 0, 2, 1, 0]
[1, 0, 1, 0, 1, 2, 1, 0, 0, 1, 0]
[1, 0, 1, 0, 1, 2, 1, 0, 0, 1, 0]
[1, 0, 1, 0, 1, 0, 1, 0, 0, 1, 0]
[2, 2, 1, 0, 1, 0, 1, 0, 2, 1, 0]
[2, 0, 2, 0, 2, 0, 2, 2, 0, 2, 2]
Solving...
Solución válida encontrada para r=14 haplotipos
Haplotipos inferidos:
[1, 0, 1, 0, 1, 0, 1, 0, 0, 1, 0]
[0, 0, 0, 0, 1, 0, 0, 0, 0, 0, 0]
[1, 0, 0, 0, 0, 0, 0, 0, 0, 0, 0]
[0, 0, 0, 0, 0, 0, 0, 0, 0, 0, 0]
[1, 1, 0, 0, 0, 0, 0, 0, 0, 0, 0]
[0, 0, 0, 0, 0, 0, 0, 0, 0, 0, 0]
[1, 0, 0, 0, 0, 0, 0, 0, 0, 0, 0]
[0, 0, 0, 0, 0, 0, 0, 0, 0, 0, 0]
[0, 0, 0, 0, 0, 0, 0, 0, 0, 0, 0]
[1, 0, 0, 0, 0, 0, 0, 0, 0, 0, 0]
[0, 0, 0, 0, 0, 0, 0, 0, 0, 0, 0]
[0, 0, 0, 0, 0, 0, 0, 0, 0, 0, 0]
[0, 0, 0, 0, 0, 0, 0, 0, 0, 0, 0]
[0, 0, 0, 0, 0, 0, 0, 0, 0, 0, 0]
Solución válida encontrada para r=11 haplotipos
Haplotipos inferidos:
[1, 0, 1, 0, 1, 0, 1, 0, 0, 1, 0]
[0, 0, 0, 0, 1, 0, 0, 0, 0, 0, 0]
[1, 0, 0, 0, 0, 0, 0, 0, 0, 0, 0]
[0, 0, 0, 0, 0, 0, 0, 0, 0, 0, 0]
[1, 1, 0, 0, 0, 0, 0, 0, 0, 0, 0]
[0, 0, 0, 0, 0, 0, 0, 0, 0, 0, 0]
[1, 0, 0, 0, 0, 0, 0, 0, 0, 0, 0]
[0, 0, 0, 0, 0, 0, 0, 0, 0, 0, 0]
[0, 0, 0, 0, 0, 0, 0, 0, 0, 0, 0]
[1, 0, 0, 0, 0, 0, 0, 0, 0, 0, 0]
[0, 0, 0, 0, 0, 0, 0, 0, 0, 0, 0]
Solución válida encontrada para r=10 haplotipos
Haplotipos inferidos:
[1, 0, 1, 0, 1, 0, 1, 0, 0, 1, 0]
[0, 0, 0, 0, 1, 0, 0, 0, 0, 0, 0]
[1, 0, 0, 0, 0, 0, 0, 0, 0, 0, 0]
[0, 0, 0, 0, 0, 0, 0, 0, 0, 0, 0]
[1, 1, 0, 0, 0, 0, 0, 0, 0, 0, 0]
[0, 0, 0, 0, 0, 0, 0, 0, 0, 0, 0]
[1, 0, 0, 0, 0, 0, 0, 0, 0, 0, 0]
[0, 0, 0, 0, 0, 0, 0, 0, 0, 0, 0]
[0, 0, 0, 0, 0, 0, 0, 0, 0, 0, 0]
[1, 0, 0, 0, 0, 0, 0, 0, 0, 0, 0]
######
instances/ms_18_11.txt,1,9,11,10,0.0010590000000000113,9830,43464
