Instancia:  instances/ms_12_12.txt
# Parámetros de la instancia
Número de haplotipos: 12
Número de genotipos: 6
Cantidad de sitios polimórficos: 12
Haplotipos:
[0, 1, 1, 0, 0, 0, 1, 0, 0, 1, 0, 1]
[0, 1, 1, 0, 0, 0, 1, 0, 0, 0, 0, 0]
[0, 1, 1, 0, 0, 0, 1, 0, 0, 0, 0, 0]
[0, 1, 1, 0, 1, 0, 1, 0, 0, 0, 0, 0]
[0, 1, 1, 0, 0, 1, 1, 1, 0, 1, 0, 1]
[0, 1, 1, 0, 0, 1, 1, 1, 0, 1, 0, 1]
[0, 1, 1, 0, 0, 0, 1, 0, 0, 0, 0, 0]
[1, 1, 1, 0, 0, 0, 1, 0, 0, 0, 0, 0]
[0, 0, 0, 1, 0, 0, 0, 0, 1, 0, 1, 0]
[1, 1, 1, 0, 0, 0, 1, 0, 0, 0, 0, 0]
[1, 1, 1, 0, 0, 0, 1, 0, 0, 0, 0, 0]
[0, 1, 1, 0, 0, 0, 1, 0, 0, 0, 0, 0]
Genotipos:
[0, 1, 1, 0, 0, 0, 1, 0, 0, 2, 0, 2]
[0, 1, 1, 0, 2, 0, 1, 0, 0, 0, 0, 0]
[0, 1, 1, 0, 0, 1, 1, 1, 0, 1, 0, 1]
[2, 1, 1, 0, 0, 0, 1, 0, 0, 0, 0, 0]
[2, 2, 2, 2, 0, 0, 2, 0, 2, 0, 2, 0]
[2, 1, 1, 0, 0, 0, 1, 0, 0, 0, 0, 0]
Solving...
######
instances/ms_12_12.txt,0,6,12,0,0.0027019999999999995,6768,13516
