Instancia:  instances/ms_20_5.txt
# Parámetros de la instancia
Número de haplotipos: 20
Número de genotipos: 10
Cantidad de sitios polimórficos: 5
Haplotipos:
[0, 1, 1, 0, 0]
[0, 1, 0, 0, 0]
[0, 0, 0, 0, 1]
[0, 0, 0, 0, 1]
[0, 1, 0, 0, 0]
[1, 0, 0, 0, 1]
[0, 1, 0, 0, 0]
[0, 1, 0, 0, 0]
[0, 0, 0, 0, 1]
[0, 1, 1, 0, 0]
[0, 1, 0, 0, 0]
[0, 1, 0, 0, 0]
[0, 0, 0, 0, 1]
[1, 0, 0, 1, 1]
[0, 1, 1, 0, 0]
[0, 0, 0, 0, 1]
[0, 0, 0, 0, 1]
[0, 1, 0, 0, 0]
[0, 1, 0, 0, 0]
[0, 1, 0, 0, 0]
Genotipos:
[0, 1, 2, 0, 0]
[0, 0, 0, 0, 1]
[2, 2, 0, 0, 2]
[0, 1, 0, 0, 0]
[0, 2, 2, 0, 2]
[0, 1, 0, 0, 0]
[2, 0, 0, 2, 1]
[0, 2, 2, 0, 2]
[0, 2, 0, 0, 2]
[0, 1, 0, 0, 0]
Solving...
######
instances/ms_20_5.txt,0,10,5,0,0.004251999999999999,19424,13944
