Instancia:  instances/ms_24_6.txt
# Parámetros de la instancia
Número de haplotipos: 24
Número de genotipos: 12
Cantidad de sitios polimórficos: 6
Haplotipos:
[0, 0, 0, 0, 0, 0]
[0, 1, 0, 0, 0, 0]
[0, 0, 0, 0, 0, 0]
[0, 0, 0, 0, 0, 1]
[0, 0, 0, 0, 0, 0]
[0, 1, 0, 0, 0, 0]
[0, 0, 1, 1, 1, 0]
[0, 0, 1, 1, 1, 0]
[0, 0, 0, 0, 0, 0]
[1, 0, 0, 0, 0, 0]
[1, 0, 0, 0, 0, 0]
[0, 0, 1, 0, 0, 0]
[1, 0, 0, 0, 0, 0]
[0, 0, 1, 1, 1, 0]
[1, 0, 0, 0, 0, 0]
[0, 0, 1, 0, 0, 0]
[0, 0, 1, 0, 0, 0]
[1, 0, 0, 0, 0, 0]
[0, 0, 1, 0, 0, 0]
[0, 0, 0, 0, 0, 0]
[0, 0, 1, 1, 1, 0]
[1, 0, 0, 0, 0, 0]
[1, 0, 0, 0, 0, 0]
[0, 0, 1, 0, 0, 0]
Genotipos:
[0, 2, 0, 0, 0, 0]
[0, 0, 0, 0, 0, 2]
[0, 2, 0, 0, 0, 0]
[0, 0, 1, 1, 1, 0]
[2, 0, 0, 0, 0, 0]
[2, 0, 2, 0, 0, 0]
[2, 0, 2, 2, 2, 0]
[2, 0, 2, 0, 0, 0]
[2, 0, 2, 0, 0, 0]
[0, 0, 2, 0, 0, 0]
[2, 0, 2, 2, 2, 0]
[2, 0, 2, 0, 0, 0]
Solving...
######
instances/ms_24_6.txt,0,12,6,0,0.011411000000000001,33318,30020
