Instancia:  instances/ms_20_11.txt
# Parámetros de la instancia
Número de haplotipos: 20
Número de genotipos: 10
Cantidad de sitios polimórficos: 11
Haplotipos:
[1, 1, 0, 0, 1, 0, 0, 1, 0, 0, 0]
[1, 1, 0, 0, 1, 0, 0, 1, 1, 0, 0]
[1, 1, 0, 0, 1, 0, 1, 1, 0, 0, 0]
[1, 1, 0, 0, 1, 0, 0, 1, 0, 0, 0]
[1, 1, 0, 0, 1, 0, 0, 1, 0, 0, 0]
[1, 1, 0, 0, 1, 0, 0, 1, 0, 0, 0]
[1, 1, 0, 0, 1, 0, 0, 1, 0, 0, 0]
[1, 1, 0, 0, 1, 0, 0, 1, 0, 0, 0]
[1, 1, 0, 0, 1, 0, 0, 1, 0, 0, 0]
[1, 1, 0, 1, 1, 0, 1, 1, 0, 0, 0]
[0, 0, 1, 0, 0, 1, 0, 0, 0, 0, 1]
[1, 1, 0, 0, 1, 0, 0, 1, 0, 0, 0]
[1, 1, 0, 0, 1, 0, 0, 1, 0, 0, 0]
[1, 1, 0, 0, 1, 0, 0, 1, 0, 0, 0]
[1, 1, 0, 0, 1, 0, 0, 1, 0, 0, 0]
[1, 1, 0, 0, 1, 0, 0, 1, 0, 0, 0]
[1, 1, 0, 0, 1, 0, 0, 1, 0, 0, 0]
[1, 1, 0, 0, 1, 0, 0, 1, 0, 0, 0]
[1, 1, 0, 0, 1, 0, 0, 1, 0, 0, 0]
[0, 0, 1, 0, 0, 1, 0, 0, 0, 1, 1]
Genotipos:
[1, 1, 0, 0, 1, 0, 0, 1, 2, 0, 0]
[1, 1, 0, 0, 1, 0, 2, 1, 0, 0, 0]
[1, 1, 0, 0, 1, 0, 0, 1, 0, 0, 0]
[1, 1, 0, 0, 1, 0, 0, 1, 0, 0, 0]
[1, 1, 0, 2, 1, 0, 2, 1, 0, 0, 0]
[2, 2, 2, 0, 2, 2, 0, 2, 0, 0, 2]
[1, 1, 0, 0, 1, 0, 0, 1, 0, 0, 0]
[1, 1, 0, 0, 1, 0, 0, 1, 0, 0, 0]
[1, 1, 0, 0, 1, 0, 0, 1, 0, 0, 0]
[2, 2, 2, 0, 2, 2, 0, 2, 0, 2, 2]
Solving...
Solución válida encontrada para r=10 haplotipos
Haplotipos inferidos:
[1, 1, 0, 0, 1, 0, 0, 1, 0, 0, 0]
[1, 0, 0, 1, 0, 0, 0, 0, 0, 0, 0]
[0, 0, 0, 0, 0, 0, 0, 0, 0, 0, 0]
[0, 1, 0, 0, 0, 0, 0, 0, 0, 0, 0]
[1, 0, 0, 0, 0, 0, 0, 0, 0, 0, 0]
[0, 0, 0, 0, 0, 0, 0, 0, 0, 0, 0]
[0, 0, 0, 0, 0, 0, 0, 0, 0, 0, 0]
[1, 0, 0, 0, 0, 0, 0, 0, 0, 0, 0]
[0, 0, 0, 0, 0, 0, 0, 0, 0, 0, 0]
[0, 0, 0, 0, 0, 0, 0, 0, 0, 0, 0]
Solución válida encontrada para r=9 haplotipos
Haplotipos inferidos:
[1, 1, 0, 0, 1, 0, 0, 1, 0, 0, 0]
[1, 0, 0, 1, 0, 0, 0, 0, 0, 0, 0]
[0, 0, 0, 0, 0, 0, 0, 0, 0, 0, 0]
[0, 1, 0, 0, 0, 0, 0, 0, 0, 0, 0]
[1, 0, 0, 0, 0, 0, 0, 0, 0, 0, 0]
[0, 0, 0, 0, 0, 0, 0, 0, 0, 0, 0]
[0, 0, 0, 0, 0, 0, 0, 0, 0, 0, 0]
[1, 0, 0, 0, 0, 0, 0, 0, 0, 0, 0]
[0, 0, 0, 0, 0, 0, 0, 0, 0, 0, 0]
######
instances/ms_20_11.txt,1,10,11,9,0.0006010000000000008,10188,23734
