Instancia:  instances/ms_26_4.txt
# Parámetros de la instancia
Número de haplotipos: 26
Número de genotipos: 13
Cantidad de sitios polimórficos: 4
Haplotipos:
[0, 0, 1, 0]
[0, 0, 1, 0]
[0, 0, 1, 0]
[0, 0, 1, 0]
[0, 0, 1, 1]
[0, 1, 0, 0]
[1, 1, 0, 0]
[0, 0, 1, 1]
[0, 0, 1, 0]
[0, 0, 1, 0]
[0, 0, 1, 0]
[0, 1, 0, 0]
[0, 0, 1, 0]
[0, 0, 1, 0]
[0, 0, 1, 0]
[0, 0, 1, 0]
[0, 0, 1, 1]
[0, 1, 0, 0]
[0, 0, 1, 0]
[0, 0, 1, 1]
[0, 0, 1, 0]
[0, 0, 1, 0]
[0, 1, 0, 0]
[0, 0, 1, 0]
[0, 0, 1, 1]
[1, 1, 0, 0]
Genotipos:
[0, 0, 1, 0]
[0, 0, 1, 0]
[0, 2, 2, 2]
[2, 2, 2, 2]
[0, 0, 1, 0]
[0, 2, 2, 0]
[0, 0, 1, 0]
[0, 0, 1, 0]
[0, 2, 2, 2]
[0, 0, 1, 2]
[0, 0, 1, 0]
[0, 2, 2, 0]
[2, 2, 2, 2]
Solving...
######
instances/ms_26_4.txt,0,13,4,0,0.0005539999999999885,37178,20000
