Instancia:  instances/ms_22_4.txt
# Parámetros de la instancia
Número de haplotipos: 22
Número de genotipos: 11
Cantidad de sitios polimórficos: 4
Haplotipos:
[0, 0, 0, 0]
[0, 0, 0, 0]
[0, 1, 0, 0]
[0, 0, 0, 0]
[0, 0, 0, 0]
[0, 0, 1, 0]
[0, 0, 1, 0]
[0, 0, 0, 0]
[1, 0, 1, 0]
[0, 0, 0, 0]
[0, 0, 0, 0]
[0, 0, 1, 0]
[0, 1, 0, 0]
[0, 0, 1, 0]
[0, 0, 1, 0]
[0, 0, 1, 0]
[0, 0, 0, 0]
[0, 1, 0, 0]
[0, 0, 1, 0]
[0, 0, 1, 0]
[0, 0, 1, 1]
[0, 0, 0, 0]
Genotipos:
[0, 0, 0, 0]
[0, 2, 0, 0]
[0, 0, 2, 0]
[0, 0, 2, 0]
[2, 0, 2, 0]
[0, 0, 2, 0]
[0, 2, 2, 0]
[0, 0, 1, 0]
[0, 2, 0, 0]
[0, 0, 1, 0]
[0, 0, 2, 2]
Solving...
######
instances/ms_22_4.txt,0,11,4,0,0.0028700000000000045,24310,9970
