Instancia:  instances/ms_28_5.txt
# Parámetros de la instancia
Número de haplotipos: 28
Número de genotipos: 14
Cantidad de sitios polimórficos: 5
Haplotipos:
[0, 0, 1, 0, 0]
[0, 0, 0, 0, 0]
[0, 0, 0, 0, 0]
[0, 0, 0, 1, 0]
[1, 0, 0, 0, 0]
[0, 0, 0, 0, 0]
[0, 0, 0, 0, 0]
[0, 0, 0, 0, 0]
[0, 0, 0, 0, 0]
[0, 0, 0, 0, 0]
[1, 0, 0, 0, 0]
[0, 0, 0, 1, 0]
[0, 0, 1, 0, 0]
[0, 0, 0, 1, 0]
[0, 0, 0, 1, 0]
[0, 1, 0, 0, 1]
[0, 0, 0, 0, 0]
[0, 0, 1, 0, 0]
[0, 0, 0, 0, 0]
[0, 0, 0, 1, 0]
[0, 1, 0, 0, 1]
[1, 0, 0, 0, 0]
[0, 0, 1, 0, 0]
[0, 0, 0, 0, 0]
[0, 0, 0, 1, 0]
[0, 0, 0, 0, 0]
[0, 1, 0, 0, 1]
[0, 1, 0, 0, 1]
Genotipos:
[0, 0, 2, 0, 0]
[0, 0, 0, 2, 0]
[2, 0, 0, 0, 0]
[0, 0, 0, 0, 0]
[0, 0, 0, 0, 0]
[2, 0, 0, 2, 0]
[0, 0, 2, 2, 0]
[0, 2, 0, 2, 2]
[0, 0, 2, 0, 0]
[0, 0, 0, 2, 0]
[2, 2, 0, 0, 2]
[0, 0, 2, 0, 0]
[0, 0, 0, 2, 0]
[0, 1, 0, 0, 1]
Solving...
######
instances/ms_28_5.txt,0,14,5,0,0.009433999999999991,49740,23520
