Instancia:  instances/ms_26_6.txt
# Parámetros de la instancia
Número de haplotipos: 26
Número de genotipos: 13
Cantidad de sitios polimórficos: 6
Haplotipos:
[1, 0, 0, 0, 0, 0]
[0, 0, 1, 1, 0, 0]
[0, 0, 0, 0, 0, 0]
[0, 0, 0, 0, 0, 0]
[1, 0, 0, 0, 0, 0]
[0, 0, 0, 0, 0, 0]
[0, 0, 1, 0, 0, 0]
[0, 0, 0, 0, 0, 0]
[0, 0, 1, 1, 0, 0]
[0, 0, 0, 0, 0, 1]
[0, 0, 1, 0, 0, 0]
[0, 1, 1, 0, 0, 0]
[0, 0, 0, 0, 0, 0]
[0, 0, 1, 0, 0, 0]
[0, 0, 0, 0, 0, 1]
[0, 0, 0, 0, 0, 0]
[0, 0, 0, 0, 0, 0]
[0, 0, 0, 0, 0, 0]
[0, 0, 0, 0, 0, 0]
[0, 0, 1, 1, 0, 0]
[0, 0, 0, 0, 0, 0]
[0, 0, 1, 0, 1, 0]
[0, 0, 1, 1, 0, 0]
[0, 0, 1, 0, 0, 0]
[0, 0, 0, 0, 0, 0]
[0, 1, 1, 0, 0, 0]
Genotipos:
[2, 0, 2, 2, 0, 0]
[0, 0, 0, 0, 0, 0]
[2, 0, 0, 0, 0, 0]
[0, 0, 2, 0, 0, 0]
[0, 0, 2, 2, 0, 2]
[0, 2, 1, 0, 0, 0]
[0, 0, 2, 0, 0, 0]
[0, 0, 0, 0, 0, 2]
[0, 0, 0, 0, 0, 0]
[0, 0, 2, 2, 0, 0]
[0, 0, 2, 0, 2, 0]
[0, 0, 1, 2, 0, 0]
[0, 2, 2, 0, 0, 0]
Solving...
######
instances/ms_26_6.txt,0,13,6,0,0.0009679999999999966,42946,27508
