Instancia:  instances/ms_28_3.txt
# Parámetros de la instancia
Número de haplotipos: 28
Número de genotipos: 14
Cantidad de sitios polimórficos: 3
Haplotipos:
[1, 1, 1]
[0, 0, 0]
[0, 0, 0]
[0, 0, 0]
[0, 0, 0]
[0, 0, 0]
[0, 0, 0]
[0, 0, 0]
[0, 0, 0]
[0, 0, 0]
[0, 0, 0]
[0, 0, 0]
[0, 0, 0]
[0, 0, 0]
[1, 1, 1]
[0, 0, 0]
[1, 1, 1]
[1, 1, 1]
[1, 1, 1]
[0, 0, 0]
[0, 0, 0]
[0, 0, 0]
[0, 0, 0]
[0, 0, 0]
[0, 0, 0]
[0, 0, 0]
[0, 0, 0]
[0, 0, 0]
Genotipos:
[2, 2, 2]
[0, 0, 0]
[0, 0, 0]
[0, 0, 0]
[0, 0, 0]
[0, 0, 0]
[0, 0, 0]
[2, 2, 2]
[1, 1, 1]
[2, 2, 2]
[0, 0, 0]
[0, 0, 0]
[0, 0, 0]
[0, 0, 0]
Solving...
######
instances/ms_28_3.txt,0,14,3,0,0.00034299999999999956,45060,7595
