Instancia:  instances/ms_24_4.txt
# Parámetros de la instancia
Número de haplotipos: 24
Número de genotipos: 12
Cantidad de sitios polimórficos: 4
Haplotipos:
[0, 0, 0, 0]
[0, 0, 0, 0]
[0, 0, 0, 0]
[0, 0, 0, 0]
[0, 0, 0, 0]
[0, 0, 0, 0]
[0, 0, 0, 0]
[0, 0, 0, 0]
[0, 0, 0, 0]
[0, 0, 0, 0]
[0, 0, 0, 1]
[0, 0, 0, 0]
[1, 0, 1, 0]
[0, 0, 0, 0]
[0, 0, 0, 0]
[0, 1, 0, 0]
[0, 0, 0, 0]
[0, 0, 0, 0]
[1, 0, 1, 0]
[0, 1, 0, 0]
[0, 0, 0, 0]
[0, 0, 0, 0]
[0, 0, 0, 0]
[0, 0, 0, 0]
Genotipos:
[0, 0, 0, 0]
[0, 0, 0, 0]
[0, 0, 0, 0]
[0, 0, 0, 0]
[0, 0, 0, 0]
[0, 0, 0, 2]
[2, 0, 2, 0]
[0, 2, 0, 0]
[0, 0, 0, 0]
[2, 2, 2, 0]
[0, 0, 0, 0]
[0, 0, 0, 0]
Solving...
######
instances/ms_24_4.txt,0,12,4,0,0.00025299999999999975,31218,7666
