Instancia:  instances/ms_30_4.txt
# Parámetros de la instancia
Número de haplotipos: 30
Número de genotipos: 15
Cantidad de sitios polimórficos: 4
Haplotipos:
[0, 1, 0, 0]
[0, 1, 0, 0]
[0, 1, 0, 0]
[0, 1, 0, 0]
[0, 0, 1, 0]
[0, 1, 0, 0]
[0, 1, 0, 0]
[0, 0, 0, 0]
[0, 0, 1, 0]
[0, 1, 0, 0]
[0, 1, 0, 0]
[1, 0, 0, 0]
[0, 0, 0, 0]
[0, 1, 0, 1]
[0, 0, 0, 0]
[0, 0, 0, 0]
[0, 1, 0, 0]
[0, 1, 0, 0]
[0, 1, 0, 0]
[0, 0, 0, 0]
[0, 1, 0, 0]
[0, 1, 0, 0]
[0, 1, 0, 0]
[0, 1, 0, 0]
[0, 1, 0, 0]
[0, 0, 1, 0]
[0, 1, 0, 0]
[0, 1, 0, 0]
[0, 0, 0, 0]
[0, 1, 0, 1]
Genotipos:
[0, 1, 0, 0]
[0, 1, 0, 0]
[0, 2, 2, 0]
[0, 2, 0, 0]
[0, 2, 2, 0]
[2, 2, 0, 0]
[0, 2, 0, 2]
[0, 0, 0, 0]
[0, 1, 0, 0]
[0, 2, 0, 0]
[0, 1, 0, 0]
[0, 1, 0, 0]
[0, 2, 2, 0]
[0, 1, 0, 0]
[0, 2, 0, 2]
Solving...
######
instances/ms_30_4.txt,0,15,4,0,0.007648000000000002,58198,17010
