Instancia:  instances/ms_30_6.txt
# Parámetros de la instancia
Número de haplotipos: 30
Número de genotipos: 15
Cantidad de sitios polimórficos: 6
Haplotipos:
[1, 1, 0, 0, 1, 1]
[1, 1, 0, 0, 1, 1]
[1, 1, 1, 0, 1, 1]
[1, 1, 0, 0, 1, 1]
[1, 1, 0, 0, 1, 1]
[1, 1, 0, 0, 1, 1]
[1, 1, 0, 0, 1, 1]
[1, 1, 0, 0, 1, 1]
[0, 0, 0, 1, 0, 0]
[1, 1, 0, 0, 1, 1]
[1, 1, 0, 0, 1, 1]
[1, 1, 0, 0, 1, 1]
[1, 1, 0, 0, 1, 1]
[1, 1, 1, 0, 1, 1]
[1, 1, 0, 0, 1, 1]
[1, 1, 0, 0, 1, 1]
[1, 0, 0, 0, 1, 1]
[1, 1, 0, 0, 1, 1]
[1, 1, 0, 0, 1, 1]
[1, 1, 0, 0, 1, 1]
[1, 1, 0, 0, 1, 1]
[0, 0, 0, 1, 0, 0]
[0, 0, 0, 1, 0, 0]
[1, 1, 0, 0, 1, 1]
[1, 1, 0, 0, 1, 1]
[0, 0, 0, 1, 0, 0]
[1, 0, 0, 0, 1, 1]
[1, 1, 0, 0, 1, 1]
[1, 1, 0, 0, 1, 1]
[1, 0, 0, 0, 1, 1]
Genotipos:
[1, 1, 0, 0, 1, 1]
[1, 1, 2, 0, 1, 1]
[1, 1, 0, 0, 1, 1]
[1, 1, 0, 0, 1, 1]
[2, 2, 0, 2, 2, 2]
[1, 1, 0, 0, 1, 1]
[1, 1, 2, 0, 1, 1]
[1, 1, 0, 0, 1, 1]
[1, 2, 0, 0, 1, 1]
[1, 1, 0, 0, 1, 1]
[2, 2, 0, 2, 2, 2]
[2, 2, 0, 2, 2, 2]
[2, 2, 0, 2, 2, 2]
[1, 2, 0, 0, 1, 1]
[1, 2, 0, 0, 1, 1]
Solving...
######
instances/ms_30_6.txt,0,15,6,0,0.0011930000000000204,63020,45546
