Instancia:  instances/ms_38_5.txt
# Parámetros de la instancia
Número de haplotipos: 38
Número de genotipos: 19
Cantidad de sitios polimórficos: 5
Haplotipos:
[0, 0, 0, 1, 0]
[0, 0, 0, 1, 0]
[0, 0, 0, 0, 1]
[0, 0, 0, 1, 0]
[0, 0, 1, 1, 0]
[0, 0, 0, 0, 0]
[0, 0, 0, 1, 0]
[0, 0, 0, 1, 0]
[0, 0, 0, 1, 0]
[0, 0, 0, 0, 1]
[0, 0, 0, 1, 0]
[0, 0, 0, 1, 0]
[0, 0, 0, 1, 0]
[0, 0, 0, 0, 0]
[0, 0, 0, 1, 0]
[0, 0, 0, 1, 0]
[0, 0, 0, 1, 0]
[0, 0, 0, 0, 0]
[0, 0, 0, 1, 0]
[0, 0, 0, 1, 0]
[0, 0, 0, 0, 0]
[0, 0, 0, 1, 0]
[0, 0, 0, 1, 0]
[0, 0, 1, 1, 0]
[0, 0, 0, 0, 1]
[1, 0, 0, 0, 1]
[0, 0, 0, 1, 0]
[0, 0, 0, 1, 0]
[0, 0, 0, 1, 0]
[0, 0, 0, 1, 0]
[0, 0, 0, 1, 0]
[0, 1, 0, 0, 0]
[0, 0, 0, 1, 0]
[0, 0, 0, 0, 0]
[0, 0, 0, 1, 0]
[0, 0, 0, 0, 0]
[0, 0, 0, 1, 0]
[0, 0, 1, 1, 0]
Genotipos:
[0, 0, 0, 1, 0]
[0, 0, 0, 2, 2]
[0, 0, 2, 2, 0]
[0, 0, 0, 1, 0]
[0, 0, 0, 2, 2]
[0, 0, 0, 1, 0]
[0, 0, 0, 2, 0]
[0, 0, 0, 1, 0]
[0, 0, 0, 2, 0]
[0, 0, 0, 1, 0]
[0, 0, 0, 2, 0]
[0, 0, 2, 1, 0]
[2, 0, 0, 0, 1]
[0, 0, 0, 1, 0]
[0, 0, 0, 1, 0]
[0, 2, 0, 2, 0]
[0, 0, 0, 2, 0]
[0, 0, 0, 2, 0]
[0, 0, 2, 1, 0]
Solving...
######
instances/ms_38_5.txt,0,19,5,0,0.020649999999999995,150120,37032
