Instancia:  instances/ms_36_5.txt
# Parámetros de la instancia
Número de haplotipos: 36
Número de genotipos: 18
Cantidad de sitios polimórficos: 5
Haplotipos:
[1, 1, 0, 0, 0]
[0, 1, 0, 0, 0]
[0, 1, 0, 0, 0]
[1, 1, 0, 0, 0]
[0, 1, 0, 1, 1]
[1, 1, 0, 0, 0]
[0, 1, 0, 0, 0]
[0, 0, 0, 0, 0]
[0, 1, 0, 0, 0]
[0, 1, 1, 1, 0]
[0, 1, 0, 0, 0]
[0, 0, 0, 0, 0]
[0, 1, 0, 0, 0]
[0, 1, 0, 0, 0]
[1, 1, 0, 0, 0]
[0, 0, 0, 0, 0]
[0, 0, 0, 0, 0]
[0, 1, 0, 0, 0]
[0, 0, 0, 0, 0]
[0, 1, 1, 1, 0]
[0, 0, 0, 0, 0]
[0, 1, 0, 0, 0]
[0, 1, 1, 1, 0]
[0, 1, 1, 1, 0]
[0, 1, 1, 1, 0]
[0, 1, 1, 1, 0]
[0, 0, 0, 0, 0]
[0, 1, 0, 1, 0]
[0, 1, 1, 1, 0]
[0, 0, 0, 0, 0]
[0, 1, 1, 1, 0]
[0, 1, 1, 1, 0]
[0, 1, 1, 1, 0]
[0, 1, 0, 0, 0]
[0, 1, 1, 1, 0]
[0, 1, 0, 0, 0]
Genotipos:
[2, 1, 0, 0, 0]
[2, 1, 0, 0, 0]
[2, 1, 0, 2, 2]
[0, 2, 0, 0, 0]
[0, 1, 2, 2, 0]
[0, 2, 0, 0, 0]
[0, 1, 0, 0, 0]
[2, 2, 0, 0, 0]
[0, 2, 0, 0, 0]
[0, 2, 2, 2, 0]
[0, 2, 0, 0, 0]
[0, 1, 1, 1, 0]
[0, 1, 1, 1, 0]
[0, 2, 0, 2, 0]
[0, 2, 2, 2, 0]
[0, 1, 1, 1, 0]
[0, 1, 2, 2, 0]
[0, 1, 2, 2, 0]
Solving...
######
instances/ms_36_5.txt,0,18,5,0,0.029504999999999997,124472,53662
