Instancia:  instances/ms_34_5.txt
# Parámetros de la instancia
Número de haplotipos: 34
Número de genotipos: 17
Cantidad de sitios polimórficos: 5
Haplotipos:
[1, 0, 0, 0, 1]
[0, 1, 0, 1, 0]
[0, 0, 0, 1, 0]
[1, 0, 0, 0, 1]
[1, 0, 0, 0, 1]
[1, 0, 0, 0, 1]
[0, 1, 0, 1, 0]
[1, 0, 0, 0, 1]
[1, 0, 0, 0, 1]
[0, 0, 0, 0, 0]
[0, 1, 0, 1, 0]
[0, 1, 0, 1, 0]
[0, 0, 0, 0, 0]
[0, 1, 0, 1, 0]
[0, 1, 0, 1, 0]
[0, 1, 0, 1, 0]
[0, 0, 0, 0, 0]
[0, 1, 0, 1, 0]
[1, 0, 0, 0, 1]
[0, 0, 0, 1, 0]
[1, 0, 0, 0, 1]
[0, 1, 0, 1, 0]
[0, 0, 0, 0, 0]
[0, 0, 0, 0, 0]
[0, 1, 0, 1, 0]
[0, 0, 0, 0, 0]
[1, 0, 0, 0, 1]
[0, 0, 1, 0, 0]
[1, 0, 0, 0, 1]
[0, 1, 0, 1, 0]
[0, 0, 0, 0, 0]
[1, 0, 0, 0, 1]
[1, 0, 0, 0, 1]
[0, 0, 0, 0, 0]
Genotipos:
[2, 2, 0, 2, 2]
[2, 0, 0, 2, 2]
[1, 0, 0, 0, 1]
[2, 2, 0, 2, 2]
[2, 0, 0, 0, 2]
[0, 1, 0, 1, 0]
[0, 2, 0, 2, 0]
[0, 1, 0, 1, 0]
[0, 2, 0, 2, 0]
[2, 0, 0, 2, 2]
[2, 2, 0, 2, 2]
[0, 0, 0, 0, 0]
[0, 2, 0, 2, 0]
[2, 0, 2, 0, 2]
[2, 2, 0, 2, 2]
[2, 0, 0, 0, 2]
[2, 0, 0, 0, 2]
Solving...
######
instances/ms_34_5.txt,0,17,5,0,0.040213,101514,74492
