Instancia:  instances/ms_36_6.txt
# Parámetros de la instancia
Número de haplotipos: 36
Número de genotipos: 18
Cantidad de sitios polimórficos: 6
Haplotipos:
[0, 0, 1, 0, 0, 0]
[0, 0, 1, 0, 0, 1]
[0, 0, 1, 0, 0, 0]
[0, 0, 1, 1, 0, 0]
[0, 0, 1, 0, 0, 0]
[0, 0, 1, 0, 0, 0]
[0, 0, 1, 0, 0, 0]
[0, 0, 1, 0, 0, 0]
[0, 0, 0, 0, 0, 0]
[0, 0, 1, 0, 0, 0]
[0, 0, 1, 0, 0, 0]
[0, 0, 1, 0, 0, 0]
[0, 0, 1, 0, 0, 1]
[0, 0, 1, 0, 0, 0]
[0, 0, 1, 0, 0, 0]
[0, 0, 1, 0, 0, 1]
[0, 0, 1, 0, 0, 0]
[0, 0, 1, 0, 0, 0]
[0, 0, 1, 0, 0, 0]
[0, 0, 1, 0, 0, 0]
[0, 0, 1, 0, 0, 0]
[0, 0, 1, 0, 0, 0]
[0, 0, 1, 0, 0, 0]
[0, 0, 1, 0, 0, 0]
[0, 0, 1, 0, 0, 0]
[0, 0, 1, 0, 0, 0]
[1, 1, 1, 0, 0, 0]
[0, 0, 1, 0, 0, 0]
[0, 0, 1, 0, 1, 0]
[0, 0, 1, 0, 0, 0]
[0, 0, 1, 0, 0, 0]
[0, 0, 1, 0, 0, 0]
[0, 0, 0, 0, 0, 0]
[0, 0, 1, 0, 0, 0]
[0, 0, 1, 0, 0, 0]
[0, 0, 1, 0, 0, 0]
Genotipos:
[0, 0, 1, 0, 0, 2]
[0, 0, 1, 2, 0, 0]
[0, 0, 1, 0, 0, 0]
[0, 0, 1, 0, 0, 0]
[0, 0, 2, 0, 0, 0]
[0, 0, 1, 0, 0, 0]
[0, 0, 1, 0, 0, 2]
[0, 0, 1, 0, 0, 2]
[0, 0, 1, 0, 0, 0]
[0, 0, 1, 0, 0, 0]
[0, 0, 1, 0, 0, 0]
[0, 0, 1, 0, 0, 0]
[0, 0, 1, 0, 0, 0]
[2, 2, 1, 0, 0, 0]
[0, 0, 1, 0, 2, 0]
[0, 0, 1, 0, 0, 0]
[0, 0, 2, 0, 0, 0]
[0, 0, 1, 0, 0, 0]
Solving...
######
instances/ms_36_6.txt,0,18,6,0,0.0007799999999999994,136656,23992
