Instancia:  instances/ms_36_2.txt
# Parámetros de la instancia
Número de haplotipos: 36
Número de genotipos: 18
Cantidad de sitios polimórficos: 2
Haplotipos:
[0, 0]
[0, 0]
[1, 0]
[0, 0]
[0, 0]
[0, 0]
[1, 0]
[0, 0]
[1, 0]
[0, 0]
[0, 0]
[0, 0]
[0, 0]
[0, 0]
[0, 1]
[0, 1]
[0, 0]
[0, 0]
[1, 0]
[0, 0]
[0, 0]
[0, 0]
[0, 0]
[1, 0]
[0, 0]
[0, 0]
[0, 0]
[0, 0]
[1, 0]
[0, 0]
[0, 0]
[0, 0]
[1, 0]
[0, 0]
[0, 0]
[0, 0]
Genotipos:
[0, 0]
[2, 0]
[0, 0]
[2, 0]
[2, 0]
[0, 0]
[0, 0]
[0, 1]
[0, 0]
[2, 0]
[0, 0]
[2, 0]
[0, 0]
[0, 0]
[2, 0]
[0, 0]
[2, 0]
[0, 0]
Solving...
######
instances/ms_36_2.txt,0,18,2,0,0.0032410000000000043,111152,6744
