Instancia:  instances/ms_38_2.txt
# Parámetros de la instancia
Número de haplotipos: 38
Número de genotipos: 19
Cantidad de sitios polimórficos: 2
Haplotipos:
[0, 0]
[0, 1]
[1, 0]
[1, 0]
[0, 0]
[0, 0]
[1, 0]
[0, 0]
[0, 0]
[1, 0]
[0, 0]
[1, 0]
[1, 0]
[1, 0]
[1, 0]
[1, 0]
[0, 1]
[0, 0]
[1, 0]
[1, 0]
[1, 0]
[0, 0]
[1, 0]
[1, 0]
[1, 0]
[0, 0]
[1, 0]
[1, 0]
[1, 0]
[1, 0]
[1, 0]
[0, 0]
[1, 0]
[1, 0]
[0, 0]
[1, 0]
[0, 0]
[1, 0]
Genotipos:
[0, 2]
[1, 0]
[0, 0]
[2, 0]
[2, 0]
[2, 0]
[1, 0]
[1, 0]
[0, 2]
[1, 0]
[2, 0]
[1, 0]
[2, 0]
[1, 0]
[1, 0]
[2, 0]
[1, 0]
[2, 0]
[2, 0]
Solving...
######
instances/ms_38_2.txt,0,19,2,0,0.004783999999999993,130362,9668
