Instancia:  instances/ms_38_6.txt
# Parámetros de la instancia
Número de haplotipos: 38
Número de genotipos: 19
Cantidad de sitios polimórficos: 6
Haplotipos:
[0, 0, 1, 0, 1, 1]
[1, 1, 0, 1, 0, 0]
[0, 0, 1, 0, 1, 1]
[1, 1, 0, 1, 0, 0]
[0, 0, 1, 0, 1, 1]
[0, 0, 1, 0, 1, 1]
[0, 0, 1, 0, 1, 1]
[1, 1, 0, 1, 0, 0]
[0, 0, 1, 0, 1, 1]
[0, 0, 1, 0, 1, 1]
[0, 0, 1, 0, 1, 1]
[1, 1, 0, 1, 0, 0]
[1, 1, 0, 1, 0, 0]
[0, 0, 1, 0, 1, 1]
[0, 0, 1, 0, 1, 1]
[1, 1, 0, 1, 0, 0]
[0, 0, 1, 0, 1, 1]
[1, 1, 0, 1, 0, 0]
[0, 0, 1, 0, 1, 1]
[0, 0, 1, 0, 1, 1]
[0, 0, 1, 0, 1, 1]
[1, 1, 0, 1, 0, 0]
[1, 1, 0, 1, 0, 0]
[1, 1, 0, 1, 0, 0]
[0, 0, 1, 0, 1, 1]
[0, 0, 1, 0, 1, 1]
[0, 0, 1, 0, 1, 1]
[1, 1, 0, 1, 0, 0]
[1, 1, 0, 1, 0, 0]
[0, 0, 1, 0, 1, 1]
[1, 1, 0, 1, 0, 0]
[1, 1, 0, 1, 0, 0]
[0, 0, 1, 0, 1, 1]
[0, 0, 1, 0, 1, 1]
[1, 1, 0, 1, 0, 0]
[0, 0, 1, 0, 1, 1]
[0, 0, 1, 0, 1, 1]
[0, 0, 1, 0, 1, 1]
Genotipos:
[2, 2, 2, 2, 2, 2]
[2, 2, 2, 2, 2, 2]
[0, 0, 1, 0, 1, 1]
[2, 2, 2, 2, 2, 2]
[0, 0, 1, 0, 1, 1]
[2, 2, 2, 2, 2, 2]
[2, 2, 2, 2, 2, 2]
[2, 2, 2, 2, 2, 2]
[2, 2, 2, 2, 2, 2]
[0, 0, 1, 0, 1, 1]
[2, 2, 2, 2, 2, 2]
[1, 1, 0, 1, 0, 0]
[0, 0, 1, 0, 1, 1]
[2, 2, 2, 2, 2, 2]
[2, 2, 2, 2, 2, 2]
[1, 1, 0, 1, 0, 0]
[0, 0, 1, 0, 1, 1]
[2, 2, 2, 2, 2, 2]
[0, 0, 1, 0, 1, 1]
Solving...
######
instances/ms_38_6.txt,0,19,6,0,0.11456300000000001,138754,173930
