Instancia:  instances/ms_42_2.txt
# Parámetros de la instancia
Número de haplotipos: 42
Número de genotipos: 21
Cantidad de sitios polimórficos: 2
Haplotipos:
[0, 0]
[0, 0]
[1, 0]
[0, 0]
[0, 0]
[0, 0]
[0, 0]
[0, 0]
[0, 0]
[0, 0]
[0, 0]
[0, 0]
[0, 0]
[0, 0]
[0, 0]
[0, 1]
[0, 0]
[0, 0]
[1, 0]
[1, 0]
[0, 0]
[0, 0]
[0, 0]
[0, 0]
[0, 0]
[1, 0]
[0, 0]
[0, 0]
[0, 0]
[0, 0]
[0, 0]
[0, 0]
[0, 0]
[0, 0]
[0, 0]
[0, 0]
[0, 0]
[0, 0]
[0, 0]
[0, 0]
[0, 0]
[1, 0]
Genotipos:
[0, 0]
[2, 0]
[0, 0]
[0, 0]
[0, 0]
[0, 0]
[0, 0]
[0, 2]
[0, 0]
[1, 0]
[0, 0]
[0, 0]
[2, 0]
[0, 0]
[0, 0]
[0, 0]
[0, 0]
[0, 0]
[0, 0]
[0, 0]
[2, 0]
Solving...
######
instances/ms_42_2.txt,0,21,2,0,0.0029639999999999944,177474,6210
