Instancia:  instances/ms_44_3.txt
# Parámetros de la instancia
Número de haplotipos: 44
Número de genotipos: 22
Cantidad de sitios polimórficos: 3
Haplotipos:
[0, 0, 0]
[1, 1, 1]
[1, 0, 1]
[1, 0, 1]
[1, 0, 1]
[1, 0, 1]
[1, 0, 1]
[1, 0, 1]
[1, 0, 1]
[0, 0, 0]
[1, 0, 1]
[1, 0, 1]
[1, 0, 1]
[1, 0, 1]
[1, 0, 1]
[0, 0, 0]
[1, 0, 1]
[1, 0, 1]
[1, 0, 1]
[1, 0, 1]
[1, 1, 1]
[1, 0, 1]
[0, 0, 0]
[1, 1, 1]
[0, 0, 0]
[0, 0, 0]
[0, 0, 0]
[0, 0, 0]
[1, 0, 1]
[0, 0, 0]
[1, 0, 1]
[1, 0, 1]
[1, 1, 1]
[0, 0, 0]
[1, 0, 1]
[1, 0, 1]
[1, 0, 1]
[0, 0, 0]
[1, 0, 1]
[1, 0, 1]
[1, 0, 1]
[1, 0, 1]
[0, 0, 0]
[0, 0, 0]
Genotipos:
[2, 2, 2]
[1, 0, 1]
[1, 0, 1]
[1, 0, 1]
[2, 0, 2]
[1, 0, 1]
[1, 0, 1]
[2, 0, 2]
[1, 0, 1]
[1, 0, 1]
[1, 2, 1]
[2, 2, 2]
[0, 0, 0]
[0, 0, 0]
[2, 0, 2]
[1, 0, 1]
[2, 2, 2]
[1, 0, 1]
[2, 0, 2]
[1, 0, 1]
[1, 0, 1]
[0, 0, 0]
Solving...
######
instances/ms_44_3.txt,0,22,3,0,0.01617999999999998,207128,28601
