Instancia:  instances/ms_42_4.txt
# Parámetros de la instancia
Número de haplotipos: 42
Número de genotipos: 21
Cantidad de sitios polimórficos: 4
Haplotipos:
[0, 0, 0, 0]
[0, 0, 1, 1]
[0, 0, 0, 1]
[0, 0, 0, 1]
[0, 0, 0, 1]
[0, 0, 0, 1]
[0, 0, 0, 1]
[0, 0, 0, 1]
[1, 0, 0, 0]
[0, 0, 0, 0]
[0, 0, 0, 1]
[1, 0, 0, 0]
[0, 0, 0, 0]
[1, 0, 0, 0]
[0, 1, 0, 1]
[0, 0, 0, 0]
[0, 0, 0, 1]
[0, 0, 0, 1]
[0, 0, 0, 0]
[1, 0, 0, 0]
[0, 0, 0, 0]
[0, 1, 0, 1]
[0, 0, 0, 0]
[0, 0, 0, 1]
[0, 1, 0, 1]
[1, 0, 0, 0]
[0, 0, 0, 1]
[1, 0, 0, 0]
[0, 0, 0, 0]
[0, 0, 0, 0]
[0, 0, 0, 1]
[0, 0, 0, 1]
[0, 0, 0, 0]
[0, 0, 0, 0]
[0, 1, 0, 1]
[0, 0, 0, 0]
[0, 0, 0, 0]
[0, 0, 0, 1]
[1, 0, 0, 0]
[0, 0, 1, 1]
[0, 0, 0, 1]
[0, 0, 0, 0]
Genotipos:
[0, 0, 2, 2]
[0, 0, 0, 1]
[0, 0, 0, 1]
[0, 0, 0, 1]
[2, 0, 0, 0]
[2, 0, 0, 2]
[2, 0, 0, 0]
[0, 2, 0, 2]
[0, 0, 0, 1]
[2, 0, 0, 0]
[0, 2, 0, 2]
[0, 0, 0, 2]
[2, 2, 0, 2]
[2, 0, 0, 2]
[0, 0, 0, 0]
[0, 0, 0, 1]
[0, 0, 0, 0]
[0, 2, 0, 2]
[0, 0, 0, 2]
[2, 0, 2, 2]
[0, 0, 0, 2]
Solving...
######
instances/ms_42_4.txt,0,21,4,0,0.030366999999999998,187086,48924
