Instancia:  instances/ms_44_6.txt
# Parámetros de la instancia
Número de haplotipos: 44
Número de genotipos: 22
Cantidad de sitios polimórficos: 6
Haplotipos:
[0, 1, 0, 0, 1, 0]
[1, 0, 0, 1, 0, 0]
[0, 0, 0, 0, 1, 0]
[0, 0, 0, 0, 1, 0]
[1, 0, 0, 1, 0, 0]
[1, 0, 0, 1, 0, 0]
[1, 0, 0, 0, 0, 0]
[1, 0, 0, 0, 0, 0]
[1, 0, 0, 1, 0, 0]
[0, 0, 0, 0, 1, 0]
[0, 1, 0, 0, 1, 0]
[0, 0, 0, 0, 1, 1]
[0, 0, 0, 0, 1, 0]
[1, 0, 0, 0, 0, 0]
[1, 0, 0, 0, 0, 0]
[0, 0, 0, 0, 1, 0]
[1, 0, 0, 1, 0, 0]
[1, 0, 0, 1, 0, 0]
[1, 0, 0, 1, 0, 0]
[0, 0, 0, 0, 1, 0]
[0, 0, 0, 0, 1, 0]
[1, 0, 0, 0, 0, 0]
[1, 0, 0, 1, 0, 0]
[0, 0, 0, 0, 1, 1]
[1, 0, 0, 1, 0, 0]
[1, 0, 0, 0, 0, 0]
[0, 0, 0, 0, 1, 0]
[0, 0, 0, 0, 1, 0]
[1, 0, 1, 1, 0, 0]
[0, 0, 0, 0, 1, 0]
[1, 0, 0, 0, 0, 0]
[1, 0, 0, 0, 0, 0]
[1, 0, 0, 0, 0, 0]
[0, 0, 0, 0, 1, 0]
[0, 0, 0, 0, 1, 0]
[1, 0, 0, 1, 0, 0]
[1, 0, 0, 0, 0, 0]
[0, 0, 0, 0, 1, 0]
[1, 0, 0, 0, 0, 0]
[0, 1, 0, 0, 1, 0]
[1, 0, 0, 1, 0, 0]
[0, 0, 0, 0, 1, 0]
[1, 0, 0, 0, 0, 0]
[1, 0, 0, 0, 0, 0]
Genotipos:
[2, 2, 0, 2, 2, 0]
[0, 0, 0, 0, 1, 0]
[1, 0, 0, 1, 0, 0]
[1, 0, 0, 0, 0, 0]
[2, 0, 0, 2, 2, 0]
[0, 2, 0, 0, 1, 2]
[2, 0, 0, 0, 2, 0]
[2, 0, 0, 0, 2, 0]
[1, 0, 0, 1, 0, 0]
[2, 0, 0, 2, 2, 0]
[2, 0, 0, 0, 2, 0]
[2, 0, 0, 2, 2, 2]
[1, 0, 0, 2, 0, 0]
[0, 0, 0, 0, 1, 0]
[2, 0, 2, 2, 2, 0]
[1, 0, 0, 0, 0, 0]
[2, 0, 0, 0, 2, 0]
[2, 0, 0, 2, 2, 0]
[2, 0, 0, 0, 2, 0]
[2, 2, 0, 0, 2, 0]
[2, 0, 0, 2, 2, 0]
[1, 0, 0, 0, 0, 0]
Solving...
######
instances/ms_44_6.txt,0,22,6,0,0.08551599999999998,227016,125558
