Instancia:  instances/ms_46_2.txt
# Parámetros de la instancia
Número de haplotipos: 46
Número de genotipos: 23
Cantidad de sitios polimórficos: 2
Haplotipos:
[0, 1]
[0, 0]
[0, 1]
[0, 1]
[0, 1]
[0, 1]
[0, 0]
[0, 0]
[0, 1]
[0, 1]
[0, 1]
[0, 0]
[1, 1]
[0, 1]
[0, 1]
[0, 1]
[0, 1]
[0, 0]
[0, 0]
[1, 1]
[0, 1]
[1, 1]
[0, 1]
[0, 0]
[0, 1]
[0, 1]
[0, 0]
[1, 1]
[0, 0]
[0, 1]
[0, 1]
[0, 1]
[0, 1]
[0, 1]
[1, 1]
[1, 1]
[0, 1]
[0, 1]
[0, 1]
[0, 1]
[0, 1]
[0, 1]
[1, 1]
[0, 1]
[0, 1]
[0, 1]
Genotipos:
[0, 2]
[0, 1]
[0, 1]
[0, 0]
[0, 1]
[0, 2]
[2, 1]
[0, 1]
[0, 2]
[2, 2]
[2, 1]
[0, 2]
[0, 1]
[2, 2]
[0, 2]
[0, 1]
[0, 1]
[1, 1]
[0, 1]
[0, 1]
[0, 1]
[2, 1]
[0, 1]
Solving...
######
instances/ms_46_2.txt,0,23,2,0,0.007964999999999986,229726,13932
