Instancia:  instances/ms_40_3.txt
# Parámetros de la instancia
Número de haplotipos: 40
Número de genotipos: 20
Cantidad de sitios polimórficos: 3
Haplotipos:
[0, 0, 1]
[0, 0, 0]
[0, 0, 0]
[0, 0, 0]
[0, 0, 0]
[0, 0, 0]
[0, 0, 0]
[0, 0, 0]
[0, 0, 0]
[0, 0, 0]
[0, 0, 0]
[0, 0, 0]
[0, 0, 0]
[0, 0, 0]
[0, 1, 0]
[0, 0, 0]
[0, 0, 0]
[0, 0, 0]
[0, 0, 1]
[0, 0, 1]
[0, 0, 0]
[1, 0, 0]
[0, 0, 0]
[0, 0, 0]
[0, 0, 0]
[0, 0, 0]
[0, 0, 0]
[0, 0, 0]
[0, 0, 0]
[0, 0, 0]
[0, 0, 0]
[0, 0, 0]
[0, 0, 0]
[0, 0, 0]
[0, 0, 0]
[0, 0, 1]
[0, 0, 0]
[0, 0, 0]
[0, 0, 0]
[0, 0, 0]
Genotipos:
[0, 0, 2]
[0, 0, 0]
[0, 0, 0]
[0, 0, 0]
[0, 0, 0]
[0, 0, 0]
[0, 0, 0]
[0, 2, 0]
[0, 0, 0]
[0, 0, 1]
[2, 0, 0]
[0, 0, 0]
[0, 0, 0]
[0, 0, 0]
[0, 0, 0]
[0, 0, 0]
[0, 0, 0]
[0, 0, 2]
[0, 0, 0]
[0, 0, 0]
Solving...
######
instances/ms_40_3.txt,0,20,3,0,0.0030500000000000076,160672,6708
