Instancia:  instances/ms_44_4.txt
# Parámetros de la instancia
Número de haplotipos: 44
Número de genotipos: 22
Cantidad de sitios polimórficos: 4
Haplotipos:
[0, 0, 1, 0]
[0, 0, 0, 0]
[0, 0, 0, 0]
[0, 0, 0, 0]
[0, 0, 0, 0]
[0, 0, 0, 0]
[0, 0, 1, 0]
[0, 0, 0, 1]
[0, 1, 1, 0]
[0, 0, 0, 0]
[0, 0, 0, 0]
[0, 0, 0, 0]
[0, 0, 0, 0]
[0, 0, 1, 0]
[0, 0, 0, 0]
[0, 0, 0, 0]
[0, 0, 0, 0]
[0, 0, 0, 0]
[0, 0, 1, 0]
[0, 0, 1, 0]
[0, 0, 0, 0]
[0, 0, 1, 0]
[0, 0, 0, 0]
[0, 0, 0, 0]
[0, 0, 1, 0]
[0, 0, 1, 0]
[1, 0, 1, 0]
[0, 0, 0, 0]
[0, 0, 0, 0]
[0, 0, 0, 0]
[0, 0, 0, 0]
[0, 0, 1, 0]
[0, 0, 0, 0]
[0, 0, 0, 0]
[0, 0, 0, 0]
[0, 0, 0, 0]
[0, 0, 1, 0]
[0, 0, 0, 0]
[0, 0, 0, 0]
[0, 0, 0, 0]
[0, 0, 0, 0]
[0, 0, 0, 0]
[0, 0, 1, 0]
[0, 0, 1, 0]
Genotipos:
[0, 0, 2, 0]
[0, 0, 0, 0]
[0, 0, 0, 0]
[0, 0, 2, 2]
[0, 2, 2, 0]
[0, 0, 0, 0]
[0, 0, 2, 0]
[0, 0, 0, 0]
[0, 0, 0, 0]
[0, 0, 1, 0]
[0, 0, 2, 0]
[0, 0, 0, 0]
[0, 0, 1, 0]
[2, 0, 2, 0]
[0, 0, 0, 0]
[0, 0, 2, 0]
[0, 0, 0, 0]
[0, 0, 0, 0]
[0, 0, 2, 0]
[0, 0, 0, 0]
[0, 0, 0, 0]
[0, 0, 1, 0]
Solving...
######
instances/ms_44_4.txt,0,22,4,0,0.012076000000000017,219978,23284
