Instancia:  instances/ms_48_4.txt
# Parámetros de la instancia
Número de haplotipos: 48
Número de genotipos: 24
Cantidad de sitios polimórficos: 4
Haplotipos:
[1, 0, 0, 0]
[1, 0, 0, 0]
[1, 0, 0, 0]
[1, 0, 0, 0]
[1, 0, 0, 0]
[1, 0, 0, 0]
[1, 0, 0, 0]
[1, 0, 0, 0]
[1, 0, 0, 0]
[1, 0, 0, 0]
[1, 0, 0, 0]
[0, 1, 0, 0]
[1, 0, 0, 0]
[1, 0, 0, 0]
[1, 0, 1, 0]
[1, 0, 0, 0]
[0, 0, 0, 1]
[1, 0, 0, 0]
[0, 1, 0, 0]
[1, 0, 0, 0]
[1, 0, 1, 0]
[1, 0, 0, 0]
[0, 0, 0, 1]
[1, 0, 0, 0]
[0, 0, 0, 1]
[1, 0, 0, 0]
[1, 0, 0, 0]
[1, 0, 0, 0]
[1, 0, 0, 0]
[0, 1, 0, 0]
[1, 0, 1, 0]
[1, 0, 0, 0]
[0, 0, 0, 1]
[0, 0, 0, 1]
[1, 0, 0, 0]
[1, 0, 0, 0]
[0, 1, 0, 0]
[0, 1, 0, 0]
[0, 1, 0, 0]
[1, 0, 0, 0]
[0, 0, 0, 1]
[0, 0, 0, 1]
[1, 0, 0, 0]
[1, 0, 0, 0]
[0, 0, 0, 1]
[1, 0, 1, 0]
[1, 0, 0, 0]
[1, 0, 0, 0]
Genotipos:
[1, 0, 0, 0]
[1, 0, 0, 0]
[1, 0, 0, 0]
[1, 0, 0, 0]
[1, 0, 0, 0]
[2, 2, 0, 0]
[1, 0, 0, 0]
[1, 0, 2, 0]
[2, 0, 0, 2]
[2, 2, 0, 0]
[1, 0, 2, 0]
[2, 0, 0, 2]
[2, 0, 0, 2]
[1, 0, 0, 0]
[2, 2, 0, 0]
[1, 0, 2, 0]
[0, 0, 0, 1]
[1, 0, 0, 0]
[0, 1, 0, 0]
[2, 2, 0, 0]
[0, 0, 0, 1]
[1, 0, 0, 0]
[2, 0, 2, 2]
[1, 0, 0, 0]
Solving...
######
instances/ms_48_4.txt,0,24,4,0,0.033647999999999983,275680,47742
