Instancia:  instances/ms_46_4.txt
# Parámetros de la instancia
Número de haplotipos: 46
Número de genotipos: 23
Cantidad de sitios polimórficos: 4
Haplotipos:
[0, 0, 0, 1]
[1, 1, 1, 0]
[0, 1, 1, 0]
[0, 1, 1, 0]
[0, 1, 1, 0]
[0, 1, 1, 0]
[0, 1, 1, 0]
[0, 0, 0, 1]
[0, 1, 1, 0]
[0, 0, 1, 0]
[0, 1, 1, 0]
[0, 1, 1, 0]
[0, 1, 1, 0]
[0, 0, 0, 0]
[0, 0, 0, 1]
[0, 1, 1, 0]
[0, 1, 1, 0]
[0, 1, 1, 0]
[0, 0, 0, 0]
[1, 1, 1, 0]
[0, 1, 1, 0]
[0, 1, 1, 0]
[0, 1, 1, 0]
[0, 1, 1, 0]
[0, 0, 0, 1]
[0, 1, 1, 0]
[0, 1, 1, 0]
[0, 0, 1, 0]
[0, 1, 1, 0]
[0, 0, 1, 0]
[0, 0, 1, 0]
[0, 0, 0, 1]
[0, 1, 1, 0]
[0, 0, 0, 1]
[0, 1, 1, 0]
[0, 1, 1, 0]
[0, 0, 0, 1]
[0, 1, 1, 0]
[0, 1, 1, 0]
[0, 0, 0, 0]
[0, 1, 1, 0]
[0, 0, 0, 0]
[0, 1, 1, 0]
[0, 1, 1, 0]
[0, 1, 1, 0]
[0, 1, 1, 0]
Genotipos:
[2, 2, 2, 2]
[0, 1, 1, 0]
[0, 1, 1, 0]
[0, 2, 2, 2]
[0, 2, 1, 0]
[0, 1, 1, 0]
[0, 2, 2, 0]
[0, 2, 2, 2]
[0, 1, 1, 0]
[2, 2, 2, 0]
[0, 1, 1, 0]
[0, 1, 1, 0]
[0, 2, 2, 2]
[0, 2, 1, 0]
[0, 2, 1, 0]
[0, 0, 2, 2]
[0, 2, 2, 2]
[0, 1, 1, 0]
[0, 2, 2, 2]
[0, 2, 2, 0]
[0, 2, 2, 0]
[0, 1, 1, 0]
[0, 1, 1, 0]
Solving...
######
instances/ms_46_4.txt,0,23,4,0,0.0028420000000000077,241678,72018
