Instancia:  instances/ms_46_3.txt
# Parámetros de la instancia
Número de haplotipos: 46
Número de genotipos: 23
Cantidad de sitios polimórficos: 3
Haplotipos:
[1, 0, 0]
[0, 0, 0]
[1, 0, 0]
[0, 1, 0]
[1, 0, 0]
[1, 0, 0]
[1, 0, 0]
[1, 0, 0]
[0, 0, 0]
[0, 0, 0]
[1, 0, 0]
[0, 0, 0]
[0, 0, 0]
[1, 0, 0]
[1, 0, 0]
[0, 1, 0]
[1, 0, 0]
[0, 0, 0]
[1, 0, 0]
[1, 0, 0]
[0, 0, 0]
[1, 0, 0]
[0, 0, 1]
[1, 0, 0]
[0, 1, 0]
[1, 0, 0]
[1, 0, 0]
[1, 0, 0]
[0, 0, 0]
[0, 0, 0]
[1, 0, 0]
[0, 1, 0]
[1, 0, 0]
[0, 1, 0]
[1, 0, 0]
[0, 0, 0]
[0, 1, 0]
[1, 0, 0]
[1, 0, 0]
[0, 1, 0]
[0, 0, 1]
[1, 0, 0]
[1, 0, 0]
[1, 0, 0]
[1, 0, 0]
[1, 0, 0]
Genotipos:
[2, 0, 0]
[2, 2, 0]
[1, 0, 0]
[1, 0, 0]
[0, 0, 0]
[2, 0, 0]
[2, 0, 0]
[2, 2, 0]
[2, 0, 0]
[1, 0, 0]
[2, 0, 0]
[2, 0, 2]
[2, 2, 0]
[1, 0, 0]
[0, 0, 0]
[2, 2, 0]
[2, 2, 0]
[2, 0, 0]
[2, 2, 0]
[2, 2, 0]
[2, 0, 2]
[1, 0, 0]
[1, 0, 0]
Solving...
######
instances/ms_46_3.txt,0,23,3,0,0.02595499999999998,235018,40188
