Instancia:  instances/ms_58_4.txt
# Parámetros de la instancia
Número de haplotipos: 58
Número de genotipos: 29
Cantidad de sitios polimórficos: 4
Haplotipos:
[0, 0, 1, 0]
[0, 0, 1, 0]
[1, 0, 0, 0]
[1, 0, 0, 0]
[0, 0, 1, 0]
[0, 1, 1, 0]
[0, 0, 1, 0]
[0, 0, 1, 0]
[1, 0, 0, 0]
[0, 0, 1, 0]
[0, 0, 1, 0]
[0, 0, 1, 0]
[0, 0, 1, 0]
[0, 0, 1, 0]
[0, 0, 1, 0]
[0, 0, 1, 0]
[0, 0, 1, 1]
[0, 0, 1, 0]
[0, 0, 1, 1]
[0, 0, 1, 0]
[0, 0, 1, 0]
[1, 0, 0, 0]
[0, 0, 1, 0]
[0, 0, 1, 1]
[1, 0, 0, 0]
[1, 0, 0, 0]
[0, 0, 1, 0]
[0, 0, 1, 0]
[0, 0, 1, 1]
[0, 0, 1, 0]
[0, 0, 1, 0]
[0, 0, 1, 0]
[1, 0, 0, 0]
[0, 0, 1, 0]
[0, 0, 0, 0]
[0, 0, 1, 1]
[0, 0, 1, 0]
[0, 0, 1, 0]
[0, 0, 1, 0]
[1, 0, 0, 0]
[0, 0, 1, 0]
[1, 0, 0, 0]
[0, 0, 1, 0]
[0, 0, 1, 0]
[0, 0, 1, 0]
[0, 0, 1, 0]
[0, 0, 1, 0]
[0, 0, 1, 0]
[0, 0, 1, 1]
[0, 0, 1, 0]
[0, 0, 1, 0]
[0, 0, 1, 1]
[0, 0, 1, 1]
[0, 0, 1, 0]
[0, 0, 1, 0]
[0, 0, 1, 0]
[1, 0, 0, 0]
[0, 0, 1, 0]
Genotipos:
[0, 0, 1, 0]
[1, 0, 0, 0]
[0, 2, 1, 0]
[0, 0, 1, 0]
[2, 0, 2, 0]
[0, 0, 1, 0]
[0, 0, 1, 0]
[0, 0, 1, 0]
[0, 0, 1, 2]
[0, 0, 1, 2]
[2, 0, 2, 0]
[0, 0, 1, 2]
[1, 0, 0, 0]
[0, 0, 1, 0]
[0, 0, 1, 2]
[0, 0, 1, 0]
[2, 0, 2, 0]
[0, 0, 2, 2]
[0, 0, 1, 0]
[2, 0, 2, 0]
[2, 0, 2, 0]
[0, 0, 1, 0]
[0, 0, 1, 0]
[0, 0, 1, 0]
[0, 0, 1, 2]
[0, 0, 1, 2]
[0, 0, 1, 2]
[0, 0, 1, 0]
[2, 0, 2, 0]
Solving...
######
instances/ms_58_4.txt,0,29,4,0,0.055436,482822,62790
