Instancia:  instances/ms_50_4.txt
# Parámetros de la instancia
Número de haplotipos: 50
Número de genotipos: 25
Cantidad de sitios polimórficos: 4
Haplotipos:
[0, 0, 1, 0]
[0, 0, 1, 0]
[0, 0, 1, 0]
[0, 1, 0, 1]
[0, 0, 1, 0]
[0, 1, 0, 1]
[0, 0, 1, 0]
[0, 0, 1, 0]
[0, 0, 1, 0]
[0, 0, 1, 0]
[0, 0, 1, 0]
[0, 1, 0, 1]
[0, 0, 1, 0]
[0, 0, 1, 0]
[0, 0, 1, 0]
[1, 0, 0, 0]
[0, 0, 1, 0]
[0, 1, 0, 1]
[1, 0, 0, 0]
[0, 1, 0, 1]
[0, 1, 0, 1]
[0, 0, 1, 0]
[0, 0, 1, 0]
[0, 0, 1, 0]
[0, 0, 1, 0]
[0, 0, 1, 0]
[0, 0, 1, 0]
[0, 1, 0, 1]
[0, 1, 0, 1]
[0, 0, 1, 0]
[0, 0, 1, 0]
[0, 1, 0, 1]
[0, 0, 1, 0]
[1, 0, 0, 0]
[0, 0, 1, 0]
[0, 0, 1, 0]
[0, 0, 1, 0]
[0, 0, 1, 0]
[0, 1, 0, 1]
[0, 0, 1, 0]
[0, 1, 0, 1]
[0, 0, 1, 0]
[0, 1, 0, 1]
[0, 1, 0, 1]
[0, 0, 1, 0]
[0, 0, 1, 0]
[0, 0, 1, 0]
[0, 1, 0, 1]
[1, 0, 0, 0]
[0, 0, 1, 0]
Genotipos:
[0, 0, 1, 0]
[0, 2, 2, 2]
[0, 2, 2, 2]
[0, 0, 1, 0]
[0, 0, 1, 0]
[0, 2, 2, 2]
[0, 0, 1, 0]
[2, 0, 2, 0]
[0, 2, 2, 2]
[2, 2, 0, 2]
[0, 2, 2, 2]
[0, 0, 1, 0]
[0, 0, 1, 0]
[0, 2, 2, 2]
[0, 2, 2, 2]
[0, 2, 2, 2]
[2, 0, 2, 0]
[0, 0, 1, 0]
[0, 0, 1, 0]
[0, 2, 2, 2]
[0, 2, 2, 2]
[0, 1, 0, 1]
[0, 0, 1, 0]
[0, 2, 2, 2]
[2, 0, 2, 0]
Solving...
######
instances/ms_50_4.txt,0,25,4,0,0.07553400000000002,301702,99751
