Instancia:  instances/ms_52_3.txt
# Parámetros de la instancia
Número de haplotipos: 52
Número de genotipos: 26
Cantidad de sitios polimórficos: 3
Haplotipos:
[0, 0, 1]
[0, 0, 0]
[0, 0, 1]
[0, 0, 0]
[0, 0, 1]
[0, 0, 1]
[0, 0, 1]
[0, 0, 0]
[0, 0, 1]
[0, 0, 1]
[0, 0, 1]
[0, 0, 1]
[0, 0, 1]
[0, 0, 1]
[0, 0, 1]
[0, 0, 1]
[0, 0, 1]
[0, 0, 0]
[0, 0, 1]
[0, 0, 1]
[0, 0, 1]
[0, 0, 0]
[0, 0, 1]
[0, 0, 1]
[0, 0, 1]
[0, 0, 1]
[0, 1, 1]
[0, 0, 1]
[0, 0, 1]
[0, 0, 1]
[0, 0, 1]
[0, 0, 1]
[1, 0, 1]
[0, 1, 1]
[0, 0, 1]
[0, 0, 1]
[0, 0, 1]
[0, 0, 0]
[0, 0, 0]
[0, 0, 1]
[0, 0, 0]
[0, 0, 1]
[0, 0, 1]
[0, 0, 1]
[0, 0, 0]
[0, 0, 1]
[0, 0, 0]
[0, 0, 0]
[0, 0, 1]
[0, 0, 0]
[0, 0, 1]
[0, 1, 1]
Genotipos:
[0, 0, 2]
[0, 0, 2]
[0, 0, 1]
[0, 0, 2]
[0, 0, 1]
[0, 0, 1]
[0, 0, 1]
[0, 0, 1]
[0, 0, 2]
[0, 0, 1]
[0, 0, 2]
[0, 0, 1]
[0, 0, 1]
[0, 2, 1]
[0, 0, 1]
[0, 0, 1]
[2, 2, 1]
[0, 0, 1]
[0, 0, 2]
[0, 0, 2]
[0, 0, 2]
[0, 0, 1]
[0, 0, 2]
[0, 0, 0]
[0, 0, 2]
[0, 2, 1]
Solving...
######
instances/ms_52_3.txt,0,26,3,0,0.0012090000000000573,339800,27139
