Instancia:  instances/ms_50_14.txt
# Parámetros de la instancia
Número de haplotipos: 50
Número de genotipos: 25
Cantidad de sitios polimórficos: 14
Haplotipos:
[1, 0, 0, 0, 1, 0, 0, 1, 1, 1, 0, 0, 0, 0]
[1, 0, 0, 0, 0, 0, 0, 1, 0, 1, 0, 0, 0, 0]
[1, 0, 0, 1, 0, 0, 0, 1, 0, 1, 0, 1, 0, 1]
[0, 0, 0, 0, 0, 1, 0, 0, 0, 0, 0, 0, 0, 0]
[1, 0, 0, 0, 0, 0, 0, 1, 0, 1, 0, 0, 1, 0]
[1, 0, 0, 0, 0, 0, 0, 1, 0, 1, 0, 0, 0, 0]
[1, 0, 0, 0, 0, 0, 0, 1, 1, 1, 0, 0, 0, 0]
[1, 0, 0, 0, 0, 0, 0, 1, 0, 1, 0, 0, 0, 0]
[1, 0, 0, 0, 0, 0, 0, 1, 0, 1, 0, 0, 0, 0]
[1, 0, 0, 0, 0, 0, 0, 1, 1, 1, 0, 0, 0, 0]
[1, 0, 0, 0, 0, 0, 0, 1, 1, 1, 0, 0, 0, 0]
[1, 0, 0, 1, 0, 0, 0, 1, 0, 1, 0, 1, 0, 1]
[1, 0, 0, 0, 0, 0, 0, 1, 0, 1, 0, 0, 0, 0]
[1, 0, 0, 0, 0, 0, 0, 1, 0, 1, 0, 0, 0, 0]
[1, 0, 0, 1, 0, 0, 0, 1, 0, 1, 0, 1, 0, 1]
[1, 0, 0, 0, 0, 0, 0, 1, 0, 1, 0, 0, 0, 0]
[1, 0, 0, 0, 0, 0, 1, 1, 1, 1, 0, 0, 0, 0]
[0, 1, 0, 0, 0, 0, 0, 0, 0, 0, 0, 0, 0, 0]
[1, 0, 0, 0, 0, 0, 0, 1, 0, 1, 0, 0, 0, 0]
[1, 0, 0, 0, 0, 0, 0, 1, 0, 1, 0, 0, 0, 0]
[1, 0, 0, 1, 0, 0, 0, 1, 0, 1, 0, 1, 0, 1]
[1, 0, 0, 0, 0, 0, 0, 1, 0, 1, 0, 0, 0, 0]
[1, 0, 0, 0, 1, 0, 0, 1, 1, 1, 0, 0, 0, 0]
[1, 0, 0, 0, 0, 0, 0, 1, 0, 1, 0, 0, 0, 0]
[1, 0, 0, 0, 0, 0, 0, 1, 0, 1, 0, 0, 0, 0]
[1, 0, 0, 0, 0, 0, 0, 1, 0, 1, 0, 0, 0, 0]
[1, 0, 0, 0, 0, 0, 0, 1, 0, 1, 0, 0, 0, 0]
[1, 0, 0, 0, 1, 0, 0, 1, 1, 1, 0, 0, 0, 0]
[1, 0, 0, 1, 0, 0, 0, 1, 0, 1, 0, 1, 0, 1]
[1, 0, 0, 1, 0, 0, 0, 1, 0, 1, 0, 1, 0, 1]
[1, 0, 0, 0, 0, 0, 0, 1, 0, 1, 0, 0, 0, 0]
[1, 0, 0, 0, 0, 0, 0, 1, 0, 1, 0, 0, 0, 0]
[1, 0, 0, 0, 1, 0, 0, 1, 1, 1, 0, 0, 0, 0]
[1, 0, 0, 0, 0, 0, 0, 1, 1, 1, 0, 0, 0, 0]
[1, 0, 1, 1, 0, 0, 0, 1, 0, 1, 0, 1, 0, 1]
[1, 0, 0, 0, 0, 0, 0, 1, 0, 1, 0, 0, 0, 0]
[1, 0, 0, 0, 0, 0, 0, 1, 0, 1, 1, 0, 0, 0]
[1, 0, 0, 0, 0, 0, 0, 1, 0, 1, 0, 0, 0, 0]
[1, 0, 0, 1, 0, 0, 0, 1, 0, 1, 0, 1, 0, 1]
[1, 0, 0, 0, 0, 0, 0, 1, 0, 1, 0, 0, 0, 0]
[1, 0, 0, 1, 0, 0, 0, 1, 0, 1, 0, 1, 0, 1]
[1, 0, 0, 0, 1, 0, 0, 1, 1, 1, 0, 0, 0, 0]
[1, 0, 0, 0, 0, 0, 0, 1, 0, 1, 0, 0, 1, 0]
[1, 0, 0, 0, 0, 0, 0, 1, 1, 1, 0, 0, 0, 0]
[1, 0, 0, 0, 0, 0, 0, 1, 0, 1, 0, 0, 0, 0]
[1, 0, 0, 0, 0, 0, 0, 1, 0, 1, 0, 0, 0, 0]
[0, 0, 0, 0, 0, 1, 0, 0, 0, 0, 0, 0, 0, 0]
[1, 0, 0, 0, 0, 0, 0, 1, 1, 1, 0, 0, 0, 0]
[1, 0, 0, 0, 0, 0, 0, 1, 1, 1, 0, 0, 0, 0]
[1, 0, 0, 0, 0, 0, 0, 1, 1, 1, 0, 0, 0, 0]
Genotipos:
[1, 0, 0, 0, 2, 0, 0, 1, 2, 1, 0, 0, 0, 0]
[2, 0, 0, 2, 0, 2, 0, 2, 0, 2, 0, 2, 0, 2]
[1, 0, 0, 0, 0, 0, 0, 1, 0, 1, 0, 0, 2, 0]
[1, 0, 0, 0, 0, 0, 0, 1, 2, 1, 0, 0, 0, 0]
[1, 0, 0, 0, 0, 0, 0, 1, 2, 1, 0, 0, 0, 0]
[1, 0, 0, 2, 0, 0, 0, 1, 2, 1, 0, 2, 0, 2]
[1, 0, 0, 0, 0, 0, 0, 1, 0, 1, 0, 0, 0, 0]
[1, 0, 0, 2, 0, 0, 0, 1, 0, 1, 0, 2, 0, 2]
[2, 2, 0, 0, 0, 0, 2, 2, 2, 2, 0, 0, 0, 0]
[1, 0, 0, 0, 0, 0, 0, 1, 0, 1, 0, 0, 0, 0]
[1, 0, 0, 2, 0, 0, 0, 1, 0, 1, 0, 2, 0, 2]
[1, 0, 0, 0, 2, 0, 0, 1, 2, 1, 0, 0, 0, 0]
[1, 0, 0, 0, 0, 0, 0, 1, 0, 1, 0, 0, 0, 0]
[1, 0, 0, 0, 2, 0, 0, 1, 2, 1, 0, 0, 0, 0]
[1, 0, 0, 1, 0, 0, 0, 1, 0, 1, 0, 1, 0, 1]
[1, 0, 0, 0, 0, 0, 0, 1, 0, 1, 0, 0, 0, 0]
[1, 0, 0, 0, 2, 0, 0, 1, 1, 1, 0, 0, 0, 0]
[1, 0, 2, 2, 0, 0, 0, 1, 0, 1, 0, 2, 0, 2]
[1, 0, 0, 0, 0, 0, 0, 1, 0, 1, 2, 0, 0, 0]
[1, 0, 0, 2, 0, 0, 0, 1, 0, 1, 0, 2, 0, 2]
[1, 0, 0, 2, 2, 0, 0, 1, 2, 1, 0, 2, 0, 2]
[1, 0, 0, 0, 0, 0, 0, 1, 2, 1, 0, 0, 2, 0]
[1, 0, 0, 0, 0, 0, 0, 1, 0, 1, 0, 0, 0, 0]
[2, 0, 0, 0, 0, 2, 0, 2, 2, 2, 0, 0, 0, 0]
[1, 0, 0, 0, 0, 0, 0, 1, 1, 1, 0, 0, 0, 0]
Solving...
######
instances/ms_50_14.txt,0,25,14,0,0.3635039999999999,422768,432474
