Instancia:  instances/ms_60_2.txt
# Parámetros de la instancia
Número de haplotipos: 60
Número de genotipos: 30
Cantidad de sitios polimórficos: 2
Haplotipos:
[0, 0]
[0, 0]
[0, 0]
[0, 0]
[0, 0]
[1, 0]
[1, 0]
[0, 0]
[0, 0]
[0, 0]
[0, 0]
[1, 0]
[0, 0]
[1, 0]
[0, 0]
[0, 0]
[1, 0]
[0, 0]
[0, 0]
[0, 0]
[0, 0]
[0, 0]
[1, 0]
[0, 0]
[0, 0]
[1, 0]
[1, 0]
[1, 0]
[0, 0]
[1, 0]
[0, 0]
[1, 0]
[1, 1]
[1, 0]
[0, 0]
[1, 1]
[1, 0]
[1, 1]
[0, 0]
[1, 0]
[1, 0]
[0, 0]
[1, 0]
[0, 0]
[1, 0]
[1, 0]
[0, 0]
[1, 0]
[1, 1]
[1, 0]
[1, 0]
[1, 0]
[0, 0]
[1, 1]
[0, 0]
[1, 0]
[1, 0]
[1, 0]
[0, 0]
[1, 0]
Genotipos:
[0, 0]
[0, 0]
[2, 0]
[2, 0]
[0, 0]
[2, 0]
[2, 0]
[0, 0]
[2, 0]
[0, 0]
[0, 0]
[2, 0]
[2, 0]
[1, 0]
[2, 0]
[2, 0]
[1, 2]
[2, 2]
[1, 2]
[2, 0]
[2, 0]
[2, 0]
[1, 0]
[2, 0]
[1, 2]
[1, 0]
[2, 2]
[2, 0]
[1, 0]
[2, 0]
Solving...
######
instances/ms_60_2.txt,0,30,2,0,0.001514999999999933,496528,33046
