Instancia:  instances/ms_68_5.txt
# Parámetros de la instancia
Número de haplotipos: 68
Número de genotipos: 34
Cantidad de sitios polimórficos: 5
Haplotipos:
[0, 0, 0, 1, 0]
[0, 0, 0, 1, 0]
[0, 0, 0, 1, 0]
[0, 0, 0, 1, 0]
[1, 0, 0, 0, 1]
[1, 0, 0, 0, 1]
[0, 0, 0, 1, 0]
[1, 0, 0, 0, 1]
[0, 0, 0, 1, 0]
[1, 0, 0, 0, 0]
[0, 0, 0, 1, 0]
[1, 1, 0, 0, 1]
[1, 0, 0, 0, 0]
[0, 0, 0, 1, 0]
[1, 1, 0, 0, 1]
[0, 0, 0, 1, 0]
[1, 0, 0, 0, 1]
[0, 0, 0, 1, 0]
[1, 0, 0, 0, 0]
[1, 0, 0, 0, 0]
[0, 0, 0, 1, 0]
[0, 0, 0, 1, 0]
[1, 1, 0, 0, 1]
[0, 0, 0, 1, 0]
[0, 0, 0, 1, 0]
[0, 0, 0, 1, 0]
[0, 0, 0, 1, 0]
[0, 0, 0, 1, 0]
[1, 1, 0, 0, 1]
[0, 0, 0, 1, 0]
[1, 0, 0, 0, 1]
[0, 0, 0, 1, 0]
[0, 0, 0, 1, 0]
[1, 1, 0, 0, 1]
[1, 0, 0, 0, 1]
[0, 0, 0, 1, 0]
[0, 0, 0, 1, 0]
[0, 0, 0, 1, 0]
[0, 0, 0, 1, 0]
[0, 0, 0, 1, 0]
[0, 0, 0, 1, 0]
[1, 0, 0, 0, 1]
[1, 1, 0, 0, 1]
[0, 0, 0, 1, 0]
[0, 0, 0, 1, 0]
[0, 0, 0, 1, 0]
[1, 1, 0, 0, 1]
[0, 0, 0, 1, 0]
[0, 0, 0, 1, 0]
[0, 0, 0, 1, 0]
[1, 0, 0, 0, 0]
[1, 0, 0, 0, 1]
[0, 0, 0, 1, 0]
[1, 1, 0, 0, 1]
[0, 0, 0, 1, 0]
[0, 0, 0, 1, 0]
[0, 0, 0, 1, 0]
[0, 0, 0, 1, 0]
[1, 0, 0, 0, 0]
[0, 0, 0, 1, 0]
[0, 0, 0, 1, 0]
[0, 0, 0, 1, 0]
[0, 0, 0, 1, 0]
[0, 0, 0, 1, 0]
[1, 0, 0, 0, 1]
[1, 0, 1, 0, 0]
[0, 0, 0, 1, 0]
[0, 0, 0, 1, 0]
Genotipos:
[0, 0, 0, 1, 0]
[0, 0, 0, 1, 0]
[1, 0, 0, 0, 1]
[2, 0, 0, 2, 2]
[2, 0, 0, 2, 0]
[2, 2, 0, 2, 2]
[2, 0, 0, 2, 0]
[2, 2, 0, 2, 2]
[2, 0, 0, 2, 2]
[1, 0, 0, 0, 0]
[0, 0, 0, 1, 0]
[2, 2, 0, 2, 2]
[0, 0, 0, 1, 0]
[0, 0, 0, 1, 0]
[2, 2, 0, 2, 2]
[2, 0, 0, 2, 2]
[2, 2, 0, 2, 2]
[2, 0, 0, 2, 2]
[0, 0, 0, 1, 0]
[0, 0, 0, 1, 0]
[2, 0, 0, 2, 2]
[2, 2, 0, 2, 2]
[0, 0, 0, 1, 0]
[2, 2, 0, 2, 2]
[0, 0, 0, 1, 0]
[1, 0, 0, 0, 2]
[2, 2, 0, 2, 2]
[0, 0, 0, 1, 0]
[0, 0, 0, 1, 0]
[2, 0, 0, 2, 0]
[0, 0, 0, 1, 0]
[0, 0, 0, 1, 0]
[1, 0, 2, 0, 2]
[0, 0, 0, 1, 0]
Solving...
######
instances/ms_68_5.txt,0,34,5,0,0.2807940000000001,928148,264598
