Instancia:  instances/ms_62_4.txt
# Parámetros de la instancia
Número de haplotipos: 62
Número de genotipos: 31
Cantidad de sitios polimórficos: 4
Haplotipos:
[1, 0, 0, 1]
[0, 0, 1, 0]
[0, 0, 1, 0]
[0, 0, 1, 0]
[0, 0, 1, 0]
[0, 0, 1, 0]
[0, 0, 1, 0]
[0, 0, 1, 0]
[0, 1, 0, 0]
[0, 0, 1, 0]
[0, 0, 1, 0]
[0, 1, 0, 0]
[0, 1, 0, 0]
[0, 0, 1, 0]
[0, 0, 1, 0]
[0, 0, 1, 0]
[0, 0, 1, 0]
[0, 0, 1, 0]
[1, 0, 0, 1]
[0, 0, 1, 0]
[0, 0, 1, 0]
[1, 0, 0, 1]
[1, 0, 0, 1]
[0, 1, 0, 0]
[0, 0, 1, 0]
[0, 0, 1, 0]
[0, 0, 1, 0]
[0, 0, 1, 0]
[0, 0, 1, 0]
[0, 0, 1, 0]
[0, 0, 1, 0]
[0, 0, 1, 0]
[0, 1, 0, 0]
[1, 0, 0, 1]
[0, 0, 1, 0]
[1, 0, 0, 1]
[0, 0, 1, 0]
[0, 0, 1, 0]
[0, 0, 1, 0]
[1, 0, 0, 1]
[1, 0, 0, 1]
[1, 0, 0, 1]
[0, 0, 1, 0]
[0, 0, 1, 0]
[0, 0, 1, 0]
[0, 0, 1, 0]
[0, 0, 1, 0]
[0, 1, 0, 0]
[0, 0, 1, 0]
[0, 1, 0, 0]
[0, 1, 0, 0]
[1, 0, 0, 1]
[0, 0, 1, 0]
[0, 0, 1, 0]
[1, 0, 0, 1]
[0, 0, 1, 0]
[0, 0, 1, 0]
[0, 1, 0, 0]
[0, 0, 1, 0]
[0, 1, 0, 0]
[0, 1, 0, 0]
[0, 1, 0, 0]
Genotipos:
[2, 0, 2, 2]
[0, 0, 1, 0]
[0, 0, 1, 0]
[0, 0, 1, 0]
[0, 2, 2, 0]
[0, 2, 2, 0]
[0, 2, 2, 0]
[0, 0, 1, 0]
[0, 0, 1, 0]
[2, 0, 2, 2]
[2, 0, 2, 2]
[2, 2, 0, 2]
[0, 0, 1, 0]
[0, 0, 1, 0]
[0, 0, 1, 0]
[0, 0, 1, 0]
[2, 2, 0, 2]
[2, 0, 2, 2]
[0, 0, 1, 0]
[2, 0, 2, 2]
[1, 0, 0, 1]
[0, 0, 1, 0]
[0, 0, 1, 0]
[0, 2, 2, 0]
[0, 2, 2, 0]
[2, 2, 0, 2]
[0, 0, 1, 0]
[2, 0, 2, 2]
[0, 2, 2, 0]
[0, 2, 2, 0]
[0, 1, 0, 0]
Solving...
######
instances/ms_62_4.txt,0,31,4,0,0.11364900000000003,577860,121194
