Instancia:  instances/ms_66_3.txt
# Parámetros de la instancia
Número de haplotipos: 66
Número de genotipos: 33
Cantidad de sitios polimórficos: 3
Haplotipos:
[0, 0, 0]
[0, 0, 0]
[0, 0, 0]
[0, 0, 0]
[0, 0, 0]
[0, 1, 0]
[0, 1, 0]
[0, 0, 0]
[0, 1, 0]
[0, 0, 0]
[0, 0, 0]
[0, 1, 0]
[0, 0, 0]
[0, 0, 0]
[0, 0, 0]
[0, 1, 0]
[0, 0, 0]
[0, 0, 0]
[0, 0, 0]
[0, 0, 0]
[0, 0, 0]
[0, 1, 0]
[0, 0, 0]
[0, 1, 0]
[0, 0, 0]
[0, 1, 0]
[0, 0, 0]
[0, 1, 0]
[0, 0, 0]
[0, 0, 0]
[0, 0, 0]
[0, 0, 0]
[0, 0, 0]
[0, 1, 0]
[0, 0, 1]
[0, 0, 0]
[0, 0, 1]
[0, 0, 0]
[0, 0, 0]
[0, 0, 0]
[0, 0, 0]
[0, 0, 1]
[1, 1, 0]
[0, 0, 0]
[0, 0, 0]
[0, 0, 0]
[0, 1, 0]
[0, 0, 0]
[0, 1, 0]
[0, 1, 0]
[0, 0, 0]
[0, 0, 0]
[0, 0, 0]
[0, 1, 0]
[0, 0, 0]
[0, 0, 0]
[0, 0, 0]
[0, 0, 1]
[1, 1, 0]
[0, 0, 0]
[0, 0, 0]
[0, 0, 0]
[0, 0, 0]
[0, 0, 0]
[0, 0, 0]
[0, 0, 0]
Genotipos:
[0, 0, 0]
[0, 0, 0]
[0, 2, 0]
[0, 2, 0]
[0, 2, 0]
[0, 2, 0]
[0, 0, 0]
[0, 2, 0]
[0, 0, 0]
[0, 0, 0]
[0, 2, 0]
[0, 2, 0]
[0, 2, 0]
[0, 2, 0]
[0, 0, 0]
[0, 0, 0]
[0, 2, 0]
[0, 0, 2]
[0, 0, 2]
[0, 0, 0]
[0, 0, 2]
[2, 2, 0]
[0, 0, 0]
[0, 2, 0]
[0, 1, 0]
[0, 0, 0]
[0, 2, 0]
[0, 0, 0]
[0, 0, 2]
[2, 2, 0]
[0, 0, 0]
[0, 0, 0]
[0, 0, 0]
Solving...
######
instances/ms_66_3.txt,0,33,3,0,0.053527999999999964,825134,57455
