Instancia:  instances/ms_6_14.txt
# Parámetros de la instancia
Número de haplotipos: 6
Número de genotipos: 3
Cantidad de sitios polimórficos: 14
Haplotipos:
[1, 0, 0, 0, 0, 0, 0, 1, 1, 1, 0, 0, 1, 1]
[1, 0, 0, 0, 0, 0, 0, 1, 1, 1, 0, 0, 1, 1]
[0, 0, 0, 0, 0, 1, 0, 1, 0, 1, 1, 0, 1, 1]
[1, 0, 0, 0, 0, 0, 0, 1, 1, 1, 0, 0, 1, 1]
[0, 1, 1, 1, 1, 0, 1, 0, 0, 0, 0, 1, 0, 0]
[1, 0, 0, 0, 0, 0, 0, 1, 1, 1, 0, 0, 1, 1]
Genotipos:
[1, 0, 0, 0, 0, 0, 0, 1, 1, 1, 0, 0, 1, 1]
[2, 0, 0, 0, 0, 2, 0, 1, 2, 1, 2, 0, 1, 1]
[2, 2, 2, 2, 2, 0, 2, 2, 2, 2, 0, 2, 2, 2]
Solving...
######
instances/ms_6_14.txt,0,3,14,0,0.00020599999999999785,1010,8031
