Instancia:  instances/ms_68_3.txt
# Parámetros de la instancia
Número de haplotipos: 68
Número de genotipos: 34
Cantidad de sitios polimórficos: 3
Haplotipos:
[0, 0, 0]
[0, 0, 0]
[0, 0, 0]
[0, 0, 0]
[0, 0, 0]
[0, 0, 0]
[0, 0, 0]
[0, 0, 0]
[0, 0, 0]
[0, 0, 0]
[0, 0, 1]
[0, 1, 0]
[0, 0, 0]
[0, 0, 0]
[0, 0, 0]
[0, 0, 0]
[0, 0, 0]
[0, 0, 0]
[0, 1, 0]
[0, 0, 0]
[0, 0, 0]
[0, 0, 0]
[0, 0, 0]
[0, 0, 0]
[0, 0, 0]
[0, 0, 0]
[0, 0, 0]
[0, 0, 0]
[0, 0, 0]
[0, 0, 0]
[0, 0, 0]
[0, 0, 0]
[0, 0, 0]
[0, 1, 0]
[0, 0, 0]
[0, 0, 0]
[0, 0, 0]
[0, 0, 0]
[0, 0, 0]
[0, 0, 0]
[0, 0, 0]
[1, 0, 0]
[0, 0, 0]
[0, 0, 0]
[0, 0, 0]
[0, 0, 0]
[0, 0, 0]
[0, 0, 0]
[0, 0, 0]
[0, 0, 0]
[0, 0, 0]
[0, 0, 0]
[0, 0, 0]
[0, 0, 0]
[0, 0, 0]
[0, 0, 0]
[0, 0, 0]
[0, 0, 0]
[0, 0, 0]
[0, 0, 0]
[0, 0, 0]
[0, 0, 0]
[0, 0, 0]
[0, 0, 0]
[0, 0, 0]
[1, 0, 0]
[0, 0, 0]
[0, 0, 0]
Genotipos:
[0, 0, 0]
[0, 0, 0]
[0, 0, 0]
[0, 0, 0]
[0, 0, 0]
[0, 2, 2]
[0, 0, 0]
[0, 0, 0]
[0, 0, 0]
[0, 2, 0]
[0, 0, 0]
[0, 0, 0]
[0, 0, 0]
[0, 0, 0]
[0, 0, 0]
[0, 0, 0]
[0, 2, 0]
[0, 0, 0]
[0, 0, 0]
[0, 0, 0]
[2, 0, 0]
[0, 0, 0]
[0, 0, 0]
[0, 0, 0]
[0, 0, 0]
[0, 0, 0]
[0, 0, 0]
[0, 0, 0]
[0, 0, 0]
[0, 0, 0]
[0, 0, 0]
[0, 0, 0]
[2, 0, 0]
[0, 0, 0]
Solving...
######
instances/ms_68_3.txt,0,34,3,0,0.0018380000000001243,912688,20764
