Instancia:  instances/ms_68_2.txt
# Parámetros de la instancia
Número de haplotipos: 68
Número de genotipos: 34
Cantidad de sitios polimórficos: 2
Haplotipos:
[0, 0]
[0, 1]
[0, 0]
[0, 0]
[0, 0]
[0, 0]
[0, 0]
[0, 0]
[0, 0]
[0, 0]
[0, 0]
[1, 0]
[0, 0]
[0, 0]
[0, 0]
[0, 0]
[0, 0]
[0, 1]
[0, 0]
[0, 0]
[0, 0]
[0, 0]
[0, 0]
[0, 0]
[0, 0]
[0, 1]
[0, 0]
[0, 0]
[0, 0]
[0, 0]
[0, 0]
[0, 0]
[0, 0]
[0, 0]
[0, 0]
[0, 0]
[0, 0]
[0, 0]
[0, 0]
[0, 0]
[0, 0]
[0, 0]
[0, 0]
[0, 0]
[0, 0]
[0, 0]
[0, 0]
[0, 0]
[0, 0]
[0, 0]
[0, 0]
[0, 0]
[0, 0]
[0, 1]
[0, 0]
[0, 0]
[0, 0]
[0, 1]
[1, 0]
[0, 0]
[0, 0]
[0, 0]
[0, 0]
[0, 1]
[0, 0]
[0, 0]
[0, 0]
[0, 0]
Genotipos:
[0, 2]
[0, 0]
[0, 0]
[0, 0]
[0, 0]
[2, 0]
[0, 0]
[0, 0]
[0, 2]
[0, 0]
[0, 0]
[0, 0]
[0, 2]
[0, 0]
[0, 0]
[0, 0]
[0, 0]
[0, 0]
[0, 0]
[0, 0]
[0, 0]
[0, 0]
[0, 0]
[0, 0]
[0, 0]
[0, 0]
[0, 2]
[0, 0]
[0, 2]
[2, 0]
[0, 0]
[0, 2]
[0, 0]
[0, 0]
Solving...
######
instances/ms_68_2.txt,0,34,2,0,0.0017850000000000504,883196,20505
