Instancia:  instances/ms_64_10.txt
# Parámetros de la instancia
Número de haplotipos: 64
Número de genotipos: 32
Cantidad de sitios polimórficos: 10
Haplotipos:
[0, 0, 1, 0, 0, 0, 0, 0, 0, 0]
[0, 0, 1, 0, 0, 0, 0, 1, 0, 0]
[0, 0, 1, 0, 0, 0, 0, 1, 0, 0]
[0, 0, 0, 0, 0, 0, 1, 0, 0, 0]
[1, 0, 1, 0, 0, 1, 0, 0, 0, 0]
[0, 0, 1, 0, 0, 0, 0, 1, 0, 0]
[0, 0, 1, 0, 0, 0, 0, 1, 0, 0]
[0, 0, 1, 0, 0, 0, 0, 1, 0, 0]
[0, 0, 0, 0, 0, 0, 1, 0, 0, 0]
[0, 0, 1, 0, 0, 0, 0, 0, 0, 0]
[0, 0, 1, 1, 0, 0, 0, 0, 0, 0]
[1, 0, 1, 0, 0, 1, 0, 0, 0, 0]
[1, 0, 1, 0, 0, 1, 0, 0, 0, 0]
[0, 0, 1, 0, 0, 0, 0, 0, 0, 0]
[0, 0, 1, 0, 0, 0, 0, 1, 0, 0]
[1, 0, 1, 0, 0, 1, 0, 0, 0, 0]
[0, 0, 1, 0, 0, 0, 0, 0, 0, 0]
[0, 0, 1, 0, 0, 0, 0, 1, 0, 0]
[0, 1, 1, 0, 0, 0, 0, 1, 0, 0]
[0, 0, 1, 0, 0, 0, 0, 1, 0, 0]
[0, 0, 1, 1, 0, 0, 0, 0, 0, 0]
[1, 0, 1, 0, 0, 1, 0, 0, 0, 0]
[0, 0, 1, 1, 0, 0, 0, 0, 0, 0]
[0, 0, 1, 0, 0, 0, 0, 0, 0, 0]
[0, 0, 1, 0, 0, 0, 0, 1, 0, 0]
[0, 0, 0, 0, 0, 0, 1, 0, 0, 0]
[1, 0, 1, 0, 0, 1, 0, 0, 0, 0]
[1, 0, 1, 0, 0, 1, 0, 0, 0, 0]
[0, 0, 1, 0, 0, 0, 0, 1, 0, 0]
[0, 0, 0, 0, 0, 0, 1, 0, 0, 0]
[1, 0, 1, 0, 0, 1, 0, 0, 0, 0]
[0, 0, 1, 0, 0, 0, 0, 0, 0, 0]
[0, 0, 1, 0, 0, 0, 0, 1, 0, 0]
[0, 0, 1, 0, 0, 0, 0, 1, 0, 0]
[0, 0, 1, 0, 0, 0, 0, 1, 0, 0]
[1, 0, 1, 0, 0, 1, 0, 0, 0, 0]
[1, 0, 1, 0, 0, 1, 0, 0, 0, 0]
[0, 0, 1, 0, 0, 0, 0, 1, 0, 0]
[1, 0, 1, 0, 0, 1, 0, 0, 0, 0]
[1, 0, 1, 0, 0, 1, 0, 0, 0, 0]
[0, 0, 1, 0, 0, 0, 0, 1, 0, 0]
[1, 0, 1, 0, 0, 1, 0, 0, 0, 0]
[1, 0, 1, 0, 0, 1, 0, 0, 0, 0]
[0, 0, 1, 0, 0, 0, 0, 1, 0, 0]
[0, 0, 1, 1, 1, 0, 0, 0, 0, 0]
[1, 0, 1, 0, 0, 1, 0, 0, 0, 0]
[1, 0, 1, 0, 0, 1, 0, 0, 0, 0]
[1, 0, 1, 0, 0, 1, 0, 0, 0, 0]
[0, 0, 1, 0, 0, 0, 0, 1, 0, 0]
[0, 0, 1, 0, 0, 0, 0, 1, 0, 0]
[1, 0, 1, 0, 0, 1, 0, 0, 0, 0]
[0, 0, 0, 0, 0, 0, 0, 0, 1, 0]
[1, 0, 1, 0, 0, 1, 0, 0, 0, 0]
[0, 0, 0, 0, 0, 0, 1, 0, 0, 0]
[0, 0, 1, 0, 0, 0, 0, 0, 0, 0]
[0, 0, 0, 0, 0, 0, 1, 0, 0, 0]
[1, 0, 1, 0, 0, 1, 0, 0, 0, 0]
[1, 0, 1, 0, 0, 1, 0, 0, 0, 0]
[1, 0, 1, 0, 0, 1, 0, 0, 0, 0]
[0, 0, 1, 0, 0, 0, 0, 0, 0, 0]
[0, 0, 1, 0, 0, 0, 0, 1, 0, 0]
[0, 0, 0, 0, 0, 0, 1, 0, 0, 0]
[0, 0, 1, 0, 0, 0, 0, 1, 0, 0]
[1, 0, 1, 0, 0, 1, 0, 0, 0, 1]
Genotipos:
[0, 0, 1, 0, 0, 0, 0, 2, 0, 0]
[0, 0, 2, 0, 0, 0, 2, 2, 0, 0]
[2, 0, 1, 0, 0, 2, 0, 2, 0, 0]
[0, 0, 1, 0, 0, 0, 0, 1, 0, 0]
[0, 0, 2, 0, 0, 0, 2, 0, 0, 0]
[2, 0, 1, 2, 0, 2, 0, 0, 0, 0]
[2, 0, 1, 0, 0, 2, 0, 0, 0, 0]
[2, 0, 1, 0, 0, 2, 0, 2, 0, 0]
[0, 0, 1, 0, 0, 0, 0, 2, 0, 0]
[0, 2, 1, 0, 0, 0, 0, 1, 0, 0]
[2, 0, 1, 2, 0, 2, 0, 0, 0, 0]
[0, 0, 1, 2, 0, 0, 0, 0, 0, 0]
[0, 0, 2, 0, 0, 0, 2, 2, 0, 0]
[1, 0, 1, 0, 0, 1, 0, 0, 0, 0]
[0, 0, 2, 0, 0, 0, 2, 2, 0, 0]
[2, 0, 1, 0, 0, 2, 0, 0, 0, 0]
[0, 0, 1, 0, 0, 0, 0, 1, 0, 0]
[2, 0, 1, 0, 0, 2, 0, 2, 0, 0]
[2, 0, 1, 0, 0, 2, 0, 2, 0, 0]
[1, 0, 1, 0, 0, 1, 0, 0, 0, 0]
[2, 0, 1, 0, 0, 2, 0, 2, 0, 0]
[2, 0, 1, 0, 0, 2, 0, 2, 0, 0]
[2, 0, 1, 2, 2, 2, 0, 0, 0, 0]
[1, 0, 1, 0, 0, 1, 0, 0, 0, 0]
[0, 0, 1, 0, 0, 0, 0, 1, 0, 0]
[2, 0, 2, 0, 0, 2, 0, 0, 2, 0]
[2, 0, 2, 0, 0, 2, 2, 0, 0, 0]
[0, 0, 2, 0, 0, 0, 2, 0, 0, 0]
[1, 0, 1, 0, 0, 1, 0, 0, 0, 0]
[2, 0, 1, 0, 0, 2, 0, 0, 0, 0]
[0, 0, 2, 0, 0, 0, 2, 2, 0, 0]
[2, 0, 1, 0, 0, 2, 0, 2, 0, 2]
Solving...
######
instances/ms_64_10.txt,0,32,10,0,0.6178089999999998,887768,590478
