Instancia:  instances/ms_60_3.txt
# Parámetros de la instancia
Número de haplotipos: 60
Número de genotipos: 30
Cantidad de sitios polimórficos: 3
Haplotipos:
[1, 0, 0]
[0, 1, 0]
[0, 1, 0]
[1, 0, 0]
[0, 1, 0]
[0, 1, 0]
[0, 1, 0]
[1, 0, 0]
[0, 1, 0]
[0, 1, 0]
[1, 0, 0]
[1, 0, 0]
[1, 0, 0]
[0, 1, 0]
[1, 0, 0]
[0, 1, 0]
[1, 0, 0]
[1, 0, 0]
[1, 0, 0]
[0, 1, 0]
[1, 0, 0]
[0, 1, 0]
[0, 1, 0]
[1, 0, 0]
[0, 1, 0]
[0, 1, 0]
[0, 1, 0]
[0, 1, 0]
[0, 1, 0]
[1, 0, 0]
[0, 1, 1]
[1, 0, 0]
[0, 1, 0]
[0, 1, 0]
[1, 0, 0]
[1, 0, 0]
[1, 0, 0]
[1, 0, 0]
[1, 0, 0]
[0, 1, 0]
[1, 0, 0]
[1, 0, 0]
[1, 0, 0]
[1, 0, 0]
[1, 0, 0]
[1, 0, 0]
[1, 0, 0]
[1, 0, 0]
[0, 1, 0]
[0, 1, 0]
[0, 1, 0]
[1, 0, 0]
[0, 1, 0]
[0, 1, 0]
[1, 0, 0]
[0, 1, 0]
[0, 1, 0]
[1, 0, 0]
[0, 1, 0]
[0, 1, 0]
Genotipos:
[2, 2, 0]
[2, 2, 0]
[0, 1, 0]
[2, 2, 0]
[0, 1, 0]
[1, 0, 0]
[2, 2, 0]
[2, 2, 0]
[1, 0, 0]
[2, 2, 0]
[2, 2, 0]
[2, 2, 0]
[0, 1, 0]
[0, 1, 0]
[2, 2, 0]
[2, 2, 2]
[0, 1, 0]
[1, 0, 0]
[1, 0, 0]
[2, 2, 0]
[1, 0, 0]
[1, 0, 0]
[1, 0, 0]
[1, 0, 0]
[0, 1, 0]
[2, 2, 0]
[0, 1, 0]
[2, 2, 0]
[2, 2, 0]
[0, 1, 0]
Solving...
######
instances/ms_60_3.txt,0,30,3,0,0.051677999999999995,510596,61256
