Instancia:  instances/ms_60_5.txt
# Parámetros de la instancia
Número de haplotipos: 60
Número de genotipos: 30
Cantidad de sitios polimórficos: 5
Haplotipos:
[0, 0, 0, 1, 0]
[0, 0, 0, 0, 0]
[0, 1, 0, 0, 0]
[0, 0, 0, 1, 0]
[0, 0, 0, 1, 0]
[0, 0, 0, 0, 0]
[0, 0, 0, 1, 0]
[0, 0, 1, 1, 0]
[0, 0, 1, 1, 0]
[0, 0, 0, 1, 0]
[0, 1, 0, 0, 0]
[0, 1, 0, 0, 0]
[0, 0, 0, 1, 0]
[0, 0, 0, 1, 0]
[0, 0, 0, 1, 0]
[0, 0, 0, 1, 0]
[0, 0, 0, 0, 0]
[0, 0, 1, 1, 0]
[0, 0, 0, 1, 0]
[0, 0, 0, 1, 0]
[0, 0, 0, 0, 0]
[0, 0, 0, 1, 0]
[0, 0, 0, 1, 0]
[0, 0, 0, 0, 0]
[0, 0, 0, 0, 0]
[0, 1, 0, 0, 0]
[0, 0, 0, 1, 0]
[0, 0, 0, 1, 0]
[0, 0, 0, 1, 0]
[0, 0, 0, 1, 0]
[0, 0, 0, 1, 0]
[0, 0, 0, 0, 0]
[0, 0, 0, 1, 0]
[0, 0, 0, 1, 0]
[0, 0, 0, 0, 0]
[0, 0, 0, 1, 0]
[0, 1, 0, 0, 0]
[0, 0, 0, 0, 0]
[0, 0, 0, 0, 0]
[0, 0, 0, 1, 0]
[0, 0, 0, 0, 0]
[0, 0, 0, 0, 0]
[0, 0, 0, 0, 0]
[0, 0, 0, 1, 0]
[0, 0, 0, 0, 1]
[0, 0, 0, 1, 0]
[0, 0, 0, 0, 1]
[0, 1, 0, 0, 0]
[0, 1, 0, 0, 0]
[0, 0, 0, 0, 1]
[1, 0, 0, 1, 0]
[0, 0, 0, 0, 1]
[0, 0, 0, 1, 0]
[0, 1, 0, 0, 0]
[0, 0, 0, 1, 0]
[0, 0, 0, 1, 0]
[0, 0, 0, 0, 0]
[0, 0, 0, 1, 0]
[0, 0, 0, 1, 0]
[0, 0, 0, 1, 0]
Genotipos:
[0, 0, 0, 2, 0]
[0, 2, 0, 2, 0]
[0, 0, 0, 2, 0]
[0, 0, 2, 1, 0]
[0, 0, 2, 1, 0]
[0, 1, 0, 0, 0]
[0, 0, 0, 1, 0]
[0, 0, 0, 1, 0]
[0, 0, 2, 2, 0]
[0, 0, 0, 1, 0]
[0, 0, 0, 2, 0]
[0, 0, 0, 2, 0]
[0, 2, 0, 0, 0]
[0, 0, 0, 1, 0]
[0, 0, 0, 1, 0]
[0, 0, 0, 2, 0]
[0, 0, 0, 1, 0]
[0, 0, 0, 2, 0]
[0, 2, 0, 0, 0]
[0, 0, 0, 2, 0]
[0, 0, 0, 0, 0]
[0, 0, 0, 2, 0]
[0, 0, 0, 2, 2]
[0, 2, 0, 0, 2]
[0, 2, 0, 0, 2]
[2, 0, 0, 2, 2]
[0, 2, 0, 2, 0]
[0, 0, 0, 1, 0]
[0, 0, 0, 2, 0]
[0, 0, 0, 1, 0]
Solving...
######
instances/ms_60_5.txt,0,30,5,0,0.09421800000000002,547672,101126
