Instancia:  instances/ms_62_5.txt
# Parámetros de la instancia
Número de haplotipos: 62
Número de genotipos: 31
Cantidad de sitios polimórficos: 5
Haplotipos:
[0, 0, 0, 0, 0]
[0, 0, 0, 0, 0]
[0, 0, 1, 1, 0]
[0, 0, 0, 0, 0]
[0, 0, 0, 0, 0]
[0, 0, 0, 1, 0]
[0, 0, 0, 0, 0]
[0, 0, 0, 1, 0]
[0, 0, 0, 0, 0]
[0, 0, 0, 1, 0]
[0, 0, 0, 0, 1]
[0, 0, 0, 0, 0]
[0, 0, 0, 1, 0]
[0, 0, 0, 0, 1]
[0, 0, 0, 0, 0]
[0, 1, 0, 0, 0]
[0, 0, 0, 0, 0]
[0, 0, 0, 0, 0]
[0, 1, 0, 0, 0]
[0, 0, 0, 0, 0]
[0, 1, 0, 0, 0]
[0, 0, 0, 0, 0]
[0, 1, 0, 0, 0]
[0, 0, 0, 0, 0]
[0, 0, 0, 0, 0]
[0, 0, 0, 0, 0]
[0, 0, 0, 1, 0]
[0, 1, 0, 0, 0]
[0, 0, 1, 1, 0]
[0, 0, 0, 0, 0]
[0, 0, 0, 0, 0]
[0, 1, 0, 0, 0]
[0, 0, 0, 0, 0]
[0, 0, 0, 1, 0]
[0, 0, 0, 0, 0]
[0, 0, 0, 0, 0]
[0, 0, 0, 1, 0]
[0, 0, 0, 0, 0]
[0, 0, 0, 0, 1]
[0, 0, 0, 1, 0]
[0, 0, 0, 0, 0]
[0, 0, 0, 1, 0]
[0, 0, 0, 0, 0]
[1, 0, 0, 0, 0]
[0, 0, 0, 0, 0]
[0, 0, 0, 1, 0]
[0, 0, 0, 0, 0]
[0, 0, 0, 1, 0]
[0, 0, 0, 0, 0]
[0, 0, 1, 1, 0]
[0, 0, 0, 0, 0]
[0, 0, 0, 1, 0]
[0, 0, 0, 0, 1]
[0, 0, 0, 0, 0]
[0, 0, 0, 0, 0]
[0, 0, 0, 0, 0]
[0, 0, 0, 0, 0]
[0, 0, 0, 0, 0]
[0, 0, 0, 0, 0]
[0, 0, 0, 0, 0]
[0, 0, 0, 0, 0]
[0, 1, 0, 0, 0]
Genotipos:
[0, 0, 0, 0, 0]
[0, 0, 2, 2, 0]
[0, 0, 0, 2, 0]
[0, 0, 0, 2, 0]
[0, 0, 0, 2, 0]
[0, 0, 0, 0, 2]
[0, 0, 0, 2, 2]
[0, 2, 0, 0, 0]
[0, 0, 0, 0, 0]
[0, 2, 0, 0, 0]
[0, 2, 0, 0, 0]
[0, 2, 0, 0, 0]
[0, 0, 0, 0, 0]
[0, 2, 0, 2, 0]
[0, 0, 2, 2, 0]
[0, 2, 0, 0, 0]
[0, 0, 0, 2, 0]
[0, 0, 0, 0, 0]
[0, 0, 0, 2, 0]
[0, 0, 0, 2, 2]
[0, 0, 0, 2, 0]
[2, 0, 0, 0, 0]
[0, 0, 0, 2, 0]
[0, 0, 0, 2, 0]
[0, 0, 2, 2, 0]
[0, 0, 0, 2, 0]
[0, 0, 0, 0, 2]
[0, 0, 0, 0, 0]
[0, 0, 0, 0, 0]
[0, 0, 0, 0, 0]
[0, 2, 0, 0, 0]
Solving...
######
instances/ms_62_5.txt,0,31,5,0,0.0035289999999998586,604188,110274
