Instancia:  instances/ms_60_4.txt
# Parámetros de la instancia
Número de haplotipos: 60
Número de genotipos: 30
Cantidad de sitios polimórficos: 4
Haplotipos:
[0, 0, 0, 0]
[0, 0, 0, 0]
[0, 0, 0, 0]
[0, 0, 0, 0]
[0, 0, 0, 0]
[0, 0, 1, 0]
[1, 0, 0, 0]
[0, 0, 0, 0]
[1, 0, 0, 0]
[0, 0, 0, 0]
[0, 0, 0, 0]
[0, 0, 0, 0]
[0, 0, 1, 0]
[0, 0, 0, 0]
[0, 0, 0, 0]
[0, 0, 0, 0]
[1, 0, 0, 0]
[0, 0, 0, 0]
[0, 0, 0, 0]
[0, 0, 1, 0]
[0, 0, 0, 0]
[0, 0, 0, 1]
[0, 0, 0, 0]
[0, 0, 0, 0]
[0, 0, 0, 0]
[0, 0, 0, 0]
[1, 0, 0, 0]
[0, 0, 0, 0]
[0, 0, 0, 0]
[0, 0, 0, 0]
[0, 0, 0, 0]
[0, 0, 0, 1]
[1, 0, 0, 0]
[1, 0, 0, 0]
[0, 0, 0, 0]
[0, 0, 0, 0]
[1, 0, 0, 0]
[0, 0, 0, 0]
[0, 0, 0, 0]
[0, 0, 0, 0]
[1, 0, 0, 0]
[0, 0, 0, 0]
[0, 0, 0, 0]
[0, 0, 0, 0]
[1, 0, 0, 0]
[0, 0, 0, 0]
[0, 0, 0, 0]
[0, 0, 0, 0]
[0, 0, 0, 0]
[0, 0, 0, 0]
[0, 1, 0, 0]
[1, 0, 0, 0]
[1, 0, 0, 0]
[0, 0, 0, 0]
[1, 0, 0, 0]
[0, 0, 0, 0]
[0, 0, 1, 0]
[0, 0, 0, 0]
[0, 0, 0, 0]
[1, 0, 0, 0]
Genotipos:
[0, 0, 0, 0]
[0, 0, 0, 0]
[0, 0, 2, 0]
[2, 0, 0, 0]
[2, 0, 0, 0]
[0, 0, 0, 0]
[0, 0, 2, 0]
[0, 0, 0, 0]
[2, 0, 0, 0]
[0, 0, 2, 0]
[0, 0, 0, 2]
[0, 0, 0, 0]
[0, 0, 0, 0]
[2, 0, 0, 0]
[0, 0, 0, 0]
[0, 0, 0, 2]
[1, 0, 0, 0]
[0, 0, 0, 0]
[2, 0, 0, 0]
[0, 0, 0, 0]
[2, 0, 0, 0]
[0, 0, 0, 0]
[2, 0, 0, 0]
[0, 0, 0, 0]
[0, 0, 0, 0]
[2, 2, 0, 0]
[2, 0, 0, 0]
[2, 0, 0, 0]
[0, 0, 2, 0]
[2, 0, 0, 0]
Solving...
######
instances/ms_60_4.txt,0,30,4,0,0.040555999999999974,535392,53366
