Instancia:  instances/ms_78_5.txt
# Parámetros de la instancia
Número de haplotipos: 78
Número de genotipos: 39
Cantidad de sitios polimórficos: 5
Haplotipos:
[1, 0, 0, 0, 0]
[1, 0, 0, 0, 0]
[1, 0, 0, 0, 0]
[0, 0, 0, 0, 0]
[1, 0, 0, 0, 0]
[0, 0, 0, 1, 0]
[0, 0, 0, 1, 0]
[0, 0, 1, 0, 1]
[0, 0, 0, 0, 0]
[1, 0, 0, 0, 0]
[1, 0, 0, 0, 0]
[0, 0, 0, 0, 0]
[0, 0, 0, 1, 0]
[0, 0, 0, 0, 0]
[0, 0, 0, 0, 0]
[0, 0, 0, 1, 0]
[1, 0, 0, 0, 0]
[1, 0, 0, 0, 0]
[0, 0, 0, 1, 0]
[1, 0, 0, 0, 0]
[1, 0, 0, 0, 0]
[0, 0, 0, 0, 0]
[1, 0, 0, 0, 0]
[1, 0, 0, 0, 0]
[0, 0, 0, 1, 0]
[0, 0, 0, 0, 1]
[0, 0, 0, 0, 0]
[0, 0, 0, 0, 1]
[1, 0, 0, 0, 0]
[1, 0, 0, 0, 0]
[0, 0, 0, 1, 0]
[1, 0, 0, 0, 0]
[1, 0, 0, 0, 0]
[0, 0, 0, 0, 0]
[0, 0, 0, 0, 0]
[0, 0, 0, 1, 0]
[1, 0, 0, 0, 0]
[1, 0, 0, 0, 0]
[0, 0, 0, 0, 0]
[1, 0, 0, 0, 0]
[0, 0, 1, 0, 1]
[1, 0, 0, 0, 0]
[1, 0, 0, 0, 0]
[1, 0, 0, 0, 0]
[1, 0, 0, 0, 0]
[0, 0, 0, 0, 0]
[0, 0, 0, 0, 0]
[1, 0, 0, 0, 0]
[1, 0, 0, 0, 0]
[0, 0, 0, 1, 0]
[1, 0, 0, 0, 0]
[1, 0, 0, 0, 0]
[0, 0, 0, 0, 0]
[1, 0, 0, 0, 0]
[1, 0, 0, 0, 0]
[0, 0, 0, 1, 0]
[1, 0, 0, 0, 0]
[0, 0, 0, 0, 0]
[0, 0, 0, 0, 0]
[1, 0, 0, 0, 0]
[1, 0, 0, 0, 0]
[0, 0, 0, 0, 1]
[0, 0, 0, 0, 0]
[0, 0, 0, 0, 0]
[1, 0, 0, 0, 0]
[0, 0, 0, 0, 0]
[1, 0, 0, 0, 0]
[0, 0, 0, 1, 0]
[0, 0, 0, 1, 0]
[0, 0, 0, 0, 0]
[0, 0, 0, 0, 0]
[0, 0, 0, 1, 0]
[0, 0, 0, 0, 0]
[0, 1, 0, 0, 0]
[0, 0, 0, 0, 0]
[0, 0, 0, 0, 0]
[1, 0, 0, 0, 0]
[0, 0, 0, 0, 1]
Genotipos:
[1, 0, 0, 0, 0]
[2, 0, 0, 0, 0]
[2, 0, 0, 2, 0]
[0, 0, 2, 2, 2]
[2, 0, 0, 0, 0]
[2, 0, 0, 0, 0]
[0, 0, 0, 2, 0]
[0, 0, 0, 2, 0]
[1, 0, 0, 0, 0]
[2, 0, 0, 2, 0]
[2, 0, 0, 0, 0]
[1, 0, 0, 0, 0]
[0, 0, 0, 2, 2]
[0, 0, 0, 0, 2]
[1, 0, 0, 0, 0]
[2, 0, 0, 2, 0]
[2, 0, 0, 0, 0]
[0, 0, 0, 2, 0]
[1, 0, 0, 0, 0]
[2, 0, 0, 0, 0]
[2, 0, 2, 0, 2]
[1, 0, 0, 0, 0]
[2, 0, 0, 0, 0]
[2, 0, 0, 0, 0]
[2, 0, 0, 2, 0]
[1, 0, 0, 0, 0]
[2, 0, 0, 0, 0]
[2, 0, 0, 2, 0]
[2, 0, 0, 0, 0]
[2, 0, 0, 0, 0]
[2, 0, 0, 0, 2]
[0, 0, 0, 0, 0]
[2, 0, 0, 0, 0]
[2, 0, 0, 2, 0]
[0, 0, 0, 2, 0]
[0, 0, 0, 2, 0]
[0, 2, 0, 0, 0]
[0, 0, 0, 0, 0]
[2, 0, 0, 0, 2]
Solving...
######
instances/ms_78_5.txt,0,39,5,0,0.29252500000000003,1414320,235933
