Instancia:  instances/ms_78_2.txt
# Parámetros de la instancia
Número de haplotipos: 78
Número de genotipos: 39
Cantidad de sitios polimórficos: 2
Haplotipos:
[0, 0]
[1, 0]
[0, 0]
[0, 1]
[0, 0]
[0, 0]
[0, 0]
[0, 1]
[1, 0]
[1, 0]
[1, 0]
[1, 0]
[0, 0]
[0, 0]
[0, 0]
[0, 0]
[0, 0]
[0, 1]
[0, 0]
[1, 0]
[1, 0]
[0, 0]
[1, 0]
[0, 0]
[0, 0]
[1, 0]
[1, 0]
[0, 0]
[0, 0]
[0, 0]
[0, 1]
[0, 0]
[0, 0]
[1, 0]
[0, 0]
[0, 0]
[0, 0]
[0, 0]
[0, 0]
[0, 0]
[0, 1]
[1, 0]
[0, 0]
[1, 0]
[0, 0]
[0, 0]
[1, 0]
[0, 0]
[1, 0]
[0, 0]
[1, 0]
[1, 0]
[0, 0]
[0, 0]
[0, 0]
[1, 0]
[0, 0]
[0, 0]
[0, 0]
[1, 0]
[0, 0]
[0, 0]
[0, 0]
[0, 0]
[1, 0]
[1, 0]
[1, 0]
[0, 1]
[1, 0]
[0, 0]
[0, 0]
[0, 0]
[0, 0]
[1, 0]
[0, 0]
[0, 0]
[0, 0]
[0, 0]
Genotipos:
[2, 0]
[0, 2]
[0, 0]
[0, 2]
[1, 0]
[1, 0]
[0, 0]
[0, 0]
[0, 2]
[2, 0]
[2, 0]
[2, 0]
[2, 0]
[2, 0]
[0, 0]
[0, 2]
[2, 0]
[0, 0]
[0, 0]
[0, 0]
[2, 2]
[2, 0]
[0, 0]
[2, 0]
[2, 0]
[1, 0]
[0, 0]
[2, 0]
[0, 0]
[2, 0]
[0, 0]
[0, 0]
[1, 0]
[2, 2]
[2, 0]
[0, 0]
[2, 0]
[0, 0]
[0, 0]
Solving...
######
instances/ms_78_2.txt,0,39,2,0,0.04573500000000009,1323402,49192
