Instancia:  instances/ms_78_3.txt
# Parámetros de la instancia
Número de haplotipos: 78
Número de genotipos: 39
Cantidad de sitios polimórficos: 3
Haplotipos:
[0, 1, 0]
[0, 0, 1]
[0, 0, 1]
[1, 0, 0]
[1, 0, 0]
[1, 0, 0]
[1, 0, 0]
[0, 0, 0]
[1, 0, 0]
[1, 0, 0]
[1, 0, 0]
[0, 0, 0]
[1, 0, 0]
[1, 0, 0]
[0, 0, 0]
[1, 0, 0]
[1, 0, 0]
[1, 0, 0]
[0, 0, 0]
[1, 0, 0]
[1, 0, 0]
[1, 0, 0]
[0, 0, 0]
[0, 0, 0]
[1, 0, 0]
[0, 0, 0]
[1, 0, 0]
[1, 0, 0]
[1, 0, 0]
[0, 0, 0]
[0, 0, 0]
[0, 0, 0]
[1, 0, 0]
[0, 0, 0]
[0, 0, 0]
[0, 0, 0]
[1, 0, 0]
[1, 0, 0]
[1, 0, 0]
[0, 0, 0]
[0, 0, 0]
[1, 0, 0]
[1, 0, 0]
[1, 0, 0]
[0, 0, 0]
[1, 0, 0]
[0, 0, 0]
[0, 0, 0]
[0, 0, 1]
[0, 0, 1]
[1, 0, 0]
[1, 0, 0]
[1, 0, 0]
[1, 0, 0]
[0, 0, 0]
[1, 0, 0]
[1, 0, 0]
[0, 0, 0]
[0, 0, 0]
[1, 0, 0]
[0, 0, 0]
[0, 0, 1]
[1, 0, 0]
[0, 0, 1]
[0, 0, 0]
[0, 0, 0]
[0, 0, 0]
[0, 0, 0]
[0, 0, 0]
[1, 0, 0]
[1, 0, 0]
[1, 0, 0]
[1, 0, 0]
[1, 0, 0]
[1, 0, 0]
[1, 0, 0]
[0, 0, 0]
[1, 0, 0]
Genotipos:
[0, 2, 2]
[2, 0, 2]
[1, 0, 0]
[2, 0, 0]
[1, 0, 0]
[2, 0, 0]
[1, 0, 0]
[2, 0, 0]
[1, 0, 0]
[2, 0, 0]
[1, 0, 0]
[0, 0, 0]
[2, 0, 0]
[1, 0, 0]
[2, 0, 0]
[0, 0, 0]
[2, 0, 0]
[0, 0, 0]
[1, 0, 0]
[2, 0, 0]
[2, 0, 0]
[1, 0, 0]
[2, 0, 0]
[0, 0, 0]
[0, 0, 1]
[1, 0, 0]
[1, 0, 0]
[2, 0, 0]
[2, 0, 0]
[2, 0, 0]
[0, 0, 2]
[2, 0, 2]
[0, 0, 0]
[0, 0, 0]
[2, 0, 0]
[1, 0, 0]
[1, 0, 0]
[1, 0, 0]
[2, 0, 0]
Solving...
######
instances/ms_78_3.txt,0,39,3,0,0.07903700000000001,1360218,72798
