Instancia:  instances/ms_76_14.txt
# Parámetros de la instancia
Número de haplotipos: 76
Número de genotipos: 38
Cantidad de sitios polimórficos: 14
Haplotipos:
[0, 0, 0, 0, 0, 0, 0, 1, 0, 1, 1, 0, 0, 0]
[0, 1, 0, 0, 0, 0, 0, 1, 0, 1, 1, 0, 0, 0]
[0, 0, 0, 0, 0, 0, 0, 1, 0, 1, 1, 0, 0, 0]
[0, 0, 0, 0, 0, 0, 0, 1, 0, 1, 0, 0, 0, 0]
[0, 0, 0, 0, 0, 0, 0, 1, 0, 1, 1, 0, 0, 0]
[0, 0, 0, 0, 0, 0, 0, 1, 0, 1, 1, 0, 0, 0]
[0, 0, 1, 0, 0, 0, 0, 1, 0, 1, 1, 0, 0, 0]
[0, 0, 0, 0, 0, 0, 0, 0, 0, 0, 0, 0, 0, 1]
[0, 0, 0, 0, 0, 0, 0, 0, 0, 0, 0, 0, 0, 1]
[0, 0, 0, 1, 0, 0, 0, 1, 0, 1, 1, 0, 1, 0]
[0, 0, 0, 0, 0, 0, 1, 1, 0, 1, 0, 0, 0, 0]
[0, 0, 0, 0, 0, 0, 0, 1, 0, 1, 1, 0, 0, 0]
[0, 0, 0, 0, 0, 0, 0, 1, 0, 1, 0, 0, 0, 0]
[0, 0, 0, 0, 0, 0, 0, 0, 0, 0, 0, 0, 0, 0]
[0, 0, 0, 0, 0, 0, 0, 0, 0, 0, 0, 0, 0, 1]
[0, 0, 0, 0, 0, 0, 0, 0, 0, 0, 0, 0, 0, 1]
[0, 0, 0, 0, 0, 0, 0, 1, 0, 1, 1, 0, 0, 0]
[0, 0, 1, 0, 0, 0, 0, 1, 0, 1, 1, 0, 0, 0]
[0, 0, 0, 0, 0, 0, 0, 1, 0, 1, 1, 0, 0, 0]
[0, 0, 0, 0, 0, 0, 0, 1, 0, 1, 1, 0, 0, 0]
[0, 0, 0, 0, 0, 0, 0, 0, 0, 0, 0, 0, 0, 1]
[0, 0, 0, 0, 1, 0, 0, 0, 0, 0, 0, 0, 0, 0]
[0, 0, 0, 0, 0, 0, 0, 1, 0, 1, 1, 0, 0, 0]
[0, 0, 0, 0, 0, 0, 0, 0, 0, 0, 0, 0, 0, 1]
[0, 0, 0, 0, 0, 0, 0, 1, 0, 1, 0, 0, 0, 0]
[0, 0, 0, 0, 0, 0, 0, 1, 0, 1, 1, 0, 0, 0]
[0, 0, 0, 0, 0, 0, 0, 1, 0, 1, 1, 0, 0, 0]
[0, 0, 0, 0, 0, 0, 0, 0, 0, 0, 0, 0, 0, 1]
[0, 1, 0, 0, 0, 0, 0, 1, 0, 1, 1, 0, 0, 0]
[0, 0, 0, 0, 0, 0, 0, 1, 0, 1, 1, 0, 0, 0]
[0, 0, 0, 0, 0, 0, 0, 1, 0, 1, 1, 0, 0, 0]
[0, 1, 0, 0, 0, 0, 0, 1, 0, 1, 1, 0, 0, 0]
[0, 0, 0, 0, 0, 0, 0, 1, 0, 1, 0, 0, 0, 0]
[0, 0, 0, 0, 0, 1, 0, 0, 0, 0, 0, 0, 0, 1]
[0, 0, 0, 0, 0, 0, 0, 1, 0, 1, 1, 0, 0, 0]
[0, 0, 0, 0, 0, 0, 0, 1, 0, 1, 0, 0, 0, 0]
[0, 0, 0, 0, 0, 0, 0, 1, 1, 1, 1, 0, 0, 0]
[0, 0, 0, 0, 0, 0, 0, 1, 0, 1, 1, 1, 0, 0]
[0, 0, 0, 0, 0, 0, 0, 1, 0, 1, 0, 0, 0, 0]
[0, 0, 0, 0, 0, 0, 0, 1, 0, 1, 0, 0, 0, 0]
[0, 0, 0, 0, 0, 0, 1, 1, 0, 1, 0, 0, 0, 0]
[0, 0, 0, 0, 0, 0, 0, 1, 0, 1, 1, 0, 0, 0]
[0, 0, 0, 0, 0, 0, 0, 1, 0, 1, 1, 0, 0, 0]
[0, 0, 0, 0, 0, 0, 0, 0, 0, 0, 0, 0, 0, 1]
[0, 0, 0, 0, 0, 0, 0, 1, 0, 1, 1, 0, 0, 0]
[0, 0, 0, 0, 0, 0, 0, 1, 0, 1, 1, 0, 0, 0]
[0, 0, 0, 0, 0, 0, 0, 1, 0, 1, 1, 0, 0, 0]
[0, 0, 0, 0, 0, 0, 0, 1, 0, 1, 1, 0, 0, 0]
[0, 0, 0, 0, 0, 0, 0, 1, 0, 1, 1, 0, 0, 0]
[0, 1, 0, 0, 0, 0, 0, 1, 0, 1, 1, 0, 0, 0]
[0, 0, 0, 0, 0, 0, 0, 1, 0, 1, 1, 0, 0, 0]
[0, 1, 0, 0, 0, 0, 0, 1, 0, 1, 1, 0, 0, 0]
[0, 0, 0, 0, 0, 0, 0, 1, 0, 1, 1, 0, 0, 0]
[1, 0, 0, 0, 0, 0, 0, 1, 0, 1, 1, 0, 0, 0]
[0, 1, 0, 0, 0, 0, 0, 1, 0, 1, 1, 0, 0, 0]
[0, 0, 0, 0, 0, 0, 0, 1, 0, 1, 1, 0, 0, 0]
[0, 0, 0, 0, 0, 0, 0, 1, 0, 1, 1, 0, 0, 0]
[0, 0, 0, 0, 0, 0, 0, 1, 1, 1, 1, 0, 0, 0]
[0, 0, 0, 0, 0, 0, 0, 0, 0, 0, 0, 0, 0, 0]
[0, 0, 0, 0, 0, 0, 0, 1, 0, 1, 1, 0, 0, 0]
[0, 1, 0, 0, 0, 0, 0, 1, 0, 1, 1, 0, 0, 0]
[0, 0, 0, 0, 0, 0, 0, 1, 0, 1, 1, 1, 0, 0]
[0, 0, 0, 0, 0, 0, 1, 1, 0, 1, 0, 0, 0, 0]
[0, 0, 0, 0, 0, 0, 0, 0, 0, 0, 0, 0, 0, 1]
[0, 0, 0, 0, 0, 0, 0, 1, 0, 1, 1, 0, 0, 0]
[0, 0, 0, 0, 0, 0, 0, 1, 0, 1, 1, 0, 0, 0]
[0, 0, 0, 0, 0, 0, 0, 1, 0, 1, 1, 0, 0, 0]
[0, 0, 0, 0, 0, 0, 0, 1, 0, 1, 0, 0, 0, 0]
[0, 0, 0, 0, 0, 0, 0, 1, 0, 1, 1, 0, 0, 0]
[0, 0, 0, 0, 0, 0, 0, 1, 0, 1, 1, 0, 0, 0]
[0, 0, 0, 0, 0, 0, 0, 1, 0, 1, 0, 0, 0, 0]
[0, 0, 0, 0, 0, 0, 1, 1, 0, 1, 0, 0, 0, 0]
[0, 0, 0, 0, 0, 0, 0, 1, 1, 1, 1, 0, 0, 0]
[0, 0, 0, 0, 0, 0, 0, 0, 0, 0, 0, 0, 0, 0]
[0, 0, 0, 0, 0, 0, 0, 1, 0, 1, 1, 0, 0, 0]
[0, 0, 0, 0, 0, 0, 0, 1, 0, 1, 1, 0, 0, 0]
Genotipos:
[0, 2, 0, 0, 0, 0, 0, 1, 0, 1, 1, 0, 0, 0]
[0, 0, 0, 0, 0, 0, 0, 1, 0, 1, 2, 0, 0, 0]
[0, 0, 0, 0, 0, 0, 0, 1, 0, 1, 1, 0, 0, 0]
[0, 0, 2, 0, 0, 0, 0, 2, 0, 2, 2, 0, 0, 2]
[0, 0, 0, 2, 0, 0, 0, 2, 0, 2, 2, 0, 2, 2]
[0, 0, 0, 0, 0, 0, 2, 1, 0, 1, 2, 0, 0, 0]
[0, 0, 0, 0, 0, 0, 0, 2, 0, 2, 0, 0, 0, 0]
[0, 0, 0, 0, 0, 0, 0, 0, 0, 0, 0, 0, 0, 1]
[0, 0, 2, 0, 0, 0, 0, 1, 0, 1, 1, 0, 0, 0]
[0, 0, 0, 0, 0, 0, 0, 1, 0, 1, 1, 0, 0, 0]
[0, 0, 0, 0, 2, 0, 0, 0, 0, 0, 0, 0, 0, 2]
[0, 0, 0, 0, 0, 0, 0, 2, 0, 2, 2, 0, 0, 2]
[0, 0, 0, 0, 0, 0, 0, 1, 0, 1, 2, 0, 0, 0]
[0, 0, 0, 0, 0, 0, 0, 2, 0, 2, 2, 0, 0, 2]
[0, 2, 0, 0, 0, 0, 0, 1, 0, 1, 1, 0, 0, 0]
[0, 2, 0, 0, 0, 0, 0, 1, 0, 1, 1, 0, 0, 0]
[0, 0, 0, 0, 0, 2, 0, 2, 0, 2, 0, 0, 0, 2]
[0, 0, 0, 0, 0, 0, 0, 1, 0, 1, 2, 0, 0, 0]
[0, 0, 0, 0, 0, 0, 0, 1, 2, 1, 1, 2, 0, 0]
[0, 0, 0, 0, 0, 0, 0, 1, 0, 1, 0, 0, 0, 0]
[0, 0, 0, 0, 0, 0, 2, 1, 0, 1, 2, 0, 0, 0]
[0, 0, 0, 0, 0, 0, 0, 2, 0, 2, 2, 0, 0, 2]
[0, 0, 0, 0, 0, 0, 0, 1, 0, 1, 1, 0, 0, 0]
[0, 0, 0, 0, 0, 0, 0, 1, 0, 1, 1, 0, 0, 0]
[0, 2, 0, 0, 0, 0, 0, 1, 0, 1, 1, 0, 0, 0]
[0, 2, 0, 0, 0, 0, 0, 1, 0, 1, 1, 0, 0, 0]
[2, 0, 0, 0, 0, 0, 0, 1, 0, 1, 1, 0, 0, 0]
[0, 2, 0, 0, 0, 0, 0, 1, 0, 1, 1, 0, 0, 0]
[0, 0, 0, 0, 0, 0, 0, 1, 2, 1, 1, 0, 0, 0]
[0, 0, 0, 0, 0, 0, 0, 2, 0, 2, 2, 0, 0, 0]
[0, 2, 0, 0, 0, 0, 0, 1, 0, 1, 1, 2, 0, 0]
[0, 0, 0, 0, 0, 0, 2, 2, 0, 2, 0, 0, 0, 2]
[0, 0, 0, 0, 0, 0, 0, 1, 0, 1, 1, 0, 0, 0]
[0, 0, 0, 0, 0, 0, 0, 1, 0, 1, 2, 0, 0, 0]
[0, 0, 0, 0, 0, 0, 0, 1, 0, 1, 1, 0, 0, 0]
[0, 0, 0, 0, 0, 0, 2, 1, 0, 1, 0, 0, 0, 0]
[0, 0, 0, 0, 0, 0, 0, 2, 2, 2, 2, 0, 0, 0]
[0, 0, 0, 0, 0, 0, 0, 1, 0, 1, 1, 0, 0, 0]
Solving...
######
instances/ms_76_14.txt,0,38,14,0,1.213352,1600844,939751
