Instancia:  instances/ms_78_8.txt
# Parámetros de la instancia
Número de haplotipos: 78
Número de genotipos: 39
Cantidad de sitios polimórficos: 8
Haplotipos:
[1, 0, 0, 0, 0, 1, 0, 0]
[1, 0, 0, 0, 0, 0, 0, 0]
[1, 0, 0, 1, 0, 0, 0, 0]
[1, 0, 0, 0, 0, 0, 0, 0]
[1, 0, 0, 0, 0, 1, 0, 0]
[1, 0, 0, 0, 0, 0, 1, 0]
[1, 0, 0, 0, 0, 0, 0, 0]
[1, 0, 0, 0, 0, 0, 0, 0]
[1, 0, 0, 0, 0, 1, 0, 0]
[1, 0, 0, 0, 0, 0, 0, 0]
[1, 0, 0, 0, 0, 0, 0, 0]
[1, 0, 0, 0, 0, 1, 0, 0]
[1, 0, 0, 0, 0, 1, 0, 0]
[1, 0, 0, 0, 0, 0, 0, 0]
[1, 0, 0, 0, 0, 0, 0, 0]
[1, 1, 0, 0, 0, 0, 0, 0]
[1, 0, 0, 0, 0, 0, 0, 0]
[0, 0, 0, 0, 0, 0, 0, 0]
[1, 0, 0, 0, 0, 1, 0, 0]
[1, 0, 0, 1, 0, 0, 0, 0]
[1, 0, 0, 0, 0, 0, 1, 0]
[1, 0, 0, 0, 0, 0, 0, 0]
[1, 0, 0, 0, 0, 0, 0, 0]
[1, 0, 0, 0, 0, 0, 0, 0]
[1, 0, 0, 0, 0, 0, 0, 0]
[1, 0, 0, 0, 0, 0, 0, 0]
[1, 0, 0, 0, 0, 1, 0, 0]
[1, 0, 0, 0, 0, 0, 1, 0]
[1, 0, 0, 0, 0, 0, 1, 0]
[1, 0, 0, 0, 0, 0, 0, 0]
[0, 0, 0, 0, 0, 0, 0, 0]
[1, 0, 0, 0, 1, 0, 1, 0]
[1, 0, 0, 0, 0, 0, 1, 0]
[1, 0, 0, 0, 0, 0, 0, 1]
[1, 0, 0, 0, 0, 0, 1, 0]
[1, 0, 0, 0, 0, 0, 1, 0]
[1, 0, 0, 0, 0, 0, 0, 0]
[1, 0, 0, 0, 0, 0, 1, 0]
[1, 0, 0, 0, 0, 0, 0, 0]
[1, 0, 0, 0, 0, 0, 0, 0]
[1, 0, 0, 0, 0, 0, 0, 0]
[1, 0, 0, 0, 0, 0, 0, 0]
[0, 0, 0, 0, 0, 0, 0, 0]
[1, 0, 1, 0, 0, 0, 0, 0]
[1, 0, 0, 0, 0, 0, 0, 0]
[1, 0, 0, 0, 0, 0, 0, 0]
[1, 0, 0, 0, 1, 0, 1, 0]
[1, 0, 0, 0, 0, 0, 0, 0]
[1, 0, 0, 0, 0, 1, 0, 0]
[1, 0, 0, 0, 0, 0, 1, 0]
[0, 0, 0, 0, 0, 0, 0, 0]
[1, 0, 0, 0, 0, 0, 0, 0]
[1, 0, 0, 0, 0, 0, 1, 0]
[1, 0, 0, 0, 1, 0, 1, 0]
[1, 0, 0, 0, 0, 0, 1, 0]
[1, 0, 0, 0, 0, 0, 1, 0]
[0, 0, 0, 0, 0, 0, 0, 0]
[1, 0, 0, 0, 0, 0, 0, 0]
[1, 0, 0, 0, 1, 0, 1, 0]
[1, 0, 0, 0, 0, 0, 1, 0]
[1, 0, 0, 0, 0, 0, 0, 0]
[0, 0, 0, 0, 0, 0, 0, 0]
[1, 0, 0, 0, 0, 1, 0, 0]
[1, 0, 0, 0, 0, 1, 0, 0]
[1, 0, 0, 0, 0, 0, 0, 0]
[1, 0, 0, 0, 0, 0, 0, 0]
[1, 0, 0, 0, 0, 0, 0, 0]
[1, 0, 0, 0, 0, 0, 0, 0]
[1, 0, 0, 0, 0, 0, 0, 0]
[1, 0, 0, 0, 0, 0, 0, 0]
[1, 0, 0, 0, 0, 0, 1, 0]
[1, 0, 0, 1, 0, 0, 0, 0]
[1, 0, 0, 0, 0, 0, 0, 0]
[1, 0, 0, 0, 0, 0, 0, 0]
[1, 0, 0, 0, 0, 0, 0, 0]
[1, 0, 0, 0, 0, 0, 1, 0]
[0, 0, 0, 0, 0, 0, 0, 0]
[1, 0, 0, 0, 0, 0, 0, 0]
Genotipos:
[1, 0, 0, 0, 0, 2, 0, 0]
[1, 0, 0, 2, 0, 0, 0, 0]
[1, 0, 0, 0, 0, 2, 2, 0]
[1, 0, 0, 0, 0, 0, 0, 0]
[1, 0, 0, 0, 0, 2, 0, 0]
[1, 0, 0, 0, 0, 2, 0, 0]
[1, 0, 0, 0, 0, 2, 0, 0]
[1, 2, 0, 0, 0, 0, 0, 0]
[2, 0, 0, 0, 0, 0, 0, 0]
[1, 0, 0, 2, 0, 2, 0, 0]
[1, 0, 0, 0, 0, 0, 2, 0]
[1, 0, 0, 0, 0, 0, 0, 0]
[1, 0, 0, 0, 0, 0, 0, 0]
[1, 0, 0, 0, 0, 2, 2, 0]
[1, 0, 0, 0, 0, 0, 2, 0]
[2, 0, 0, 0, 2, 0, 2, 0]
[1, 0, 0, 0, 0, 0, 2, 2]
[1, 0, 0, 0, 0, 0, 1, 0]
[1, 0, 0, 0, 0, 0, 2, 0]
[1, 0, 0, 0, 0, 0, 0, 0]
[1, 0, 0, 0, 0, 0, 0, 0]
[2, 0, 2, 0, 0, 0, 0, 0]
[1, 0, 0, 0, 0, 0, 0, 0]
[1, 0, 0, 0, 2, 0, 2, 0]
[1, 0, 0, 0, 0, 2, 2, 0]
[2, 0, 0, 0, 0, 0, 0, 0]
[1, 0, 0, 0, 2, 0, 1, 0]
[1, 0, 0, 0, 0, 0, 1, 0]
[2, 0, 0, 0, 0, 0, 0, 0]
[1, 0, 0, 0, 2, 0, 1, 0]
[2, 0, 0, 0, 0, 0, 0, 0]
[1, 0, 0, 0, 0, 1, 0, 0]
[1, 0, 0, 0, 0, 0, 0, 0]
[1, 0, 0, 0, 0, 0, 0, 0]
[1, 0, 0, 0, 0, 0, 0, 0]
[1, 0, 0, 2, 0, 0, 2, 0]
[1, 0, 0, 0, 0, 0, 0, 0]
[1, 0, 0, 0, 0, 0, 2, 0]
[2, 0, 0, 0, 0, 0, 0, 0]
Solving...
######
instances/ms_78_8.txt,0,39,8,0,0.3849329999999999,1531278,312383
