Instancia:  instances/ms_76_15.txt
# Parámetros de la instancia
Número de haplotipos: 76
Número de genotipos: 38
Cantidad de sitios polimórficos: 15
Haplotipos:
[0, 0, 0, 1, 0, 0, 0, 0, 1, 0, 0, 0, 1, 0, 1]
[1, 0, 0, 1, 0, 0, 0, 0, 1, 0, 0, 0, 0, 0, 1]
[0, 0, 0, 1, 0, 0, 0, 0, 1, 0, 0, 0, 0, 1, 1]
[0, 0, 0, 0, 0, 0, 1, 0, 0, 1, 1, 1, 0, 0, 0]
[0, 0, 0, 1, 0, 0, 0, 0, 1, 0, 0, 0, 0, 0, 1]
[0, 0, 0, 1, 0, 0, 0, 0, 1, 0, 0, 0, 0, 0, 1]
[0, 0, 0, 1, 0, 0, 0, 0, 1, 0, 0, 0, 0, 0, 1]
[0, 0, 0, 1, 0, 0, 0, 0, 1, 0, 0, 0, 0, 0, 1]
[0, 0, 0, 1, 0, 1, 0, 0, 1, 0, 0, 0, 0, 0, 1]
[0, 0, 0, 1, 0, 0, 0, 0, 1, 0, 0, 0, 0, 0, 1]
[0, 0, 0, 1, 0, 0, 0, 0, 1, 0, 0, 0, 0, 0, 1]
[0, 0, 0, 0, 0, 0, 1, 0, 0, 1, 1, 1, 0, 0, 0]
[0, 0, 0, 0, 0, 0, 1, 0, 0, 1, 1, 1, 0, 0, 0]
[0, 0, 0, 1, 0, 0, 0, 0, 1, 0, 0, 0, 0, 0, 1]
[0, 0, 0, 1, 0, 0, 0, 1, 1, 0, 0, 0, 0, 0, 1]
[0, 0, 0, 1, 0, 0, 0, 0, 1, 0, 0, 0, 0, 0, 1]
[0, 0, 0, 1, 0, 0, 0, 0, 1, 0, 0, 0, 0, 0, 1]
[0, 0, 0, 1, 0, 0, 0, 0, 1, 0, 0, 0, 0, 0, 1]
[0, 0, 0, 1, 0, 0, 0, 0, 1, 0, 0, 0, 0, 0, 1]
[0, 0, 0, 1, 0, 0, 0, 0, 1, 0, 0, 0, 0, 1, 1]
[0, 0, 0, 1, 0, 0, 0, 0, 1, 0, 0, 0, 0, 0, 1]
[1, 0, 0, 1, 0, 0, 0, 0, 1, 0, 0, 0, 0, 0, 1]
[0, 0, 0, 1, 0, 0, 0, 0, 1, 0, 0, 0, 0, 0, 1]
[0, 0, 0, 0, 0, 0, 1, 0, 0, 1, 1, 1, 0, 0, 0]
[0, 0, 0, 0, 0, 0, 1, 0, 0, 1, 1, 1, 0, 0, 0]
[0, 0, 0, 0, 0, 0, 1, 0, 0, 1, 1, 1, 0, 0, 0]
[0, 0, 0, 1, 0, 0, 0, 0, 1, 0, 0, 0, 0, 0, 1]
[0, 0, 0, 1, 0, 0, 0, 0, 1, 0, 0, 0, 0, 0, 1]
[0, 1, 0, 1, 0, 0, 0, 0, 1, 0, 0, 0, 0, 0, 1]
[0, 0, 0, 0, 0, 0, 1, 0, 0, 1, 1, 1, 0, 0, 0]
[0, 0, 0, 0, 0, 0, 1, 0, 0, 1, 1, 1, 0, 0, 0]
[0, 0, 0, 1, 0, 0, 0, 0, 1, 0, 0, 0, 0, 1, 1]
[0, 0, 0, 1, 0, 0, 0, 0, 1, 0, 0, 0, 0, 0, 1]
[0, 0, 0, 1, 0, 0, 0, 0, 1, 0, 0, 0, 0, 0, 1]
[0, 0, 0, 1, 0, 0, 0, 0, 1, 0, 0, 0, 0, 0, 1]
[0, 0, 0, 1, 1, 0, 0, 0, 1, 0, 0, 0, 0, 0, 1]
[0, 0, 0, 1, 0, 0, 0, 0, 1, 0, 0, 0, 0, 0, 1]
[0, 0, 0, 1, 0, 0, 0, 0, 1, 0, 0, 0, 0, 0, 1]
[0, 0, 0, 1, 0, 0, 0, 0, 1, 0, 0, 0, 0, 0, 1]
[0, 0, 0, 1, 0, 0, 0, 0, 1, 0, 0, 0, 0, 0, 1]
[0, 0, 0, 1, 0, 0, 0, 0, 1, 0, 0, 0, 0, 0, 1]
[0, 1, 0, 1, 0, 0, 0, 0, 1, 0, 0, 0, 0, 0, 1]
[0, 0, 0, 1, 0, 0, 0, 0, 1, 0, 0, 0, 0, 0, 1]
[0, 0, 0, 1, 0, 0, 0, 0, 1, 0, 0, 0, 0, 0, 1]
[0, 0, 0, 0, 0, 0, 1, 0, 0, 1, 1, 1, 0, 0, 0]
[0, 0, 0, 1, 0, 0, 0, 0, 1, 0, 0, 0, 0, 0, 1]
[0, 0, 0, 1, 0, 0, 0, 0, 1, 0, 0, 0, 0, 1, 1]
[0, 0, 0, 1, 0, 0, 0, 0, 1, 0, 0, 0, 0, 0, 1]
[0, 0, 0, 1, 0, 0, 0, 0, 1, 0, 0, 0, 0, 0, 1]
[0, 0, 0, 0, 0, 0, 1, 0, 0, 1, 1, 1, 0, 0, 0]
[0, 0, 0, 1, 0, 0, 0, 0, 1, 0, 0, 0, 0, 0, 1]
[0, 0, 0, 1, 0, 0, 0, 0, 1, 0, 0, 0, 1, 0, 1]
[0, 1, 0, 1, 0, 0, 0, 0, 1, 0, 0, 0, 0, 0, 1]
[0, 0, 0, 1, 0, 0, 0, 0, 1, 0, 0, 0, 0, 0, 1]
[0, 0, 0, 1, 0, 0, 0, 0, 1, 0, 0, 0, 0, 0, 1]
[0, 0, 0, 1, 0, 0, 0, 0, 1, 0, 0, 0, 0, 0, 1]
[0, 0, 0, 1, 0, 0, 0, 0, 1, 0, 0, 0, 0, 0, 1]
[0, 0, 0, 1, 0, 0, 0, 0, 1, 0, 0, 0, 0, 0, 1]
[0, 0, 0, 1, 0, 0, 0, 0, 1, 0, 0, 0, 0, 0, 1]
[0, 0, 0, 1, 0, 0, 0, 0, 1, 0, 0, 0, 0, 0, 1]
[0, 0, 0, 1, 0, 0, 0, 0, 1, 0, 0, 0, 0, 0, 1]
[0, 0, 1, 1, 0, 0, 0, 0, 1, 0, 0, 0, 0, 0, 1]
[0, 0, 0, 0, 0, 0, 1, 0, 0, 1, 1, 1, 0, 0, 0]
[0, 0, 0, 1, 0, 0, 0, 0, 1, 0, 0, 0, 0, 0, 1]
[1, 0, 0, 1, 0, 0, 0, 0, 1, 0, 0, 0, 0, 0, 1]
[0, 0, 0, 1, 0, 0, 0, 0, 1, 0, 0, 0, 0, 0, 1]
[0, 0, 0, 0, 0, 0, 1, 0, 0, 1, 1, 1, 0, 0, 0]
[0, 1, 0, 1, 0, 0, 0, 0, 1, 0, 0, 0, 0, 0, 1]
[0, 0, 0, 1, 0, 0, 0, 0, 1, 0, 0, 0, 0, 1, 1]
[0, 1, 0, 1, 0, 0, 0, 0, 1, 0, 0, 0, 0, 0, 1]
[0, 0, 0, 1, 0, 0, 0, 0, 1, 0, 0, 0, 0, 0, 1]
[0, 0, 0, 1, 0, 0, 0, 0, 1, 0, 0, 0, 0, 0, 1]
[0, 0, 0, 0, 0, 0, 1, 0, 0, 1, 1, 1, 0, 0, 0]
[0, 0, 0, 1, 0, 0, 0, 0, 1, 0, 0, 0, 0, 0, 1]
[0, 0, 0, 1, 0, 0, 0, 0, 1, 0, 0, 0, 0, 0, 1]
[0, 0, 0, 1, 0, 0, 0, 0, 1, 0, 0, 0, 1, 0, 1]
Genotipos:
[2, 0, 0, 1, 0, 0, 0, 0, 1, 0, 0, 0, 2, 0, 1]
[0, 0, 0, 2, 0, 0, 2, 0, 2, 2, 2, 2, 0, 2, 2]
[0, 0, 0, 1, 0, 0, 0, 0, 1, 0, 0, 0, 0, 0, 1]
[0, 0, 0, 1, 0, 0, 0, 0, 1, 0, 0, 0, 0, 0, 1]
[0, 0, 0, 1, 0, 2, 0, 0, 1, 0, 0, 0, 0, 0, 1]
[0, 0, 0, 2, 0, 0, 2, 0, 2, 2, 2, 2, 0, 0, 2]
[0, 0, 0, 2, 0, 0, 2, 0, 2, 2, 2, 2, 0, 0, 2]
[0, 0, 0, 1, 0, 0, 0, 2, 1, 0, 0, 0, 0, 0, 1]
[0, 0, 0, 1, 0, 0, 0, 0, 1, 0, 0, 0, 0, 0, 1]
[0, 0, 0, 1, 0, 0, 0, 0, 1, 0, 0, 0, 0, 2, 1]
[2, 0, 0, 1, 0, 0, 0, 0, 1, 0, 0, 0, 0, 0, 1]
[0, 0, 0, 2, 0, 0, 2, 0, 2, 2, 2, 2, 0, 0, 2]
[0, 0, 0, 0, 0, 0, 1, 0, 0, 1, 1, 1, 0, 0, 0]
[0, 0, 0, 1, 0, 0, 0, 0, 1, 0, 0, 0, 0, 0, 1]
[0, 2, 0, 2, 0, 0, 2, 0, 2, 2, 2, 2, 0, 0, 2]
[0, 0, 0, 2, 0, 0, 2, 0, 2, 2, 2, 2, 0, 2, 2]
[0, 0, 0, 1, 0, 0, 0, 0, 1, 0, 0, 0, 0, 0, 1]
[0, 0, 0, 1, 2, 0, 0, 0, 1, 0, 0, 0, 0, 0, 1]
[0, 0, 0, 1, 0, 0, 0, 0, 1, 0, 0, 0, 0, 0, 1]
[0, 0, 0, 1, 0, 0, 0, 0, 1, 0, 0, 0, 0, 0, 1]
[0, 2, 0, 1, 0, 0, 0, 0, 1, 0, 0, 0, 0, 0, 1]
[0, 0, 0, 1, 0, 0, 0, 0, 1, 0, 0, 0, 0, 0, 1]
[0, 0, 0, 2, 0, 0, 2, 0, 2, 2, 2, 2, 0, 0, 2]
[0, 0, 0, 1, 0, 0, 0, 0, 1, 0, 0, 0, 0, 2, 1]
[0, 0, 0, 2, 0, 0, 2, 0, 2, 2, 2, 2, 0, 0, 2]
[0, 0, 0, 1, 0, 0, 0, 0, 1, 0, 0, 0, 2, 0, 1]
[0, 2, 0, 1, 0, 0, 0, 0, 1, 0, 0, 0, 0, 0, 1]
[0, 0, 0, 1, 0, 0, 0, 0, 1, 0, 0, 0, 0, 0, 1]
[0, 0, 0, 1, 0, 0, 0, 0, 1, 0, 0, 0, 0, 0, 1]
[0, 0, 0, 1, 0, 0, 0, 0, 1, 0, 0, 0, 0, 0, 1]
[0, 0, 2, 1, 0, 0, 0, 0, 1, 0, 0, 0, 0, 0, 1]
[0, 0, 0, 2, 0, 0, 2, 0, 2, 2, 2, 2, 0, 0, 2]
[2, 0, 0, 1, 0, 0, 0, 0, 1, 0, 0, 0, 0, 0, 1]
[0, 2, 0, 2, 0, 0, 2, 0, 2, 2, 2, 2, 0, 0, 2]
[0, 2, 0, 1, 0, 0, 0, 0, 1, 0, 0, 0, 0, 2, 1]
[0, 0, 0, 1, 0, 0, 0, 0, 1, 0, 0, 0, 0, 0, 1]
[0, 0, 0, 2, 0, 0, 2, 0, 2, 2, 2, 2, 0, 0, 2]
[0, 0, 0, 1, 0, 0, 0, 0, 1, 0, 0, 0, 2, 0, 1]
Solving...
######
instances/ms_76_15.txt,0,38,15,0,2.042911,1605896,1534222
