Instancia:  instances/ms_8_19.txt
# Parámetros de la instancia
Número de haplotipos: 8
Número de genotipos: 4
Cantidad de sitios polimórficos: 19
Haplotipos:
[0, 1, 0, 1, 1, 0, 1, 0, 1, 1, 0, 1, 1, 1, 0, 0, 1, 0, 0]
[0, 1, 0, 1, 1, 0, 1, 0, 1, 0, 0, 0, 0, 1, 0, 0, 1, 0, 0]
[0, 1, 1, 1, 1, 1, 1, 0, 1, 0, 0, 0, 0, 1, 0, 0, 1, 0, 1]
[0, 1, 1, 1, 1, 0, 1, 0, 1, 0, 0, 0, 0, 1, 0, 0, 1, 1, 1]
[0, 1, 0, 1, 1, 0, 1, 0, 1, 0, 0, 0, 0, 1, 0, 0, 1, 0, 0]
[0, 1, 1, 1, 1, 0, 1, 0, 1, 0, 0, 0, 0, 1, 0, 0, 1, 1, 1]
[0, 1, 0, 0, 1, 0, 1, 0, 1, 0, 1, 0, 0, 1, 1, 1, 1, 0, 0]
[1, 0, 0, 0, 0, 0, 0, 1, 0, 0, 0, 0, 0, 0, 0, 0, 0, 0, 0]
Genotipos:
[0, 1, 0, 1, 1, 0, 1, 0, 1, 2, 0, 2, 2, 1, 0, 0, 1, 0, 0]
[0, 1, 1, 1, 1, 2, 1, 0, 1, 0, 0, 0, 0, 1, 0, 0, 1, 2, 1]
[0, 1, 2, 1, 1, 0, 1, 0, 1, 0, 0, 0, 0, 1, 0, 0, 1, 2, 2]
[2, 2, 0, 0, 2, 0, 2, 2, 2, 0, 2, 0, 0, 2, 2, 2, 2, 0, 0]
Solving...
######
instances/ms_8_19.txt,0,4,19,0,0.002576000000000002,3594,22507
