Instancia:  instances/ms_84_5.txt
# Parámetros de la instancia
Número de haplotipos: 84
Número de genotipos: 42
Cantidad de sitios polimórficos: 5
Haplotipos:
[0, 0, 0, 0, 0]
[0, 0, 0, 0, 0]
[1, 1, 0, 0, 0]
[0, 0, 0, 0, 0]
[0, 0, 0, 0, 0]
[0, 0, 0, 0, 0]
[0, 0, 0, 0, 0]
[0, 0, 0, 0, 0]
[0, 0, 0, 0, 0]
[0, 0, 0, 0, 0]
[0, 1, 0, 0, 0]
[0, 1, 0, 0, 0]
[0, 0, 0, 0, 0]
[1, 1, 0, 0, 1]
[0, 0, 0, 0, 0]
[1, 1, 0, 0, 1]
[0, 0, 0, 0, 0]
[0, 0, 0, 0, 0]
[0, 0, 1, 0, 0]
[1, 1, 0, 0, 1]
[1, 1, 0, 0, 1]
[1, 1, 0, 0, 0]
[0, 0, 0, 0, 0]
[0, 1, 0, 0, 0]
[1, 1, 0, 0, 1]
[0, 0, 0, 0, 0]
[1, 1, 0, 0, 0]
[0, 0, 0, 0, 0]
[0, 0, 0, 0, 0]
[0, 0, 0, 0, 0]
[0, 0, 0, 0, 0]
[0, 0, 0, 0, 0]
[1, 1, 0, 0, 0]
[0, 0, 0, 0, 0]
[0, 0, 0, 0, 0]
[1, 1, 0, 0, 1]
[0, 1, 0, 0, 0]
[1, 1, 0, 0, 0]
[0, 1, 0, 0, 0]
[0, 1, 0, 0, 0]
[1, 1, 0, 0, 1]
[0, 0, 0, 0, 0]
[0, 0, 0, 0, 0]
[0, 0, 0, 0, 0]
[0, 0, 0, 0, 0]
[0, 0, 0, 0, 0]
[1, 1, 0, 0, 0]
[1, 1, 0, 0, 1]
[0, 0, 0, 0, 0]
[0, 0, 0, 0, 0]
[0, 0, 0, 0, 0]
[0, 1, 0, 0, 0]
[0, 0, 0, 0, 0]
[1, 1, 0, 0, 0]
[1, 1, 0, 0, 1]
[1, 1, 0, 0, 1]
[0, 0, 0, 0, 0]
[0, 1, 0, 0, 0]
[1, 1, 0, 0, 0]
[0, 1, 0, 0, 0]
[1, 1, 0, 0, 1]
[0, 1, 0, 0, 0]
[0, 0, 0, 0, 0]
[0, 0, 0, 0, 0]
[1, 1, 0, 0, 0]
[0, 1, 0, 0, 0]
[0, 1, 0, 0, 0]
[0, 1, 0, 0, 0]
[1, 1, 0, 0, 0]
[0, 0, 0, 0, 0]
[0, 1, 0, 0, 0]
[1, 1, 0, 0, 1]
[1, 1, 0, 0, 0]
[0, 0, 0, 0, 0]
[0, 1, 0, 0, 0]
[0, 0, 0, 0, 0]
[0, 1, 0, 0, 0]
[1, 1, 0, 0, 1]
[0, 1, 0, 1, 0]
[1, 1, 0, 0, 1]
[0, 0, 0, 0, 0]
[1, 1, 0, 0, 0]
[0, 0, 0, 0, 0]
[0, 0, 0, 0, 0]
Genotipos:
[0, 0, 0, 0, 0]
[2, 2, 0, 0, 0]
[0, 0, 0, 0, 0]
[0, 0, 0, 0, 0]
[0, 0, 0, 0, 0]
[0, 1, 0, 0, 0]
[2, 2, 0, 0, 2]
[2, 2, 0, 0, 2]
[0, 0, 0, 0, 0]
[2, 2, 2, 0, 2]
[1, 1, 0, 0, 2]
[0, 2, 0, 0, 0]
[2, 2, 0, 0, 2]
[2, 2, 0, 0, 0]
[0, 0, 0, 0, 0]
[0, 0, 0, 0, 0]
[2, 2, 0, 0, 0]
[2, 2, 0, 0, 2]
[2, 1, 0, 0, 0]
[0, 1, 0, 0, 0]
[2, 2, 0, 0, 2]
[0, 0, 0, 0, 0]
[0, 0, 0, 0, 0]
[1, 1, 0, 0, 2]
[0, 0, 0, 0, 0]
[0, 2, 0, 0, 0]
[2, 2, 0, 0, 0]
[1, 1, 0, 0, 1]
[0, 2, 0, 0, 0]
[2, 1, 0, 0, 0]
[2, 1, 0, 0, 2]
[0, 0, 0, 0, 0]
[2, 1, 0, 0, 0]
[0, 1, 0, 0, 0]
[2, 2, 0, 0, 0]
[2, 1, 0, 0, 2]
[2, 2, 0, 0, 0]
[0, 2, 0, 0, 0]
[2, 1, 0, 0, 2]
[2, 1, 0, 2, 2]
[2, 2, 0, 0, 0]
[0, 0, 0, 0, 0]
Solving...
######
instances/ms_84_5.txt,0,42,5,0,0.3826379999999998,1742232,301623
