Instancia:  instances/ms_82_3.txt
# Parámetros de la instancia
Número de haplotipos: 82
Número de genotipos: 41
Cantidad de sitios polimórficos: 3
Haplotipos:
[0, 1, 0]
[1, 0, 0]
[1, 0, 0]
[0, 1, 0]
[0, 1, 0]
[0, 1, 0]
[1, 0, 0]
[1, 0, 0]
[1, 0, 0]
[1, 0, 0]
[0, 1, 0]
[1, 0, 0]
[0, 1, 0]
[0, 1, 0]
[0, 1, 1]
[1, 0, 0]
[1, 0, 0]
[1, 0, 0]
[0, 1, 0]
[0, 1, 1]
[1, 0, 0]
[0, 1, 1]
[0, 1, 1]
[0, 1, 0]
[0, 1, 0]
[0, 1, 0]
[0, 1, 1]
[0, 1, 1]
[0, 1, 0]
[1, 0, 0]
[0, 1, 1]
[0, 1, 0]
[0, 1, 0]
[1, 0, 0]
[0, 1, 0]
[0, 1, 0]
[0, 1, 0]
[1, 0, 0]
[0, 1, 0]
[0, 1, 0]
[0, 1, 0]
[0, 1, 0]
[0, 1, 0]
[0, 1, 0]
[0, 1, 0]
[0, 1, 0]
[0, 1, 0]
[0, 1, 1]
[1, 0, 0]
[0, 1, 0]
[0, 1, 0]
[0, 1, 0]
[1, 0, 0]
[0, 1, 0]
[0, 1, 0]
[0, 1, 0]
[1, 0, 0]
[1, 0, 0]
[0, 1, 0]
[1, 0, 0]
[0, 1, 0]
[0, 1, 0]
[0, 1, 0]
[1, 0, 0]
[0, 1, 1]
[0, 1, 0]
[0, 1, 0]
[1, 0, 0]
[0, 1, 0]
[0, 1, 0]
[0, 1, 1]
[0, 1, 0]
[0, 1, 0]
[1, 0, 0]
[0, 1, 0]
[0, 1, 1]
[0, 1, 1]
[0, 1, 1]
[0, 1, 0]
[0, 1, 0]
[0, 1, 1]
[0, 1, 0]
Genotipos:
[2, 2, 0]
[2, 2, 0]
[0, 1, 0]
[1, 0, 0]
[1, 0, 0]
[2, 2, 0]
[0, 1, 0]
[2, 2, 2]
[1, 0, 0]
[0, 1, 2]
[2, 2, 2]
[0, 1, 2]
[0, 1, 0]
[0, 1, 1]
[2, 2, 0]
[0, 1, 2]
[2, 2, 0]
[0, 1, 0]
[2, 2, 0]
[0, 1, 0]
[0, 1, 0]
[0, 1, 0]
[0, 1, 0]
[0, 1, 2]
[2, 2, 0]
[0, 1, 0]
[2, 2, 0]
[0, 1, 0]
[1, 0, 0]
[2, 2, 0]
[0, 1, 0]
[2, 2, 0]
[0, 1, 2]
[2, 2, 0]
[0, 1, 0]
[0, 1, 2]
[2, 2, 0]
[0, 1, 2]
[0, 1, 1]
[0, 1, 0]
[0, 1, 2]
Solving...
######
instances/ms_82_3.txt,0,41,3,0,0.1683570000000001,1554204,130938
