Instancia:  instances/ms_8_16.txt
# Parámetros de la instancia
Número de haplotipos: 8
Número de genotipos: 4
Cantidad de sitios polimórficos: 16
Haplotipos:
[0, 1, 1, 1, 0, 0, 1, 1, 0, 1, 1, 1, 0, 0, 0, 1]
[1, 0, 0, 0, 0, 1, 0, 0, 1, 0, 0, 0, 0, 0, 1, 0]
[0, 0, 0, 0, 1, 1, 0, 0, 0, 0, 0, 0, 1, 0, 1, 0]
[1, 0, 0, 0, 0, 1, 0, 0, 1, 0, 0, 0, 0, 0, 1, 0]
[0, 0, 0, 0, 1, 1, 0, 0, 0, 0, 0, 0, 1, 0, 1, 0]
[0, 1, 1, 1, 0, 0, 1, 0, 0, 0, 0, 1, 0, 0, 0, 1]
[0, 1, 1, 1, 0, 0, 1, 0, 0, 0, 0, 1, 0, 0, 0, 1]
[0, 1, 1, 1, 0, 0, 1, 0, 0, 0, 0, 1, 0, 1, 0, 1]
Genotipos:
[2, 2, 2, 2, 0, 2, 2, 2, 2, 2, 2, 2, 0, 0, 2, 2]
[2, 0, 0, 0, 2, 1, 0, 0, 2, 0, 0, 0, 2, 0, 1, 0]
[0, 2, 2, 2, 2, 2, 2, 0, 0, 0, 0, 2, 2, 0, 2, 2]
[0, 1, 1, 1, 0, 0, 1, 0, 0, 0, 0, 1, 0, 2, 0, 1]
Solving...
######
instances/ms_8_16.txt,0,4,16,0,0.001055999999999998,2616,25494
