Instancia:  instances/ms_80_5.txt
# Parámetros de la instancia
Número de haplotipos: 80
Número de genotipos: 40
Cantidad de sitios polimórficos: 5
Haplotipos:
[1, 0, 0, 0, 0]
[0, 0, 0, 0, 1]
[0, 0, 0, 0, 1]
[0, 0, 0, 0, 1]
[1, 0, 0, 0, 0]
[0, 0, 0, 0, 0]
[0, 0, 0, 0, 0]
[0, 0, 0, 0, 0]
[0, 0, 0, 0, 0]
[0, 0, 0, 0, 1]
[0, 0, 0, 0, 0]
[0, 0, 0, 0, 1]
[0, 0, 0, 0, 1]
[0, 0, 0, 0, 0]
[0, 0, 0, 0, 1]
[1, 0, 0, 0, 0]
[0, 0, 0, 0, 1]
[0, 0, 0, 0, 1]
[0, 0, 0, 1, 1]
[0, 0, 0, 0, 1]
[1, 0, 0, 0, 0]
[0, 0, 0, 0, 1]
[0, 0, 0, 0, 1]
[1, 0, 0, 0, 0]
[0, 0, 0, 0, 1]
[0, 0, 0, 0, 1]
[0, 0, 0, 0, 1]
[1, 0, 0, 0, 0]
[0, 0, 0, 0, 0]
[0, 0, 0, 0, 1]
[1, 0, 0, 0, 0]
[0, 0, 0, 0, 0]
[0, 0, 0, 0, 0]
[1, 0, 0, 0, 0]
[0, 0, 0, 0, 1]
[0, 0, 0, 0, 1]
[1, 0, 0, 0, 0]
[1, 0, 0, 0, 0]
[0, 0, 0, 0, 1]
[0, 0, 0, 0, 1]
[0, 0, 0, 0, 0]
[0, 0, 0, 0, 1]
[0, 0, 0, 0, 0]
[1, 0, 0, 0, 0]
[0, 0, 0, 0, 1]
[0, 0, 0, 0, 1]
[0, 0, 0, 0, 1]
[0, 0, 0, 0, 1]
[1, 1, 0, 0, 0]
[1, 0, 0, 0, 0]
[1, 0, 0, 0, 0]
[0, 0, 0, 0, 0]
[1, 0, 0, 0, 0]
[1, 0, 0, 0, 0]
[1, 0, 0, 0, 0]
[0, 0, 0, 0, 1]
[0, 0, 0, 0, 1]
[0, 0, 0, 0, 1]
[0, 0, 0, 0, 1]
[0, 0, 0, 0, 0]
[0, 0, 0, 0, 1]
[0, 0, 0, 0, 1]
[0, 0, 0, 0, 1]
[1, 0, 0, 0, 0]
[0, 0, 0, 0, 0]
[0, 0, 0, 0, 0]
[0, 0, 0, 0, 1]
[0, 0, 0, 0, 1]
[0, 0, 0, 0, 1]
[0, 0, 0, 0, 0]
[0, 0, 1, 0, 0]
[0, 0, 0, 0, 0]
[0, 0, 0, 0, 1]
[0, 0, 0, 0, 0]
[0, 0, 0, 0, 1]
[0, 0, 0, 1, 1]
[0, 0, 0, 0, 1]
[0, 0, 0, 0, 0]
[1, 0, 0, 0, 0]
[0, 0, 0, 0, 1]
Genotipos:
[2, 0, 0, 0, 2]
[0, 0, 0, 0, 1]
[2, 0, 0, 0, 0]
[0, 0, 0, 0, 0]
[0, 0, 0, 0, 2]
[0, 0, 0, 0, 2]
[0, 0, 0, 0, 2]
[2, 0, 0, 0, 2]
[0, 0, 0, 0, 1]
[0, 0, 0, 2, 1]
[2, 0, 0, 0, 2]
[2, 0, 0, 0, 2]
[0, 0, 0, 0, 1]
[2, 0, 0, 0, 2]
[0, 0, 0, 0, 2]
[2, 0, 0, 0, 0]
[2, 0, 0, 0, 0]
[0, 0, 0, 0, 1]
[1, 0, 0, 0, 0]
[0, 0, 0, 0, 1]
[0, 0, 0, 0, 2]
[2, 0, 0, 0, 0]
[0, 0, 0, 0, 1]
[0, 0, 0, 0, 1]
[1, 2, 0, 0, 0]
[2, 0, 0, 0, 0]
[1, 0, 0, 0, 0]
[2, 0, 0, 0, 2]
[0, 0, 0, 0, 1]
[0, 0, 0, 0, 2]
[0, 0, 0, 0, 1]
[2, 0, 0, 0, 2]
[0, 0, 0, 0, 0]
[0, 0, 0, 0, 1]
[0, 0, 0, 0, 2]
[0, 0, 2, 0, 0]
[0, 0, 0, 0, 2]
[0, 0, 0, 2, 1]
[0, 0, 0, 0, 2]
[2, 0, 0, 0, 2]
Solving...
######
instances/ms_80_5.txt,0,40,5,0,0.2537070000000002,1519780,190641
