Instancia:  instances/ms_88_4.txt
# Parámetros de la instancia
Número de haplotipos: 88
Número de genotipos: 44
Cantidad de sitios polimórficos: 4
Haplotipos:
[0, 0, 0, 1]
[1, 1, 0, 0]
[0, 0, 0, 1]
[1, 1, 0, 0]
[1, 1, 0, 0]
[0, 0, 0, 1]
[1, 1, 0, 0]
[1, 1, 0, 0]
[0, 0, 0, 1]
[0, 0, 0, 1]
[0, 0, 0, 1]
[0, 1, 1, 0]
[1, 1, 0, 0]
[1, 1, 0, 0]
[0, 0, 0, 1]
[1, 1, 0, 0]
[1, 1, 0, 0]
[1, 1, 0, 0]
[1, 1, 0, 0]
[1, 1, 0, 0]
[0, 0, 0, 1]
[1, 1, 0, 0]
[1, 1, 0, 0]
[1, 1, 0, 0]
[0, 0, 0, 1]
[1, 1, 0, 0]
[1, 1, 0, 0]
[1, 1, 0, 0]
[1, 1, 0, 0]
[1, 1, 0, 0]
[0, 0, 0, 1]
[1, 1, 0, 0]
[0, 0, 0, 1]
[0, 0, 0, 1]
[1, 1, 0, 0]
[0, 0, 0, 1]
[1, 1, 0, 0]
[0, 0, 0, 1]
[1, 1, 0, 0]
[0, 0, 0, 1]
[1, 1, 0, 0]
[0, 0, 0, 1]
[0, 0, 0, 1]
[0, 0, 0, 1]
[1, 1, 0, 0]
[0, 0, 0, 1]
[1, 1, 0, 0]
[0, 0, 0, 1]
[1, 1, 0, 0]
[1, 1, 0, 0]
[1, 1, 0, 0]
[1, 1, 0, 0]
[1, 1, 0, 0]
[0, 0, 0, 1]
[1, 1, 0, 0]
[0, 0, 0, 1]
[1, 1, 0, 0]
[1, 1, 0, 0]
[1, 1, 0, 0]
[1, 1, 0, 0]
[0, 1, 1, 0]
[1, 1, 0, 0]
[0, 0, 0, 1]
[0, 0, 0, 1]
[1, 1, 0, 0]
[1, 1, 0, 0]
[0, 0, 0, 1]
[1, 1, 0, 0]
[1, 1, 0, 0]
[1, 1, 0, 0]
[0, 0, 0, 1]
[1, 1, 0, 0]
[1, 1, 0, 0]
[1, 1, 0, 0]
[0, 0, 0, 1]
[1, 1, 0, 0]
[1, 1, 0, 0]
[1, 1, 0, 0]
[1, 1, 0, 0]
[0, 0, 0, 1]
[1, 1, 0, 0]
[1, 1, 0, 0]
[1, 1, 0, 0]
[1, 1, 0, 0]
[1, 1, 0, 0]
[1, 1, 0, 0]
[1, 1, 0, 0]
[1, 1, 0, 0]
Genotipos:
[2, 2, 0, 2]
[2, 2, 0, 2]
[2, 2, 0, 2]
[1, 1, 0, 0]
[0, 0, 0, 1]
[0, 2, 2, 2]
[1, 1, 0, 0]
[2, 2, 0, 2]
[1, 1, 0, 0]
[1, 1, 0, 0]
[2, 2, 0, 2]
[1, 1, 0, 0]
[2, 2, 0, 2]
[1, 1, 0, 0]
[1, 1, 0, 0]
[2, 2, 0, 2]
[0, 0, 0, 1]
[2, 2, 0, 2]
[2, 2, 0, 2]
[2, 2, 0, 2]
[2, 2, 0, 2]
[0, 0, 0, 1]
[2, 2, 0, 2]
[2, 2, 0, 2]
[1, 1, 0, 0]
[1, 1, 0, 0]
[2, 2, 0, 2]
[2, 2, 0, 2]
[1, 1, 0, 0]
[1, 1, 0, 0]
[2, 1, 2, 0]
[0, 0, 0, 1]
[1, 1, 0, 0]
[2, 2, 0, 2]
[1, 1, 0, 0]
[2, 2, 0, 2]
[1, 1, 0, 0]
[2, 2, 0, 2]
[1, 1, 0, 0]
[2, 2, 0, 2]
[1, 1, 0, 0]
[1, 1, 0, 0]
[1, 1, 0, 0]
[1, 1, 0, 0]
Solving...
######
instances/ms_88_4.txt,0,44,4,0,0.4183800000000002,1939224,300176
