Instancia:  instances/ms_80_2.txt
# Parámetros de la instancia
Número de haplotipos: 80
Número de genotipos: 40
Cantidad de sitios polimórficos: 2
Haplotipos:
[0, 0]
[0, 0]
[0, 0]
[0, 0]
[0, 0]
[0, 0]
[0, 0]
[0, 0]
[0, 0]
[0, 0]
[1, 0]
[0, 0]
[0, 0]
[0, 0]
[0, 1]
[0, 0]
[0, 0]
[1, 0]
[0, 0]
[0, 0]
[0, 0]
[0, 0]
[0, 0]
[0, 0]
[0, 0]
[0, 0]
[1, 0]
[0, 0]
[1, 0]
[1, 0]
[0, 0]
[1, 0]
[1, 0]
[0, 0]
[0, 0]
[0, 0]
[0, 0]
[0, 0]
[1, 0]
[0, 0]
[1, 0]
[0, 0]
[0, 0]
[0, 0]
[0, 0]
[0, 0]
[0, 0]
[0, 0]
[1, 0]
[1, 0]
[0, 0]
[0, 0]
[0, 0]
[1, 0]
[1, 0]
[0, 0]
[0, 0]
[0, 0]
[0, 0]
[0, 0]
[0, 0]
[0, 0]
[1, 0]
[0, 0]
[0, 0]
[0, 0]
[1, 0]
[0, 0]
[1, 0]
[0, 0]
[0, 0]
[1, 0]
[0, 0]
[1, 0]
[0, 0]
[0, 0]
[1, 0]
[1, 0]
[0, 0]
[0, 0]
Genotipos:
[0, 0]
[0, 0]
[0, 0]
[0, 0]
[0, 0]
[2, 0]
[0, 0]
[0, 2]
[2, 0]
[0, 0]
[0, 0]
[0, 0]
[0, 0]
[2, 0]
[1, 0]
[2, 0]
[2, 0]
[0, 0]
[0, 0]
[2, 0]
[2, 0]
[0, 0]
[0, 0]
[0, 0]
[1, 0]
[0, 0]
[2, 0]
[2, 0]
[0, 0]
[0, 0]
[0, 0]
[2, 0]
[0, 0]
[2, 0]
[2, 0]
[2, 0]
[2, 0]
[0, 0]
[1, 0]
[0, 0]
Solving...
######
instances/ms_80_2.txt,0,40,2,0,0.03315900000000001,1422150,37920
