Instancia:  instances/ms_86_4.txt
# Parámetros de la instancia
Número de haplotipos: 86
Número de genotipos: 43
Cantidad de sitios polimórficos: 4
Haplotipos:
[0, 0, 0, 0]
[0, 0, 0, 0]
[0, 0, 0, 1]
[0, 0, 0, 1]
[0, 0, 0, 1]
[0, 0, 0, 1]
[0, 0, 0, 1]
[0, 0, 0, 0]
[0, 0, 0, 0]
[0, 0, 0, 0]
[0, 0, 1, 1]
[0, 0, 0, 1]
[0, 0, 0, 1]
[0, 0, 0, 0]
[0, 0, 0, 0]
[0, 0, 0, 1]
[0, 0, 0, 1]
[0, 0, 0, 1]
[1, 0, 0, 1]
[0, 0, 0, 1]
[0, 0, 0, 1]
[0, 0, 0, 1]
[0, 0, 0, 1]
[0, 0, 0, 0]
[0, 0, 0, 0]
[0, 0, 0, 1]
[0, 0, 0, 0]
[0, 0, 0, 1]
[0, 0, 0, 0]
[0, 0, 0, 0]
[0, 0, 0, 1]
[0, 0, 0, 0]
[0, 0, 0, 0]
[0, 0, 0, 0]
[0, 0, 0, 1]
[0, 0, 0, 1]
[0, 0, 0, 0]
[0, 0, 0, 1]
[0, 0, 0, 1]
[0, 0, 0, 1]
[0, 0, 0, 1]
[0, 0, 0, 1]
[0, 0, 0, 1]
[0, 0, 0, 1]
[0, 0, 0, 0]
[0, 0, 0, 1]
[0, 0, 0, 0]
[0, 0, 0, 1]
[0, 0, 0, 1]
[0, 0, 0, 0]
[0, 0, 0, 0]
[0, 0, 0, 1]
[0, 0, 0, 1]
[0, 0, 0, 0]
[0, 0, 0, 1]
[0, 0, 0, 0]
[0, 0, 0, 1]
[0, 0, 0, 1]
[0, 0, 0, 1]
[0, 0, 0, 0]
[0, 1, 0, 1]
[0, 0, 0, 1]
[0, 0, 0, 1]
[0, 0, 0, 1]
[0, 0, 0, 0]
[0, 0, 0, 1]
[0, 0, 0, 1]
[0, 0, 0, 0]
[0, 0, 0, 0]
[0, 0, 0, 1]
[0, 0, 0, 0]
[0, 0, 0, 1]
[0, 0, 0, 0]
[0, 0, 0, 1]
[0, 0, 1, 1]
[0, 0, 0, 1]
[0, 0, 0, 1]
[0, 0, 0, 0]
[0, 0, 0, 0]
[0, 0, 0, 0]
[0, 0, 0, 0]
[0, 0, 0, 1]
[0, 0, 0, 1]
[1, 0, 0, 1]
[0, 0, 0, 1]
[0, 0, 0, 0]
Genotipos:
[0, 0, 0, 0]
[0, 0, 0, 1]
[0, 0, 0, 1]
[0, 0, 0, 2]
[0, 0, 0, 0]
[0, 0, 2, 1]
[0, 0, 0, 2]
[0, 0, 0, 2]
[0, 0, 0, 1]
[2, 0, 0, 1]
[0, 0, 0, 1]
[0, 0, 0, 2]
[0, 0, 0, 2]
[0, 0, 0, 2]
[0, 0, 0, 0]
[0, 0, 0, 2]
[0, 0, 0, 0]
[0, 0, 0, 1]
[0, 0, 0, 2]
[0, 0, 0, 1]
[0, 0, 0, 1]
[0, 0, 0, 1]
[0, 0, 0, 2]
[0, 0, 0, 2]
[0, 0, 0, 2]
[0, 0, 0, 2]
[0, 0, 0, 2]
[0, 0, 0, 2]
[0, 0, 0, 1]
[0, 0, 0, 2]
[0, 2, 0, 1]
[0, 0, 0, 1]
[0, 0, 0, 2]
[0, 0, 0, 2]
[0, 0, 0, 2]
[0, 0, 0, 2]
[0, 0, 0, 2]
[0, 0, 2, 1]
[0, 0, 0, 2]
[0, 0, 0, 0]
[0, 0, 0, 2]
[2, 0, 0, 1]
[0, 0, 0, 2]
Solving...
######
instances/ms_86_4.txt,0,43,4,0,0.18422600000000006,1852178,140718
