Instancia:  instances/ms_88_5.txt
# Parámetros de la instancia
Número de haplotipos: 88
Número de genotipos: 44
Cantidad de sitios polimórficos: 5
Haplotipos:
[1, 0, 0, 0, 0]
[0, 1, 0, 0, 0]
[0, 0, 0, 0, 0]
[0, 1, 0, 0, 0]
[0, 0, 1, 0, 0]
[0, 1, 0, 0, 0]
[0, 0, 0, 1, 0]
[0, 0, 0, 0, 0]
[0, 0, 0, 0, 0]
[0, 0, 0, 0, 0]
[1, 0, 0, 0, 0]
[0, 0, 0, 0, 0]
[0, 0, 0, 0, 0]
[0, 0, 0, 0, 0]
[0, 0, 0, 0, 0]
[0, 0, 1, 0, 0]
[0, 0, 0, 0, 1]
[0, 0, 1, 0, 0]
[0, 0, 0, 0, 0]
[0, 0, 1, 0, 0]
[0, 0, 1, 0, 0]
[0, 0, 0, 1, 0]
[0, 0, 1, 0, 0]
[0, 0, 0, 0, 0]
[0, 0, 1, 0, 0]
[0, 0, 0, 0, 0]
[0, 0, 0, 0, 0]
[0, 0, 1, 0, 0]
[0, 0, 0, 0, 0]
[0, 0, 0, 0, 0]
[0, 0, 0, 0, 0]
[1, 0, 0, 0, 0]
[0, 0, 0, 0, 0]
[0, 0, 0, 0, 0]
[0, 0, 0, 1, 0]
[0, 1, 0, 0, 0]
[0, 0, 0, 0, 0]
[0, 0, 1, 0, 0]
[0, 0, 0, 0, 0]
[0, 1, 0, 0, 0]
[0, 0, 0, 1, 0]
[0, 0, 0, 0, 0]
[0, 0, 0, 1, 0]
[0, 0, 0, 1, 0]
[0, 1, 0, 0, 0]
[0, 0, 0, 0, 0]
[0, 0, 0, 0, 0]
[0, 1, 0, 0, 0]
[0, 0, 0, 1, 0]
[0, 0, 1, 0, 0]
[0, 0, 1, 0, 0]
[0, 0, 0, 0, 0]
[1, 0, 0, 0, 0]
[1, 0, 0, 0, 0]
[1, 0, 0, 0, 0]
[0, 0, 0, 0, 0]
[0, 0, 0, 0, 0]
[0, 0, 0, 0, 0]
[0, 0, 1, 0, 0]
[0, 0, 0, 0, 0]
[0, 1, 0, 0, 0]
[0, 0, 1, 0, 0]
[0, 0, 1, 0, 0]
[0, 0, 0, 0, 0]
[0, 0, 1, 0, 0]
[0, 0, 0, 0, 0]
[0, 0, 0, 0, 0]
[0, 0, 0, 0, 0]
[1, 0, 0, 0, 0]
[1, 0, 0, 0, 0]
[0, 0, 0, 0, 0]
[0, 0, 0, 0, 1]
[0, 0, 1, 0, 0]
[0, 0, 0, 0, 0]
[0, 0, 0, 0, 0]
[1, 0, 0, 0, 0]
[0, 1, 0, 0, 0]
[0, 0, 1, 0, 0]
[0, 0, 0, 1, 0]
[0, 0, 0, 0, 0]
[0, 0, 0, 0, 0]
[0, 0, 1, 0, 0]
[1, 0, 0, 0, 0]
[0, 0, 0, 0, 1]
[0, 0, 0, 0, 0]
[0, 0, 0, 0, 0]
[0, 0, 0, 0, 0]
[0, 0, 0, 1, 0]
Genotipos:
[2, 2, 0, 0, 0]
[0, 2, 0, 0, 0]
[0, 2, 2, 0, 0]
[0, 0, 0, 2, 0]
[0, 0, 0, 0, 0]
[2, 0, 0, 0, 0]
[0, 0, 0, 0, 0]
[0, 0, 2, 0, 0]
[0, 0, 2, 0, 2]
[0, 0, 2, 0, 0]
[0, 0, 2, 2, 0]
[0, 0, 2, 0, 0]
[0, 0, 2, 0, 0]
[0, 0, 2, 0, 0]
[0, 0, 0, 0, 0]
[2, 0, 0, 0, 0]
[0, 0, 0, 0, 0]
[0, 2, 0, 2, 0]
[0, 0, 2, 0, 0]
[0, 2, 0, 0, 0]
[0, 0, 0, 2, 0]
[0, 0, 0, 1, 0]
[0, 2, 0, 0, 0]
[0, 2, 0, 0, 0]
[0, 0, 2, 2, 0]
[0, 0, 2, 0, 0]
[1, 0, 0, 0, 0]
[2, 0, 0, 0, 0]
[0, 0, 0, 0, 0]
[0, 0, 2, 0, 0]
[0, 2, 2, 0, 0]
[0, 0, 2, 0, 0]
[0, 0, 2, 0, 0]
[0, 0, 0, 0, 0]
[1, 0, 0, 0, 0]
[0, 0, 0, 0, 2]
[0, 0, 2, 0, 0]
[2, 0, 0, 0, 0]
[0, 2, 2, 0, 0]
[0, 0, 0, 2, 0]
[0, 0, 2, 0, 0]
[2, 0, 0, 0, 2]
[0, 0, 0, 0, 0]
[0, 0, 0, 2, 0]
Solving...
######
instances/ms_88_5.txt,0,44,5,0,0.36876200000000015,2005864,264114
