Instancia:  instances/ms_82_2.txt
# Parámetros de la instancia
Número de haplotipos: 82
Número de genotipos: 41
Cantidad de sitios polimórficos: 2
Haplotipos:
[1, 0]
[0, 1]
[1, 0]
[1, 0]
[1, 0]
[1, 0]
[1, 0]
[1, 0]
[1, 0]
[1, 0]
[1, 0]
[1, 0]
[1, 0]
[1, 0]
[1, 0]
[1, 0]
[1, 0]
[1, 0]
[1, 0]
[1, 0]
[1, 0]
[1, 0]
[1, 0]
[1, 0]
[1, 0]
[1, 0]
[1, 0]
[1, 0]
[1, 0]
[1, 0]
[1, 0]
[1, 0]
[1, 0]
[1, 0]
[1, 0]
[1, 0]
[1, 0]
[1, 0]
[1, 0]
[1, 0]
[1, 0]
[1, 0]
[1, 0]
[1, 0]
[1, 0]
[1, 0]
[1, 0]
[1, 0]
[1, 0]
[1, 0]
[1, 0]
[1, 0]
[1, 0]
[1, 0]
[1, 0]
[1, 0]
[1, 0]
[1, 0]
[1, 0]
[1, 0]
[1, 0]
[1, 0]
[1, 0]
[1, 0]
[1, 0]
[1, 0]
[1, 0]
[1, 0]
[1, 0]
[1, 0]
[1, 0]
[1, 0]
[1, 0]
[1, 0]
[1, 0]
[1, 0]
[1, 0]
[1, 0]
[1, 0]
[1, 0]
[1, 0]
[1, 0]
Genotipos:
[2, 2]
[1, 0]
[1, 0]
[1, 0]
[1, 0]
[1, 0]
[1, 0]
[1, 0]
[1, 0]
[1, 0]
[1, 0]
[1, 0]
[1, 0]
[1, 0]
[1, 0]
[1, 0]
[1, 0]
[1, 0]
[1, 0]
[1, 0]
[1, 0]
[1, 0]
[1, 0]
[1, 0]
[1, 0]
[1, 0]
[1, 0]
[1, 0]
[1, 0]
[1, 0]
[1, 0]
[1, 0]
[1, 0]
[1, 0]
[1, 0]
[1, 0]
[1, 0]
[1, 0]
[1, 0]
[1, 0]
[1, 0]
Solving...
######
instances/ms_82_2.txt,0,41,2,0,0.0028419999999997475,1548750,21780
