Instancia:  instances/ms_88_2.txt
# Parámetros de la instancia
Número de haplotipos: 88
Número de genotipos: 44
Cantidad de sitios polimórficos: 2
Haplotipos:
[0, 0]
[0, 1]
[0, 1]
[0, 1]
[0, 1]
[0, 1]
[0, 0]
[0, 0]
[0, 0]
[0, 0]
[0, 0]
[0, 0]
[0, 1]
[0, 0]
[0, 0]
[0, 0]
[0, 0]
[0, 1]
[0, 0]
[1, 1]
[0, 0]
[0, 0]
[0, 0]
[0, 1]
[0, 0]
[0, 0]
[0, 0]
[0, 1]
[0, 0]
[0, 1]
[0, 1]
[0, 1]
[0, 0]
[0, 0]
[0, 1]
[0, 1]
[0, 0]
[0, 0]
[0, 0]
[0, 0]
[0, 0]
[0, 0]
[0, 0]
[0, 0]
[0, 1]
[0, 1]
[0, 1]
[0, 0]
[0, 0]
[0, 1]
[0, 1]
[0, 0]
[0, 0]
[0, 0]
[0, 0]
[0, 1]
[0, 0]
[0, 0]
[0, 1]
[0, 1]
[0, 0]
[0, 0]
[0, 0]
[0, 0]
[0, 1]
[0, 1]
[0, 0]
[0, 0]
[0, 0]
[0, 1]
[0, 1]
[0, 0]
[0, 0]
[0, 1]
[0, 0]
[0, 1]
[0, 0]
[1, 1]
[0, 0]
[0, 0]
[0, 0]
[0, 1]
[0, 0]
[0, 0]
[0, 0]
[1, 1]
[0, 0]
[1, 1]
Genotipos:
[0, 2]
[0, 1]
[0, 1]
[0, 0]
[0, 0]
[0, 0]
[0, 2]
[0, 0]
[0, 2]
[2, 2]
[0, 0]
[0, 2]
[0, 0]
[0, 2]
[0, 2]
[0, 1]
[0, 0]
[0, 1]
[0, 0]
[0, 0]
[0, 0]
[0, 0]
[0, 1]
[0, 2]
[0, 2]
[0, 2]
[0, 0]
[0, 2]
[0, 0]
[0, 1]
[0, 0]
[0, 0]
[0, 1]
[0, 0]
[0, 2]
[0, 2]
[0, 2]
[0, 2]
[2, 2]
[0, 0]
[0, 2]
[0, 0]
[2, 2]
[2, 2]
Solving...
######
instances/ms_88_2.txt,0,44,2,0,0.06912199999999999,1886640,60676
