Instancia:  instances/ms_92_12.txt
# Parámetros de la instancia
Número de haplotipos: 92
Número de genotipos: 46
Cantidad de sitios polimórficos: 12
Haplotipos:
[0, 0, 0, 1, 0, 1, 0, 0, 0, 0, 0, 0]
[0, 0, 0, 1, 0, 1, 0, 0, 0, 0, 0, 0]
[0, 0, 0, 1, 0, 0, 0, 0, 0, 0, 0, 0]
[0, 0, 0, 0, 1, 0, 1, 1, 0, 0, 1, 1]
[0, 0, 0, 0, 1, 0, 1, 1, 0, 0, 1, 1]
[0, 0, 0, 1, 0, 0, 0, 0, 0, 0, 0, 0]
[0, 0, 0, 1, 0, 0, 0, 0, 0, 0, 0, 0]
[0, 0, 0, 1, 0, 0, 0, 0, 1, 1, 0, 0]
[0, 0, 0, 1, 0, 0, 0, 0, 0, 0, 0, 0]
[0, 0, 0, 1, 0, 1, 0, 0, 0, 0, 0, 0]
[0, 0, 0, 1, 0, 0, 0, 0, 0, 0, 0, 0]
[0, 0, 0, 1, 0, 1, 0, 0, 0, 0, 0, 0]
[0, 0, 0, 1, 0, 1, 0, 0, 0, 0, 0, 0]
[0, 0, 0, 1, 0, 0, 0, 0, 0, 0, 0, 0]
[0, 0, 0, 1, 0, 0, 0, 0, 0, 0, 0, 0]
[0, 0, 0, 0, 1, 0, 1, 1, 0, 0, 1, 1]
[0, 0, 0, 0, 1, 0, 1, 1, 0, 0, 1, 1]
[0, 0, 0, 1, 0, 0, 0, 0, 1, 1, 0, 0]
[0, 0, 0, 1, 0, 0, 0, 0, 0, 0, 0, 0]
[0, 0, 0, 1, 0, 0, 0, 0, 0, 0, 0, 0]
[0, 0, 0, 0, 1, 0, 1, 1, 0, 0, 1, 1]
[0, 0, 0, 1, 0, 1, 0, 0, 0, 0, 0, 0]
[0, 0, 0, 0, 1, 0, 1, 1, 0, 0, 1, 1]
[0, 0, 0, 1, 0, 0, 0, 0, 0, 0, 0, 0]
[0, 0, 0, 1, 0, 0, 0, 0, 0, 0, 0, 0]
[0, 0, 0, 1, 0, 0, 0, 0, 0, 0, 0, 0]
[0, 0, 0, 0, 1, 0, 1, 1, 0, 0, 1, 1]
[0, 0, 0, 1, 0, 0, 0, 0, 0, 0, 0, 0]
[0, 0, 0, 1, 0, 0, 0, 0, 0, 0, 0, 0]
[0, 0, 0, 1, 0, 0, 0, 0, 0, 0, 0, 0]
[0, 0, 1, 0, 1, 0, 1, 1, 0, 0, 1, 1]
[0, 0, 0, 1, 0, 0, 0, 0, 0, 0, 0, 0]
[0, 0, 0, 1, 0, 0, 0, 0, 0, 0, 0, 0]
[0, 0, 1, 0, 1, 0, 1, 1, 0, 0, 1, 1]
[0, 0, 0, 1, 0, 0, 0, 0, 0, 0, 0, 0]
[0, 0, 0, 1, 0, 0, 0, 0, 0, 0, 0, 0]
[0, 0, 0, 1, 0, 0, 0, 0, 0, 0, 0, 0]
[0, 0, 0, 1, 0, 0, 0, 0, 0, 0, 0, 0]
[0, 0, 0, 1, 0, 1, 0, 0, 0, 0, 0, 0]
[0, 0, 0, 1, 0, 0, 0, 0, 0, 0, 0, 0]
[0, 0, 0, 0, 1, 0, 1, 1, 0, 0, 1, 1]
[0, 0, 0, 0, 1, 0, 1, 1, 0, 0, 1, 1]
[0, 0, 0, 1, 0, 0, 0, 0, 0, 0, 0, 0]
[0, 0, 0, 1, 0, 1, 0, 0, 0, 0, 0, 0]
[0, 0, 0, 1, 0, 0, 0, 0, 0, 0, 0, 0]
[0, 0, 0, 1, 0, 1, 0, 0, 0, 0, 0, 0]
[0, 0, 1, 0, 1, 0, 1, 1, 0, 0, 1, 1]
[0, 0, 0, 1, 0, 0, 0, 0, 0, 0, 0, 0]
[0, 0, 0, 1, 0, 1, 0, 0, 0, 0, 0, 0]
[0, 0, 0, 1, 0, 0, 0, 0, 0, 0, 0, 0]
[0, 0, 0, 1, 0, 0, 0, 0, 0, 0, 0, 0]
[0, 0, 0, 1, 0, 1, 0, 0, 0, 0, 0, 0]
[0, 0, 0, 1, 0, 0, 0, 0, 0, 0, 0, 0]
[0, 0, 0, 1, 0, 0, 0, 0, 0, 0, 0, 0]
[0, 0, 0, 1, 0, 0, 0, 0, 0, 0, 0, 0]
[0, 0, 0, 1, 0, 0, 0, 0, 0, 0, 0, 0]
[0, 0, 0, 1, 0, 0, 0, 0, 0, 0, 0, 0]
[0, 0, 0, 1, 0, 0, 0, 0, 0, 0, 0, 0]
[0, 0, 0, 1, 0, 0, 0, 0, 0, 0, 0, 0]
[1, 0, 0, 1, 0, 0, 0, 0, 0, 0, 0, 0]
[0, 0, 0, 1, 0, 0, 0, 0, 0, 0, 0, 0]
[0, 0, 0, 1, 0, 1, 0, 0, 0, 0, 0, 0]
[0, 0, 0, 1, 0, 1, 0, 0, 0, 0, 0, 0]
[0, 0, 0, 1, 0, 1, 0, 0, 0, 0, 0, 0]
[0, 0, 0, 1, 0, 0, 0, 0, 0, 0, 0, 0]
[0, 0, 0, 1, 0, 0, 0, 0, 0, 0, 0, 0]
[0, 0, 0, 0, 1, 0, 1, 1, 0, 0, 1, 1]
[0, 0, 0, 1, 0, 0, 0, 0, 0, 0, 0, 0]
[0, 0, 0, 1, 0, 1, 0, 0, 0, 0, 0, 0]
[0, 0, 0, 1, 0, 0, 0, 0, 0, 0, 0, 0]
[0, 0, 0, 1, 0, 0, 0, 0, 0, 0, 0, 0]
[0, 0, 0, 0, 1, 0, 1, 1, 0, 0, 1, 1]
[0, 0, 1, 0, 1, 0, 1, 1, 0, 0, 1, 1]
[0, 0, 0, 1, 0, 0, 0, 0, 0, 0, 0, 0]
[0, 0, 0, 1, 0, 1, 0, 0, 0, 0, 0, 0]
[0, 0, 0, 1, 0, 0, 0, 0, 0, 0, 0, 0]
[0, 0, 0, 1, 0, 1, 0, 0, 0, 0, 0, 0]
[0, 0, 0, 0, 1, 0, 1, 1, 0, 0, 1, 1]
[0, 0, 0, 1, 0, 0, 0, 0, 0, 0, 0, 0]
[0, 1, 0, 1, 0, 1, 0, 0, 0, 0, 0, 0]
[0, 0, 0, 0, 1, 0, 1, 1, 0, 0, 1, 1]
[0, 0, 0, 1, 0, 0, 0, 0, 0, 0, 0, 0]
[0, 0, 0, 1, 0, 0, 0, 0, 0, 0, 0, 0]
[0, 0, 0, 0, 1, 0, 1, 1, 0, 0, 1, 1]
[0, 0, 0, 1, 0, 0, 0, 0, 0, 0, 0, 0]
[0, 0, 0, 1, 0, 0, 0, 0, 0, 0, 0, 0]
[0, 0, 0, 1, 0, 0, 0, 0, 0, 0, 0, 0]
[0, 0, 0, 1, 0, 0, 0, 0, 0, 0, 0, 0]
[0, 0, 0, 1, 0, 0, 0, 0, 0, 0, 0, 0]
[0, 0, 0, 1, 0, 0, 0, 0, 0, 0, 0, 0]
[0, 0, 0, 1, 0, 0, 0, 0, 0, 0, 0, 0]
[0, 0, 0, 1, 0, 1, 0, 0, 0, 0, 0, 0]
Genotipos:
[0, 0, 0, 1, 0, 1, 0, 0, 0, 0, 0, 0]
[0, 0, 0, 2, 2, 0, 2, 2, 0, 0, 2, 2]
[0, 0, 0, 2, 2, 0, 2, 2, 0, 0, 2, 2]
[0, 0, 0, 1, 0, 0, 0, 0, 2, 2, 0, 0]
[0, 0, 0, 1, 0, 2, 0, 0, 0, 0, 0, 0]
[0, 0, 0, 1, 0, 2, 0, 0, 0, 0, 0, 0]
[0, 0, 0, 1, 0, 2, 0, 0, 0, 0, 0, 0]
[0, 0, 0, 2, 2, 0, 2, 2, 0, 0, 2, 2]
[0, 0, 0, 2, 2, 0, 2, 2, 2, 2, 2, 2]
[0, 0, 0, 1, 0, 0, 0, 0, 0, 0, 0, 0]
[0, 0, 0, 2, 2, 2, 2, 2, 0, 0, 2, 2]
[0, 0, 0, 2, 2, 0, 2, 2, 0, 0, 2, 2]
[0, 0, 0, 1, 0, 0, 0, 0, 0, 0, 0, 0]
[0, 0, 0, 2, 2, 0, 2, 2, 0, 0, 2, 2]
[0, 0, 0, 1, 0, 0, 0, 0, 0, 0, 0, 0]
[0, 0, 2, 2, 2, 0, 2, 2, 0, 0, 2, 2]
[0, 0, 2, 2, 2, 0, 2, 2, 0, 0, 2, 2]
[0, 0, 0, 1, 0, 0, 0, 0, 0, 0, 0, 0]
[0, 0, 0, 1, 0, 0, 0, 0, 0, 0, 0, 0]
[0, 0, 0, 1, 0, 2, 0, 0, 0, 0, 0, 0]
[0, 0, 0, 0, 1, 0, 1, 1, 0, 0, 1, 1]
[0, 0, 0, 1, 0, 2, 0, 0, 0, 0, 0, 0]
[0, 0, 0, 1, 0, 2, 0, 0, 0, 0, 0, 0]
[0, 0, 2, 2, 2, 0, 2, 2, 0, 0, 2, 2]
[0, 0, 0, 1, 0, 2, 0, 0, 0, 0, 0, 0]
[0, 0, 0, 1, 0, 2, 0, 0, 0, 0, 0, 0]
[0, 0, 0, 1, 0, 0, 0, 0, 0, 0, 0, 0]
[0, 0, 0, 1, 0, 0, 0, 0, 0, 0, 0, 0]
[0, 0, 0, 1, 0, 0, 0, 0, 0, 0, 0, 0]
[2, 0, 0, 1, 0, 0, 0, 0, 0, 0, 0, 0]
[0, 0, 0, 1, 0, 2, 0, 0, 0, 0, 0, 0]
[0, 0, 0, 1, 0, 1, 0, 0, 0, 0, 0, 0]
[0, 0, 0, 1, 0, 0, 0, 0, 0, 0, 0, 0]
[0, 0, 0, 2, 2, 0, 2, 2, 0, 0, 2, 2]
[0, 0, 0, 1, 0, 2, 0, 0, 0, 0, 0, 0]
[0, 0, 0, 2, 2, 0, 2, 2, 0, 0, 2, 2]
[0, 0, 2, 2, 2, 0, 2, 2, 0, 0, 2, 2]
[0, 0, 0, 1, 0, 2, 0, 0, 0, 0, 0, 0]
[0, 0, 0, 2, 2, 2, 2, 2, 0, 0, 2, 2]
[0, 2, 0, 1, 0, 2, 0, 0, 0, 0, 0, 0]
[0, 0, 0, 2, 2, 0, 2, 2, 0, 0, 2, 2]
[0, 0, 0, 2, 2, 0, 2, 2, 0, 0, 2, 2]
[0, 0, 0, 1, 0, 0, 0, 0, 0, 0, 0, 0]
[0, 0, 0, 1, 0, 0, 0, 0, 0, 0, 0, 0]
[0, 0, 0, 1, 0, 0, 0, 0, 0, 0, 0, 0]
[0, 0, 0, 1, 0, 2, 0, 0, 0, 0, 0, 0]
Solving...
######
instances/ms_92_12.txt,0,46,12,0,2.8810130000000003,2565226,1840321
