Instancia:  instances/ms_92_8.txt
# Parámetros de la instancia
Número de haplotipos: 92
Número de genotipos: 46
Cantidad de sitios polimórficos: 8
Haplotipos:
[0, 0, 0, 0, 0, 0, 0, 1]
[0, 0, 0, 0, 0, 0, 0, 1]
[1, 0, 1, 0, 0, 0, 1, 0]
[0, 0, 0, 0, 0, 0, 0, 1]
[0, 0, 1, 0, 0, 1, 1, 0]
[0, 0, 0, 0, 0, 0, 0, 1]
[1, 0, 1, 0, 0, 0, 1, 0]
[0, 0, 1, 0, 0, 0, 1, 0]
[1, 0, 1, 0, 0, 0, 1, 0]
[0, 0, 1, 0, 0, 1, 1, 0]
[0, 0, 1, 0, 0, 0, 1, 0]
[0, 0, 1, 0, 0, 1, 1, 0]
[1, 0, 1, 0, 0, 0, 1, 0]
[0, 0, 0, 0, 0, 0, 0, 1]
[0, 0, 0, 0, 0, 0, 0, 1]
[0, 0, 0, 0, 0, 0, 0, 1]
[0, 1, 0, 0, 1, 0, 0, 1]
[0, 0, 1, 0, 0, 0, 1, 0]
[0, 0, 1, 0, 0, 0, 1, 0]
[0, 1, 0, 0, 1, 0, 0, 1]
[0, 0, 0, 0, 0, 0, 0, 1]
[1, 0, 1, 0, 0, 0, 1, 0]
[0, 0, 1, 0, 0, 0, 1, 0]
[0, 0, 0, 0, 0, 0, 0, 1]
[1, 0, 1, 0, 0, 0, 1, 0]
[0, 0, 1, 0, 0, 0, 1, 0]
[0, 0, 0, 0, 0, 0, 0, 1]
[1, 0, 1, 0, 0, 0, 1, 0]
[1, 0, 1, 0, 0, 0, 1, 0]
[0, 0, 1, 0, 0, 0, 1, 0]
[1, 0, 1, 0, 0, 0, 1, 0]
[0, 0, 0, 0, 0, 0, 0, 1]
[0, 0, 1, 0, 0, 0, 1, 0]
[0, 0, 0, 0, 0, 0, 0, 1]
[0, 0, 0, 1, 0, 0, 0, 1]
[1, 0, 1, 0, 0, 0, 1, 0]
[0, 0, 1, 0, 0, 0, 1, 0]
[1, 0, 1, 0, 0, 0, 1, 0]
[0, 0, 1, 0, 0, 0, 1, 0]
[0, 0, 1, 0, 0, 0, 1, 0]
[0, 0, 0, 0, 0, 0, 0, 1]
[1, 0, 1, 0, 0, 0, 1, 0]
[0, 0, 1, 0, 0, 0, 1, 0]
[1, 0, 1, 0, 0, 0, 1, 0]
[1, 0, 1, 0, 0, 0, 1, 0]
[1, 0, 1, 0, 0, 0, 1, 0]
[1, 0, 1, 0, 0, 0, 1, 0]
[0, 0, 1, 0, 0, 0, 1, 0]
[0, 0, 1, 0, 0, 0, 1, 0]
[1, 0, 1, 0, 0, 0, 1, 0]
[0, 0, 1, 0, 0, 1, 1, 0]
[0, 0, 1, 0, 0, 0, 1, 0]
[1, 0, 1, 0, 0, 0, 1, 0]
[0, 0, 0, 0, 0, 0, 0, 1]
[0, 0, 1, 0, 0, 0, 1, 0]
[0, 0, 1, 0, 0, 0, 1, 0]
[0, 0, 1, 0, 0, 0, 1, 0]
[1, 0, 1, 0, 0, 0, 1, 0]
[1, 0, 1, 0, 0, 0, 1, 0]
[0, 1, 0, 0, 1, 0, 0, 1]
[0, 0, 1, 0, 0, 0, 1, 0]
[0, 0, 1, 0, 0, 0, 1, 0]
[0, 0, 0, 0, 0, 0, 0, 1]
[0, 0, 1, 0, 0, 0, 1, 0]
[0, 1, 0, 0, 1, 0, 0, 1]
[1, 0, 1, 0, 0, 0, 1, 0]
[1, 0, 1, 0, 0, 0, 1, 0]
[0, 0, 1, 0, 0, 0, 1, 0]
[0, 0, 1, 0, 0, 0, 1, 0]
[1, 0, 1, 0, 0, 0, 1, 0]
[0, 0, 0, 0, 0, 0, 0, 1]
[1, 0, 1, 0, 0, 0, 1, 0]
[0, 0, 1, 0, 0, 0, 1, 0]
[0, 0, 0, 0, 0, 0, 0, 1]
[1, 0, 1, 0, 0, 0, 1, 0]
[0, 0, 0, 0, 0, 0, 0, 1]
[0, 0, 0, 0, 0, 0, 0, 1]
[1, 0, 1, 0, 0, 0, 1, 0]
[1, 0, 1, 0, 0, 0, 1, 0]
[0, 0, 1, 0, 0, 0, 1, 0]
[1, 0, 1, 0, 0, 0, 1, 0]
[0, 1, 0, 0, 1, 0, 0, 1]
[0, 0, 1, 0, 0, 0, 1, 0]
[1, 0, 1, 0, 0, 0, 1, 0]
[0, 0, 0, 0, 0, 0, 0, 1]
[0, 0, 1, 0, 0, 1, 1, 0]
[1, 0, 1, 0, 0, 0, 1, 0]
[0, 0, 0, 0, 0, 0, 0, 1]
[0, 0, 1, 0, 0, 0, 1, 0]
[0, 0, 1, 0, 0, 0, 1, 0]
[0, 0, 0, 0, 0, 0, 0, 1]
[0, 0, 1, 0, 0, 0, 1, 0]
Genotipos:
[0, 0, 0, 0, 0, 0, 0, 1]
[2, 0, 2, 0, 0, 0, 2, 2]
[0, 0, 2, 0, 0, 2, 2, 2]
[2, 0, 1, 0, 0, 0, 1, 0]
[2, 0, 1, 0, 0, 2, 1, 0]
[0, 0, 1, 0, 0, 2, 1, 0]
[2, 0, 2, 0, 0, 0, 2, 2]
[0, 0, 0, 0, 0, 0, 0, 1]
[0, 2, 2, 0, 2, 0, 2, 2]
[0, 2, 2, 0, 2, 0, 2, 2]
[2, 0, 2, 0, 0, 0, 2, 2]
[0, 0, 2, 0, 0, 0, 2, 2]
[2, 0, 1, 0, 0, 0, 1, 0]
[2, 0, 2, 0, 0, 0, 2, 2]
[2, 0, 1, 0, 0, 0, 1, 0]
[2, 0, 2, 0, 0, 0, 2, 2]
[0, 0, 2, 0, 0, 0, 2, 2]
[2, 0, 2, 2, 0, 0, 2, 2]
[2, 0, 1, 0, 0, 0, 1, 0]
[0, 0, 1, 0, 0, 0, 1, 0]
[2, 0, 2, 0, 0, 0, 2, 2]
[2, 0, 1, 0, 0, 0, 1, 0]
[1, 0, 1, 0, 0, 0, 1, 0]
[2, 0, 1, 0, 0, 0, 1, 0]
[2, 0, 1, 0, 0, 0, 1, 0]
[0, 0, 1, 0, 0, 2, 1, 0]
[2, 0, 2, 0, 0, 0, 2, 2]
[0, 0, 1, 0, 0, 0, 1, 0]
[2, 0, 1, 0, 0, 0, 1, 0]
[2, 2, 2, 0, 2, 0, 2, 2]
[0, 0, 1, 0, 0, 0, 1, 0]
[0, 0, 2, 0, 0, 0, 2, 2]
[2, 2, 2, 0, 2, 0, 2, 2]
[2, 0, 1, 0, 0, 0, 1, 0]
[2, 0, 1, 0, 0, 0, 1, 0]
[2, 0, 2, 0, 0, 0, 2, 2]
[0, 0, 2, 0, 0, 0, 2, 2]
[2, 0, 2, 0, 0, 0, 2, 2]
[2, 0, 2, 0, 0, 0, 2, 2]
[2, 0, 1, 0, 0, 0, 1, 0]
[2, 2, 2, 0, 2, 0, 2, 2]
[2, 0, 1, 0, 0, 0, 1, 0]
[0, 0, 2, 0, 0, 2, 2, 2]
[2, 0, 2, 0, 0, 0, 2, 2]
[0, 0, 1, 0, 0, 0, 1, 0]
[0, 0, 2, 0, 0, 0, 2, 2]
Solving...
######
instances/ms_92_8.txt,0,46,8,0,0.044412000000000465,2366108,1191443
