Instancia:  instances/ms_92_4.txt
# Parámetros de la instancia
Número de haplotipos: 92
Número de genotipos: 46
Cantidad de sitios polimórficos: 4
Haplotipos:
[0, 0, 0, 0]
[0, 0, 0, 0]
[0, 0, 0, 0]
[0, 0, 0, 0]
[0, 0, 0, 0]
[0, 0, 0, 0]
[0, 0, 0, 0]
[0, 0, 0, 0]
[1, 0, 0, 0]
[0, 0, 0, 0]
[0, 0, 0, 0]
[0, 0, 0, 0]
[0, 1, 0, 0]
[0, 0, 0, 0]
[0, 0, 0, 0]
[0, 0, 0, 0]
[0, 0, 0, 0]
[0, 0, 0, 0]
[0, 0, 0, 0]
[0, 0, 0, 0]
[0, 0, 1, 1]
[0, 0, 0, 0]
[0, 1, 0, 0]
[0, 0, 0, 0]
[0, 0, 0, 0]
[0, 0, 0, 0]
[0, 0, 0, 0]
[0, 0, 0, 0]
[0, 0, 0, 0]
[1, 0, 0, 0]
[1, 0, 0, 0]
[0, 0, 1, 1]
[1, 0, 0, 0]
[0, 0, 0, 0]
[0, 0, 0, 0]
[0, 0, 0, 0]
[0, 0, 0, 0]
[0, 0, 0, 0]
[0, 1, 0, 0]
[0, 0, 0, 0]
[0, 0, 0, 0]
[0, 1, 0, 0]
[0, 0, 0, 0]
[1, 0, 0, 0]
[0, 1, 0, 0]
[0, 0, 0, 0]
[0, 1, 0, 0]
[0, 0, 0, 0]
[1, 0, 0, 0]
[0, 0, 0, 0]
[0, 0, 0, 0]
[0, 0, 1, 1]
[0, 0, 0, 0]
[0, 0, 1, 1]
[0, 0, 0, 0]
[0, 0, 0, 0]
[0, 0, 0, 0]
[0, 0, 0, 0]
[0, 0, 1, 1]
[1, 0, 0, 0]
[0, 0, 1, 1]
[1, 0, 0, 0]
[0, 0, 1, 1]
[1, 0, 0, 0]
[0, 0, 0, 0]
[0, 0, 1, 1]
[0, 0, 1, 1]
[0, 0, 0, 0]
[0, 0, 0, 0]
[0, 0, 1, 1]
[1, 0, 0, 0]
[0, 0, 0, 0]
[0, 0, 0, 0]
[0, 0, 0, 0]
[0, 0, 0, 0]
[0, 0, 0, 0]
[0, 0, 0, 0]
[0, 0, 0, 0]
[0, 0, 0, 0]
[0, 0, 1, 1]
[0, 0, 0, 0]
[1, 0, 0, 0]
[0, 0, 0, 0]
[0, 0, 0, 0]
[0, 0, 0, 0]
[0, 0, 0, 0]
[0, 0, 0, 0]
[0, 0, 0, 0]
[1, 0, 0, 0]
[0, 0, 0, 0]
[0, 0, 0, 0]
[1, 0, 0, 0]
Genotipos:
[0, 0, 0, 0]
[0, 0, 0, 0]
[0, 0, 0, 0]
[0, 0, 0, 0]
[2, 0, 0, 0]
[0, 0, 0, 0]
[0, 2, 0, 0]
[0, 0, 0, 0]
[0, 0, 0, 0]
[0, 0, 0, 0]
[0, 0, 2, 2]
[0, 2, 0, 0]
[0, 0, 0, 0]
[0, 0, 0, 0]
[2, 0, 0, 0]
[2, 0, 2, 2]
[2, 0, 0, 0]
[0, 0, 0, 0]
[0, 0, 0, 0]
[0, 2, 0, 0]
[0, 2, 0, 0]
[2, 0, 0, 0]
[0, 2, 0, 0]
[0, 2, 0, 0]
[2, 0, 0, 0]
[0, 0, 2, 2]
[0, 0, 2, 2]
[0, 0, 0, 0]
[0, 0, 0, 0]
[2, 0, 2, 2]
[2, 0, 2, 2]
[2, 0, 2, 2]
[0, 0, 2, 2]
[0, 0, 2, 2]
[0, 0, 2, 2]
[2, 0, 0, 0]
[0, 0, 0, 0]
[0, 0, 0, 0]
[0, 0, 0, 0]
[0, 0, 2, 2]
[2, 0, 0, 0]
[0, 0, 0, 0]
[0, 0, 0, 0]
[0, 0, 0, 0]
[2, 0, 0, 0]
[2, 0, 0, 0]
Solving...
######
instances/ms_92_4.txt,0,46,4,0,0.009257000000000029,2243850,218238
