Instancia:  instances/ms_92_16.txt
# Parámetros de la instancia
Número de haplotipos: 92
Número de genotipos: 46
Cantidad de sitios polimórficos: 16
Haplotipos:
[0, 0, 0, 0, 0, 0, 0, 1, 0, 0, 0, 0, 0, 0, 0, 0]
[0, 0, 0, 0, 0, 0, 0, 1, 0, 0, 0, 0, 0, 0, 0, 0]
[0, 0, 1, 1, 0, 1, 0, 0, 1, 0, 0, 0, 1, 0, 0, 0]
[0, 0, 0, 1, 0, 1, 0, 0, 1, 0, 0, 0, 1, 0, 1, 0]
[0, 1, 0, 1, 0, 1, 0, 0, 1, 0, 0, 0, 1, 0, 0, 0]
[0, 0, 0, 1, 0, 1, 0, 0, 1, 0, 0, 0, 1, 1, 0, 0]
[0, 0, 1, 1, 0, 1, 0, 0, 1, 0, 0, 0, 1, 0, 0, 0]
[0, 0, 0, 1, 0, 1, 1, 0, 1, 0, 0, 0, 1, 0, 0, 0]
[0, 0, 0, 1, 0, 1, 0, 0, 1, 0, 0, 0, 1, 0, 0, 0]
[0, 0, 0, 1, 0, 1, 0, 0, 1, 0, 0, 0, 1, 0, 1, 0]
[0, 0, 1, 1, 0, 1, 0, 0, 1, 0, 1, 1, 1, 0, 0, 1]
[0, 0, 0, 1, 0, 1, 1, 0, 1, 0, 0, 0, 1, 0, 0, 0]
[0, 0, 1, 1, 0, 1, 0, 0, 1, 0, 1, 0, 1, 0, 0, 0]
[0, 0, 1, 1, 0, 1, 0, 0, 1, 0, 0, 0, 1, 0, 0, 0]
[0, 0, 0, 1, 0, 1, 0, 0, 1, 0, 0, 0, 1, 0, 0, 0]
[0, 0, 0, 1, 0, 1, 0, 0, 1, 0, 0, 0, 1, 1, 0, 0]
[0, 0, 1, 1, 0, 1, 0, 0, 1, 0, 0, 0, 1, 0, 0, 0]
[0, 0, 0, 0, 0, 0, 0, 1, 0, 0, 0, 0, 0, 0, 0, 0]
[0, 0, 0, 0, 0, 0, 0, 1, 0, 0, 0, 0, 0, 0, 0, 0]
[0, 0, 0, 1, 0, 1, 0, 0, 1, 1, 0, 0, 1, 1, 0, 0]
[1, 0, 0, 0, 0, 1, 0, 0, 0, 0, 0, 0, 1, 0, 0, 0]
[0, 0, 1, 1, 0, 1, 0, 0, 1, 0, 0, 0, 1, 0, 0, 0]
[0, 0, 0, 1, 0, 1, 1, 0, 1, 0, 0, 0, 1, 0, 0, 0]
[0, 0, 0, 1, 0, 1, 0, 0, 1, 0, 0, 0, 1, 0, 0, 0]
[0, 0, 0, 1, 0, 1, 1, 0, 1, 0, 0, 0, 1, 0, 0, 0]
[0, 0, 1, 1, 0, 1, 0, 0, 1, 0, 0, 0, 1, 0, 0, 0]
[0, 0, 0, 1, 0, 1, 0, 0, 1, 0, 0, 0, 1, 0, 1, 0]
[0, 0, 0, 1, 0, 1, 0, 0, 1, 0, 0, 0, 1, 0, 0, 0]
[0, 0, 1, 1, 0, 1, 0, 0, 1, 0, 1, 0, 1, 0, 0, 0]
[0, 0, 1, 1, 0, 1, 0, 0, 1, 0, 0, 0, 1, 0, 0, 0]
[0, 0, 0, 1, 1, 1, 0, 0, 1, 0, 0, 0, 1, 1, 0, 0]
[0, 0, 0, 1, 0, 1, 0, 0, 1, 0, 0, 0, 1, 1, 0, 0]
[0, 0, 0, 0, 0, 0, 0, 1, 0, 0, 0, 0, 0, 0, 0, 0]
[0, 0, 0, 1, 0, 1, 0, 0, 1, 0, 0, 0, 1, 0, 0, 0]
[0, 0, 0, 1, 0, 1, 0, 0, 1, 0, 0, 0, 1, 0, 0, 0]
[0, 0, 1, 1, 0, 1, 0, 0, 1, 0, 0, 0, 1, 0, 0, 0]
[0, 0, 1, 1, 0, 1, 0, 0, 1, 0, 0, 0, 1, 0, 0, 0]
[0, 0, 0, 1, 0, 1, 0, 0, 1, 0, 0, 0, 1, 0, 0, 0]
[0, 0, 0, 1, 0, 1, 0, 0, 1, 0, 0, 0, 1, 0, 0, 0]
[0, 0, 0, 1, 0, 1, 0, 0, 1, 0, 0, 0, 1, 0, 0, 0]
[0, 0, 0, 1, 1, 1, 0, 0, 1, 0, 0, 0, 1, 1, 0, 0]
[0, 0, 0, 1, 0, 1, 0, 0, 1, 0, 0, 0, 1, 0, 0, 0]
[0, 0, 1, 1, 0, 1, 0, 0, 1, 0, 0, 0, 1, 0, 0, 0]
[0, 0, 0, 1, 0, 1, 1, 0, 1, 0, 0, 0, 1, 0, 0, 0]
[0, 0, 0, 1, 0, 1, 0, 0, 1, 0, 0, 0, 1, 0, 0, 0]
[0, 0, 0, 1, 0, 1, 0, 0, 1, 0, 0, 0, 1, 0, 0, 0]
[0, 0, 0, 1, 0, 1, 0, 0, 1, 0, 0, 0, 1, 0, 1, 0]
[0, 0, 0, 1, 0, 1, 1, 0, 1, 0, 0, 0, 1, 0, 0, 0]
[0, 0, 0, 1, 0, 1, 0, 0, 1, 0, 0, 0, 1, 1, 0, 0]
[0, 0, 0, 1, 0, 1, 0, 0, 1, 1, 0, 0, 1, 1, 0, 0]
[0, 0, 1, 1, 0, 1, 0, 0, 1, 0, 0, 0, 1, 0, 0, 0]
[0, 0, 0, 0, 0, 0, 0, 1, 0, 0, 0, 0, 0, 0, 0, 0]
[0, 0, 0, 1, 0, 1, 0, 0, 1, 0, 0, 0, 1, 0, 0, 0]
[0, 0, 0, 0, 0, 0, 0, 1, 0, 0, 0, 0, 0, 0, 0, 0]
[1, 0, 0, 0, 0, 1, 0, 0, 0, 0, 0, 0, 1, 0, 0, 0]
[0, 0, 0, 1, 0, 1, 0, 0, 1, 0, 0, 0, 1, 1, 0, 0]
[0, 0, 0, 1, 0, 1, 0, 0, 1, 0, 0, 0, 1, 0, 1, 0]
[0, 0, 0, 1, 0, 1, 1, 0, 1, 0, 0, 0, 1, 0, 0, 0]
[0, 0, 1, 1, 0, 1, 0, 0, 1, 0, 0, 0, 1, 0, 0, 0]
[0, 0, 0, 0, 0, 0, 0, 1, 0, 0, 0, 0, 0, 0, 0, 0]
[0, 0, 1, 1, 0, 1, 0, 0, 1, 0, 1, 0, 1, 0, 0, 0]
[1, 0, 0, 0, 0, 1, 0, 0, 0, 0, 0, 0, 1, 0, 0, 0]
[0, 0, 1, 1, 0, 1, 0, 0, 1, 0, 0, 0, 1, 0, 0, 0]
[0, 0, 1, 1, 0, 1, 0, 0, 1, 0, 0, 0, 1, 0, 0, 0]
[0, 0, 0, 1, 0, 1, 0, 0, 1, 0, 0, 0, 1, 1, 0, 0]
[1, 0, 0, 0, 0, 1, 0, 0, 0, 0, 0, 0, 1, 0, 0, 0]
[0, 0, 0, 0, 0, 0, 0, 1, 0, 0, 0, 0, 0, 0, 0, 0]
[0, 0, 0, 1, 0, 1, 0, 0, 1, 0, 0, 0, 1, 0, 0, 0]
[1, 0, 0, 0, 0, 1, 0, 0, 0, 0, 0, 0, 1, 0, 0, 0]
[0, 0, 1, 1, 0, 1, 0, 0, 1, 0, 0, 0, 1, 0, 0, 0]
[0, 0, 0, 0, 0, 0, 0, 1, 0, 0, 0, 0, 0, 0, 0, 0]
[0, 0, 0, 1, 1, 1, 0, 0, 1, 0, 0, 0, 1, 1, 0, 0]
[0, 0, 1, 1, 0, 1, 0, 0, 1, 0, 0, 0, 1, 0, 0, 0]
[0, 0, 0, 1, 0, 1, 0, 0, 1, 0, 0, 0, 1, 1, 0, 0]
[0, 0, 1, 1, 0, 1, 0, 0, 1, 0, 0, 0, 1, 0, 0, 0]
[0, 0, 0, 1, 0, 1, 0, 0, 1, 0, 0, 0, 1, 0, 0, 0]
[0, 0, 1, 1, 0, 1, 0, 0, 1, 0, 1, 0, 1, 0, 0, 0]
[0, 0, 0, 1, 0, 1, 0, 0, 1, 0, 0, 0, 1, 0, 0, 0]
[0, 0, 0, 1, 0, 1, 0, 0, 1, 0, 0, 0, 1, 1, 0, 0]
[0, 0, 1, 1, 0, 1, 0, 0, 1, 0, 0, 0, 1, 0, 0, 0]
[0, 0, 0, 1, 0, 1, 0, 0, 1, 0, 0, 0, 1, 0, 0, 0]
[0, 0, 1, 1, 0, 1, 0, 0, 1, 0, 0, 0, 1, 0, 0, 0]
[0, 0, 0, 1, 0, 1, 0, 0, 1, 0, 0, 0, 1, 0, 0, 0]
[0, 0, 1, 1, 0, 1, 0, 0, 1, 0, 0, 0, 1, 0, 0, 0]
[0, 0, 0, 1, 0, 1, 0, 0, 1, 0, 0, 0, 1, 0, 0, 0]
[0, 0, 1, 1, 0, 1, 0, 0, 1, 0, 0, 0, 1, 0, 0, 0]
[0, 0, 0, 1, 0, 1, 0, 0, 1, 0, 0, 0, 1, 0, 0, 0]
[0, 0, 1, 1, 0, 1, 0, 0, 1, 0, 0, 0, 1, 0, 0, 0]
[0, 0, 0, 1, 0, 1, 1, 0, 1, 0, 0, 0, 1, 0, 0, 0]
[0, 0, 0, 1, 0, 1, 0, 0, 1, 0, 0, 0, 1, 0, 1, 0]
[0, 0, 0, 1, 0, 1, 0, 0, 1, 0, 0, 0, 1, 0, 0, 0]
[0, 0, 1, 1, 0, 1, 0, 0, 1, 0, 0, 0, 1, 0, 0, 0]
Genotipos:
[0, 0, 0, 0, 0, 0, 0, 1, 0, 0, 0, 0, 0, 0, 0, 0]
[0, 0, 2, 1, 0, 1, 0, 0, 1, 0, 0, 0, 1, 0, 2, 0]
[0, 2, 0, 1, 0, 1, 0, 0, 1, 0, 0, 0, 1, 2, 0, 0]
[0, 0, 2, 1, 0, 1, 2, 0, 1, 0, 0, 0, 1, 0, 0, 0]
[0, 0, 0, 1, 0, 1, 0, 0, 1, 0, 0, 0, 1, 0, 2, 0]
[0, 0, 2, 1, 0, 1, 2, 0, 1, 0, 2, 2, 1, 0, 0, 2]
[0, 0, 1, 1, 0, 1, 0, 0, 1, 0, 2, 0, 1, 0, 0, 0]
[0, 0, 0, 1, 0, 1, 0, 0, 1, 0, 0, 0, 1, 2, 0, 0]
[0, 0, 2, 2, 0, 2, 0, 2, 2, 0, 0, 0, 2, 0, 0, 0]
[0, 0, 0, 2, 0, 2, 0, 2, 2, 2, 0, 0, 2, 2, 0, 0]
[2, 0, 2, 2, 0, 1, 0, 0, 2, 0, 0, 0, 1, 0, 0, 0]
[0, 0, 0, 1, 0, 1, 2, 0, 1, 0, 0, 0, 1, 0, 0, 0]
[0, 0, 2, 1, 0, 1, 2, 0, 1, 0, 0, 0, 1, 0, 0, 0]
[0, 0, 0, 1, 0, 1, 0, 0, 1, 0, 0, 0, 1, 0, 2, 0]
[0, 0, 1, 1, 0, 1, 0, 0, 1, 0, 2, 0, 1, 0, 0, 0]
[0, 0, 0, 1, 2, 1, 0, 0, 1, 0, 0, 0, 1, 1, 0, 0]
[0, 0, 0, 2, 0, 2, 0, 2, 2, 0, 0, 0, 2, 0, 0, 0]
[0, 0, 2, 1, 0, 1, 0, 0, 1, 0, 0, 0, 1, 0, 0, 0]
[0, 0, 2, 1, 0, 1, 0, 0, 1, 0, 0, 0, 1, 0, 0, 0]
[0, 0, 0, 1, 0, 1, 0, 0, 1, 0, 0, 0, 1, 0, 0, 0]
[0, 0, 0, 1, 2, 1, 0, 0, 1, 0, 0, 0, 1, 2, 0, 0]
[0, 0, 2, 1, 0, 1, 2, 0, 1, 0, 0, 0, 1, 0, 0, 0]
[0, 0, 0, 1, 0, 1, 0, 0, 1, 0, 0, 0, 1, 0, 0, 0]
[0, 0, 0, 1, 0, 1, 2, 0, 1, 0, 0, 0, 1, 0, 2, 0]
[0, 0, 0, 1, 0, 1, 0, 0, 1, 2, 0, 0, 1, 1, 0, 0]
[0, 0, 2, 2, 0, 2, 0, 2, 2, 0, 0, 0, 2, 0, 0, 0]
[0, 0, 0, 2, 0, 2, 0, 2, 2, 0, 0, 0, 2, 0, 0, 0]
[2, 0, 0, 2, 0, 1, 0, 0, 2, 0, 0, 0, 1, 2, 0, 0]
[0, 0, 0, 1, 0, 1, 2, 0, 1, 0, 0, 0, 1, 0, 2, 0]
[0, 0, 2, 2, 0, 2, 0, 2, 2, 0, 0, 0, 2, 0, 0, 0]
[2, 0, 2, 2, 0, 1, 0, 0, 2, 0, 2, 0, 1, 0, 0, 0]
[0, 0, 1, 1, 0, 1, 0, 0, 1, 0, 0, 0, 1, 0, 0, 0]
[2, 0, 0, 2, 0, 1, 0, 0, 2, 0, 0, 0, 1, 2, 0, 0]
[0, 0, 0, 2, 0, 2, 0, 2, 2, 0, 0, 0, 2, 0, 0, 0]
[2, 0, 2, 2, 0, 1, 0, 0, 2, 0, 0, 0, 1, 0, 0, 0]
[0, 0, 0, 2, 2, 2, 0, 2, 2, 0, 0, 0, 2, 2, 0, 0]
[0, 0, 2, 1, 0, 1, 0, 0, 1, 0, 0, 0, 1, 2, 0, 0]
[0, 0, 2, 1, 0, 1, 0, 0, 1, 0, 0, 0, 1, 0, 0, 0]
[0, 0, 2, 1, 0, 1, 0, 0, 1, 0, 2, 0, 1, 0, 0, 0]
[0, 0, 2, 1, 0, 1, 0, 0, 1, 0, 0, 0, 1, 2, 0, 0]
[0, 0, 2, 1, 0, 1, 0, 0, 1, 0, 0, 0, 1, 0, 0, 0]
[0, 0, 2, 1, 0, 1, 0, 0, 1, 0, 0, 0, 1, 0, 0, 0]
[0, 0, 2, 1, 0, 1, 0, 0, 1, 0, 0, 0, 1, 0, 0, 0]
[0, 0, 2, 1, 0, 1, 0, 0, 1, 0, 0, 0, 1, 0, 0, 0]
[0, 0, 0, 1, 0, 1, 2, 0, 1, 0, 0, 0, 1, 0, 2, 0]
[0, 0, 2, 1, 0, 1, 0, 0, 1, 0, 0, 0, 1, 0, 0, 0]
Solving...
######
instances/ms_92_16.txt,0,46,16,0,3.7047039999999996,2778618,2312932
