Instancia:  instances/ms_92_5.txt
# Parámetros de la instancia
Número de haplotipos: 92
Número de genotipos: 46
Cantidad de sitios polimórficos: 5
Haplotipos:
[0, 0, 0, 0, 0]
[0, 0, 0, 0, 0]
[0, 0, 1, 0, 0]
[0, 0, 0, 0, 0]
[0, 0, 0, 0, 0]
[0, 0, 0, 0, 0]
[0, 0, 0, 0, 0]
[0, 0, 0, 0, 0]
[0, 0, 0, 0, 0]
[0, 0, 1, 1, 0]
[0, 0, 0, 0, 0]
[0, 0, 0, 0, 0]
[0, 0, 0, 0, 0]
[0, 0, 0, 0, 0]
[0, 0, 0, 0, 0]
[0, 0, 1, 1, 0]
[0, 0, 0, 0, 0]
[0, 0, 1, 1, 0]
[0, 0, 0, 0, 0]
[0, 0, 0, 0, 0]
[0, 0, 0, 0, 0]
[0, 0, 0, 0, 0]
[0, 0, 1, 1, 0]
[0, 0, 1, 1, 0]
[0, 0, 0, 0, 0]
[0, 0, 1, 1, 0]
[0, 0, 1, 1, 0]
[0, 0, 0, 0, 0]
[0, 0, 1, 1, 0]
[0, 0, 0, 0, 0]
[0, 0, 1, 0, 0]
[0, 0, 0, 0, 0]
[0, 0, 0, 0, 0]
[0, 0, 0, 0, 0]
[0, 0, 0, 0, 0]
[0, 0, 0, 0, 0]
[0, 0, 0, 0, 0]
[0, 0, 1, 1, 0]
[0, 0, 1, 0, 0]
[0, 0, 0, 0, 0]
[0, 0, 0, 0, 0]
[0, 0, 0, 0, 0]
[0, 0, 1, 1, 0]
[0, 0, 0, 0, 0]
[0, 0, 0, 0, 0]
[0, 0, 0, 0, 0]
[0, 0, 0, 0, 0]
[0, 0, 1, 0, 0]
[0, 0, 1, 1, 0]
[0, 0, 0, 0, 0]
[0, 0, 1, 1, 0]
[0, 0, 0, 0, 0]
[0, 0, 1, 1, 0]
[0, 0, 0, 0, 0]
[0, 0, 0, 0, 0]
[0, 0, 0, 0, 0]
[0, 0, 0, 0, 0]
[0, 0, 0, 0, 0]
[0, 0, 1, 1, 0]
[0, 0, 0, 0, 0]
[0, 0, 0, 0, 0]
[0, 0, 0, 0, 0]
[0, 0, 1, 1, 0]
[0, 0, 0, 0, 0]
[0, 1, 0, 0, 1]
[0, 0, 0, 0, 0]
[0, 0, 1, 1, 0]
[0, 0, 1, 1, 0]
[0, 0, 1, 1, 0]
[0, 0, 0, 0, 0]
[0, 0, 0, 0, 0]
[0, 0, 0, 0, 0]
[0, 0, 1, 1, 0]
[0, 0, 0, 0, 0]
[0, 0, 0, 0, 0]
[0, 0, 0, 0, 0]
[0, 0, 0, 0, 0]
[0, 0, 0, 0, 0]
[0, 0, 0, 0, 0]
[0, 0, 0, 0, 0]
[0, 0, 1, 1, 0]
[0, 0, 0, 0, 0]
[0, 0, 0, 0, 0]
[0, 0, 0, 0, 0]
[1, 0, 0, 0, 0]
[0, 0, 0, 0, 0]
[0, 0, 0, 0, 0]
[0, 0, 0, 0, 0]
[0, 0, 1, 0, 0]
[0, 0, 1, 1, 0]
[0, 0, 1, 0, 0]
[0, 0, 1, 0, 0]
Genotipos:
[0, 0, 0, 0, 0]
[0, 0, 2, 0, 0]
[0, 0, 0, 0, 0]
[0, 0, 0, 0, 0]
[0, 0, 2, 2, 0]
[0, 0, 0, 0, 0]
[0, 0, 0, 0, 0]
[0, 0, 2, 2, 0]
[0, 0, 2, 2, 0]
[0, 0, 0, 0, 0]
[0, 0, 0, 0, 0]
[0, 0, 1, 1, 0]
[0, 0, 2, 2, 0]
[0, 0, 2, 2, 0]
[0, 0, 2, 2, 0]
[0, 0, 2, 0, 0]
[0, 0, 0, 0, 0]
[0, 0, 0, 0, 0]
[0, 0, 2, 2, 0]
[0, 0, 2, 0, 0]
[0, 0, 0, 0, 0]
[0, 0, 2, 2, 0]
[0, 0, 0, 0, 0]
[0, 0, 2, 0, 0]
[0, 0, 2, 2, 0]
[0, 0, 2, 2, 0]
[0, 0, 2, 2, 0]
[0, 0, 0, 0, 0]
[0, 0, 0, 0, 0]
[0, 0, 2, 2, 0]
[0, 0, 0, 0, 0]
[0, 0, 2, 2, 0]
[0, 2, 0, 0, 2]
[0, 0, 1, 1, 0]
[0, 0, 2, 2, 0]
[0, 0, 0, 0, 0]
[0, 0, 2, 2, 0]
[0, 0, 0, 0, 0]
[0, 0, 0, 0, 0]
[0, 0, 0, 0, 0]
[0, 0, 2, 2, 0]
[0, 0, 0, 0, 0]
[2, 0, 0, 0, 0]
[0, 0, 0, 0, 0]
[0, 0, 1, 2, 0]
[0, 0, 1, 0, 0]
Solving...
######
instances/ms_92_5.txt,0,46,5,0,0.3514700000000003,2296100,259020
