Instancia:  instances/ms_92_3.txt
# Parámetros de la instancia
Número de haplotipos: 92
Número de genotipos: 46
Cantidad de sitios polimórficos: 3
Haplotipos:
[0, 0, 0]
[0, 0, 0]
[0, 0, 0]
[1, 1, 0]
[1, 1, 0]
[0, 0, 0]
[1, 1, 0]
[0, 0, 0]
[0, 0, 0]
[0, 0, 1]
[0, 0, 0]
[0, 0, 0]
[1, 1, 0]
[0, 0, 0]
[0, 0, 0]
[0, 0, 0]
[1, 1, 0]
[0, 0, 0]
[0, 0, 0]
[1, 1, 0]
[0, 0, 1]
[0, 0, 0]
[0, 0, 0]
[0, 0, 0]
[0, 0, 0]
[0, 0, 0]
[1, 1, 0]
[0, 0, 0]
[1, 1, 0]
[0, 0, 0]
[0, 0, 0]
[0, 0, 0]
[0, 0, 0]
[0, 0, 0]
[0, 0, 0]
[1, 1, 0]
[0, 0, 0]
[0, 0, 0]
[0, 0, 0]
[0, 0, 0]
[0, 0, 0]
[0, 0, 0]
[0, 0, 0]
[0, 0, 0]
[0, 0, 0]
[0, 0, 0]
[0, 0, 0]
[0, 0, 0]
[1, 1, 0]
[0, 0, 0]
[0, 0, 0]
[0, 0, 0]
[0, 0, 0]
[0, 0, 0]
[1, 1, 0]
[1, 1, 0]
[0, 0, 1]
[0, 0, 0]
[1, 1, 0]
[1, 1, 0]
[0, 0, 0]
[0, 0, 0]
[0, 0, 0]
[1, 1, 0]
[0, 0, 0]
[1, 1, 0]
[0, 0, 0]
[0, 0, 0]
[1, 1, 0]
[0, 0, 0]
[0, 0, 0]
[0, 0, 0]
[0, 0, 0]
[0, 0, 0]
[1, 1, 0]
[1, 1, 0]
[0, 0, 0]
[1, 1, 0]
[0, 0, 0]
[0, 0, 0]
[1, 1, 0]
[0, 0, 0]
[0, 0, 1]
[0, 0, 0]
[0, 0, 0]
[0, 0, 0]
[1, 1, 0]
[0, 0, 0]
[0, 0, 0]
[0, 0, 0]
[0, 0, 0]
[0, 0, 0]
Genotipos:
[0, 0, 0]
[2, 2, 0]
[2, 2, 0]
[2, 2, 0]
[0, 0, 2]
[0, 0, 0]
[2, 2, 0]
[0, 0, 0]
[2, 2, 0]
[2, 2, 0]
[0, 0, 2]
[0, 0, 0]
[0, 0, 0]
[2, 2, 0]
[2, 2, 0]
[0, 0, 0]
[0, 0, 0]
[2, 2, 0]
[0, 0, 0]
[0, 0, 0]
[0, 0, 0]
[0, 0, 0]
[0, 0, 0]
[0, 0, 0]
[2, 2, 0]
[0, 0, 0]
[0, 0, 0]
[1, 1, 0]
[0, 0, 2]
[1, 1, 0]
[0, 0, 0]
[2, 2, 0]
[2, 2, 0]
[0, 0, 0]
[2, 2, 0]
[0, 0, 0]
[0, 0, 0]
[1, 1, 0]
[2, 2, 0]
[0, 0, 0]
[2, 2, 0]
[0, 0, 2]
[0, 0, 0]
[2, 2, 0]
[0, 0, 0]
[0, 0, 0]
Solving...
######
instances/ms_92_3.txt,0,46,3,0,0.1873169999999998,2198188,138825
