Instancia:  instances/ms_92_2.txt
# Parámetros de la instancia
Número de haplotipos: 92
Número de genotipos: 46
Cantidad de sitios polimórficos: 2
Haplotipos:
[1, 0]
[1, 0]
[1, 0]
[1, 0]
[1, 1]
[1, 0]
[1, 0]
[1, 1]
[1, 1]
[1, 1]
[1, 0]
[1, 0]
[1, 1]
[1, 1]
[1, 0]
[1, 0]
[1, 0]
[1, 1]
[1, 1]
[1, 0]
[1, 0]
[1, 0]
[1, 0]
[1, 0]
[1, 0]
[1, 0]
[1, 0]
[1, 0]
[1, 0]
[1, 0]
[1, 0]
[1, 1]
[1, 1]
[1, 0]
[1, 0]
[1, 0]
[1, 0]
[0, 0]
[1, 0]
[1, 1]
[1, 0]
[1, 1]
[1, 0]
[1, 0]
[1, 0]
[1, 0]
[1, 0]
[1, 1]
[1, 0]
[1, 0]
[1, 0]
[1, 0]
[1, 0]
[1, 0]
[1, 0]
[1, 0]
[1, 0]
[1, 0]
[1, 0]
[1, 0]
[1, 0]
[1, 0]
[1, 0]
[1, 1]
[1, 0]
[1, 0]
[1, 0]
[1, 0]
[1, 0]
[1, 0]
[1, 0]
[1, 0]
[1, 0]
[1, 1]
[1, 0]
[1, 1]
[1, 0]
[1, 1]
[1, 1]
[1, 0]
[1, 0]
[1, 0]
[0, 0]
[1, 0]
[1, 0]
[1, 0]
[1, 0]
[1, 1]
[1, 0]
[1, 0]
[1, 0]
[1, 0]
Genotipos:
[1, 0]
[1, 0]
[1, 2]
[1, 2]
[1, 1]
[1, 0]
[1, 1]
[1, 0]
[1, 2]
[1, 2]
[1, 0]
[1, 0]
[1, 0]
[1, 0]
[1, 0]
[1, 2]
[1, 2]
[1, 0]
[2, 0]
[1, 2]
[1, 2]
[1, 0]
[1, 0]
[1, 2]
[1, 0]
[1, 0]
[1, 0]
[1, 0]
[1, 0]
[1, 0]
[1, 0]
[1, 2]
[1, 0]
[1, 0]
[1, 0]
[1, 0]
[1, 2]
[1, 2]
[1, 2]
[1, 2]
[1, 0]
[2, 0]
[1, 0]
[1, 2]
[1, 0]
[1, 0]
Solving...
######
instances/ms_92_2.txt,0,46,2,0,0.06204900000000005,2167898,46940
